0,0,20.07598983281115,45.22291192537851,25.54733613282838,49.54869851403038,45.77606979141117,29.52584448194359,32.66426562854008,44.02001046202951,18.31511605839394,15.95178383077177,19.99674110619885,36.59610175812843,45.56456645248635,23.89794167730583,41.67002300230595,26.40963002885582,14.45434194593098,49.28830237714408,41.91979010994376,3.97292948685108,11.84598471811651,49.43978693619726,29.6739267402389,18.4003147976573,46.92818629179903,39.34785522186133,41.24656464472918,24.24188601893396,18.1087637443517,40.2656537424964,28.18411807863704,15.08655563971392,33.61643326120621,7.479542614365307,20.11368463119411,22.27881011478857,36.23966815771099,32.74137518021351,39.02600392073773,46.78224706674098,42.0345848595829,45.40345992635427,24.33914175431815,33.32472293191089,41.32505242826647,33.27692030533315,15.05243083361624,30.117947533201,29.57639320630625,28.62138762699398,21.11604847750082,26.4402291488074,17.20993388638593,36.39205165570623,8.956925072160804,48.00876231094853,7.373767281130384,37.04781352820047,25.5487490403377,15.32124181177783,42.03498691719172,46.53590780307663,34.08858346111655,6.434538762289514,50.13718023226268,27.61802392473597,6.054898625679765,49.91029440596178,9.750137199215596,11.29556550809066,42.07435127746567,20.44192197446715,5.051209505312589,10.43543079273976,36.20444759651582,34.43811614152586,29.54684204693131,41.98585015375168,37.82318207342819,30.83383925342279,35.76686923139921,35.74132645892939,33.03409845309365,30.17652246870663,12.82283984204716,13.05010541943811,45.215378033904,33.71398693996149,47.62608924736154,38.65612178355128,40.88888013516911,4.733819677783934,24.45095211344581,23.09135547982562,14.24656487931744,24.83437011191579,28.68230424121617,23.28322850412015,43.82457603985238
89,20.07598983281115,0,47.63952748981929,39.42729771129067,44.04831821893235,49.83511166625738,44.06749038980039,25.97980502791521,31.98851144002865,12.92730245369765,33.731507986106,38.33882780053314,23.83217365168404,36.66881806027506,34.62250640055564,46.50254752657693,10.65570608379587,24.02897130687332,45.70335380321213,27.13131441401804,17.29645166741208,25.33952921761461,51.18744445834267,17.11783028559624,21.37430050799583,45.73578217407808,47.56850123581773,48.7577028938289,4.808507518285782,1.969273500273254,25.43424167453527,39.10189906070764,4.991265571979496,39.10248357144513,14.36953025953117,36.94959287270989,13.741337285958,44.92922418097061,16.319942968168,28.92374396994009,52.03059731141419,43.48151785698532,42.34478062745361,23.39628816728586,17.94411597150366,39.68872985567963,21.19123880233101,13.10219985626639,11.25883397588353,14.18568537790368,30.38919451340177,28.96990787916177,22.9747596099883,29.25123538173629,38.2319828006185,28.17494604477571,48.4406803968,26.49597138377043,20.06706153544418,32.78125689668686,31.87793328751745,34.72759185518686,39.28648369635469,45.46810144672939,14.16907133773131,48.91728128349291,13.68632101649354,23.76596033746261,41.26957575852674,10.36841616141918,29.08193500036592,29.33267067866607,35.38978496591384,16.13881649496352,14.30956637304947,47.20638593480839,46.68735112529901,43.39892363514932,47.72083303056141,47.15636357945252,38.43635370199037,35.72860880582936,31.94815684948402,42.72579910184947,34.23255049986565,7.254281949342237,19.07950910030317,40.39829389772707,46.64795780389933,36.49863678820451,30.30403957669667,37.39015476994818,21.9259908309734,39.74615434202893,8.080330473670644,8.922156682425667,38.20189158979229,22.73357720700088,3.218434740758724,50.96002072725283
98,45.22291192537851,47.63952748981929,0,28.26724702947094,18.44038396901741,4.148709092651285,29.45995154063428,24.44677230220789,32.40098380904481,34.87331104927536,38.15988981101273,39.88335796757311,33.8273273001387,25.54509538940487,23.97364389776029,6.030692125622156,40.67800580106399,30.78465035974228,14.0864650571313,38.41772660791239,42.40174997222383,34.12199635561831,4.285532970354333,34.95637555019044,28.14921877519452,8.342266807624732,13.79509538110205,12.0493071819469,46.70323219886971,47.11248935047261,38.2592045591061,22.07922980360587,46.35764476807099,12.18865223307071,49.0871408634234,35.54975298812136,34.14459074952288,15.32126514213236,41.11337531502294,28.3207925433472,7.519349856828655,4.345025794518826,12.5870373213092,24.317283271307,39.07841645170162,10.6650801635355,33.13228572455985,35.86179984038409,46.17042338296387,39.46698662533336,17.62172104168744,24.25663865660933,24.80704532459696,29.4472320252222,9.470228728394984,42.27990190274244,5.03551855959761,42.18766533719363,42.77518823621865,20.07090553966952,35.72757430179853,22.19919290602819,21.94838899797354,21.54731535520133,47.16899451041922,9.248634626392004,37.7008188460957,40.52433573731606,25.67560668924501,44.66297323544106,38.87601053318711,33.78173002154463,31.51973023799134,42.17815569273956,38.0413792449206,20.55000267705235,23.65084347945444,27.7183277494574,7.864703411596389,16.49283162879877,16.18088018095213,12.09829195666215,17.87563826438702,18.18347182445307,15.06234582685191,45.87660965228404,33.04880985528733,16.51552492705791,25.38621457741802,30.92707155805669,24.95116648926577,14.63230751923881,40.89162690970089,31.52346430977554,40.89882824810085,40.36835822384754,27.4397215787598,26.00266121055378,48.51874103848372,11.38443978667397
27,25.54733613282838,39.42729771129067,28.26724702947094,0,41.38848802077194,26.71458751208826,4.681491019300257,32.43040222682833,45.77804180022033,28.75561130855721,11.77968227546795,11.94797604471892,41.67164517075671,42.83651323009025,6.890481868544093,22.68315341240119,39.11165004855862,15.4530194916273,38.76581598088692,47.89318350951056,25.00395585863691,14.64703895926545,32.32179423661003,37.54919730205683,20.23347169248193,34.01179685089259,16.90857456300843,19.20089778217659,41.49008179118523,37.87239915060608,46.74566772222829,6.222966363414874,35.50107564543985,16.86425118610718,32.33633102235122,7.912059387541174,31.37605347267743,14.00843596556542,43.5627384381642,39.96923912147106,26.1725810656376,27.2316367983883,35.28437517563664,23.59191087704979,42.70501335883421,30.75030027052762,38.91277593860659,26.90822888597269,44.88986611687349,40.45024897175571,20.56123844448151,12.72138527307051,26.72588287136549,10.18003765967821,23.31915775460154,18.41332182949397,32.79762307584444,19.24072566415263,47.30726575177904,12.38023551398031,10.6736629025739,38.41344807773478,41.42007633663264,9.387268298891955,30.66428349360557,36.45851409829911,37.95642461343996,19.49669479175179,45.69934209651908,30.98789389679646,14.91850968045045,45.31170021649461,5.211457802492635,25.61282800585855,25.19480821367721,11.5429362252876,9.106529874524846,4.081821210976448,21.81937678062246,14.48593544656194,12.53617129828439,25.51888220791348,30.35294472100496,10.52710766700547,17.69175209125482,33.76751574030774,20.45384396116249,37.39057050259237,8.184519128182483,47.23999882323289,37.59661383006178,32.86743110100748,20.94396317115752,3.256762683861048,37.03164346264824,30.5359243053927,1.474930586766261,30.0796401200185,41.95617093770649,21.70843746186764
39,49.54869851403038,44.04831821893235,18.44038396901741,41.38848802077194,0,22.56035441310367,44.05188092761496,18.24021141962556,17.68471011346639,33.55867838839806,48.25588163585876,51.33719192083822,22.87361616456787,9.829929528913652,35.20102934578239,23.54588003928031,34.34679518412904,36.82457128163366,4.667590355420156,25.02837836945965,45.86518032957294,41.09723283331871,17.95740138717557,27.53014855486303,31.2510681386315,10.14013241518165,31.08675840265279,29.83924369031102,41.34383932293553,44.30104397706598,25.58313696103187,35.46475317296172,44.7577103832394,24.9980411329132,50.78876103312472,47.06926526094619,30.86135580319505,31.55747672441417,31.91689065207613,16.47509323894416,25.8825352099165,16.09957553568024,6.381526576065552,25.20980888798732,29.59657540777111,10.68322824968253,24.01227024170001,36.00773138477609,38.33259582115652,31.72336793457373,22.45450722946679,32.14853926084935,23.34721907311265,38.15119399957953,18.18278439536423,49.91767827415766,14.22329360443937,49.22152023025848,31.78693619447562,29.72151161702831,45.37241796450859,9.525516878568286,5.718109135558241,37.43028326191831,49.06058773652509,10.77397609475832,31.00163549249248,46.66639654314573,7.799145336384253,45.25370764055948,47.19367853581552,20.06035794523722,42.84234100720627,45.17410051175557,39.87750046851951,37.07917505641958,39.69864640842815,42.28771982999249,25.71787424339111,33.40624829112272,29.13983472097078,15.99357251135889,13.80757875663761,33.33273608437884,23.8606199956008,45.19145632997014,36.5402102362121,4.38154179577749,41.23207121052624,14.46779340153063,14.04657200545616,9.000920647523168,46.28439801813602,44.44938043869242,36.06203874785036,39.60372835741726,40.15649009489861,21.98087592503927,43.67345522262249,29.67352742261085
21,45.77606979141117,49.83511166625738,4.148709092651285,26.71458751208826,22.56035441310367,0,27.29705820577093,27.73729138140701,36.36537248383005,36.94215213859841,37.31908619042574,38.5801288652051,37.40530887372353,29.63351482822604,23.31624881998149,4.21611637576802,43.48046437880238,31.34970608420283,18.14706427898525,42.20182060085344,43.22605018871652,34.30354970724878,6.252677198969349,38.05249611734549,29.56947199749429,12.4329997974464,10.85883450000048,8.79539829630737,49.23347939281064,49.17002874990806,41.96774723496763,20.71112988956934,48.19277744168022,12.16127909965686,50.17369162586117,34.32860680971738,36.60056237532027,13.0014396088731,44.34206254579072,32.09942370181769,3.377951854172382,7.874352378126281,16.7336421316107,26.44408978660499,42.37966590904206,14.57819158354604,36.5022756925452,37.60646064753384,49.11990713204993,42.51267925396871,19.46537057079803,24.66023180449907,27.35042044527604,29.32351154798635,11.78132464251721,42.04643928102549,8.738141235893664,42.11959620936379,46.22584247044787,20.247596893586,35.09033619403404,26.18532239618653,26.08149090247008,19.07194614252888,48.24963863795983,12.94602686930636,40.6242669960174,40.73264924652089,29.82429274769844,46.08061152168013,38.5378789374628,37.64698122589902,30.48599910226605,43.11737520379807,39.35622439019649,17.77442250734352,21.01776085065633,25.61584251925873,4.996479754848246,13.66661164768874,15.48403414778636,15.03973298726948,21.32850495540366,16.26038514961539,16.11802102989426,47.53627747909192,34.1557556285165,20.64905560006577,22.79692109004138,35.01866147970677,28.73029491986996,18.55930727245364,41.282568023859,29.93450745732004,43.4475789823932,42.16907157185957,26.06995628725479,28.90609037668253,50.9290702664594,7.595607582332165
80,29.52584448194359,44.06749038980039,29.45995154063428,4.681491019300257,44.05188092761496,27.29705820577093,0,36.44981351745322,49.67462124633332,33.42531572721204,14.61486295709171,13.27381629386536,45.92581706721353,46.28196065070498,11.08441585997413,23.56209026722586,43.75703151254343,20.1244291211475,41.07071805992591,52.12629434042966,29.29751984495514,19.09806895452832,33.26489279197864,42.0377460897484,24.84355971982541,35.98568251140827,16.70933267414754,19.00606008817189,46.16926420442547,42.49247467583331,51.02983188179086,8.734532232567325,40.08004577813158,19.08582943452219,36.52874538904766,10.2288041447371,35.9935792599566,14.29989230776292,48.12017954271749,43.90046053982226,26.17977390830642,29.08995206197233,37.79389447114789,27.91235272089161,47.20665618161068,33.36951444218916,43.25139716954584,31.58876930251574,49.55264828984949,45.03449805376177,24.27073450829296,17.1745498676541,30.9939268586301,14.83977411622339,25.8697350579037,21.78269306229663,34.25959996958866,22.82372312370816,51.81049154289895,16.18604317885303,14.27144290596615,41.85920530440425,44.57201822185505,8.378019919827343,34.9170617455261,38.15719893765254,42.54362704583259,23.48336006017693,48.87659657433078,35.4710918495254,18.49357332845111,49.35643558249686,9.148274699669894,29.97413514878813,29.80692195392776,10.18677438403919,6.994608891982856,1.777366369651021,22.30087031653526,13.96967674726722,14.9196691517415,28.49676873107797,33.85124099765405,11.28970687723743,20.90015357918419,38.30519485525141,25.1260518108706,40.2377813684754,5.40383179374192,50.87890871615515,41.37668323887259,35.85354837175302,25.04669347945081,5.151345284077877,41.70521782264318,35.18858389852909,6.04906610214489,34.31786725822812,46.61999306466513,21.28076297409797
78,32.66426562854008,25.97980502791521,24.44677230220789,32.43040222682833,18.24021141962556,27.73729138140701,36.44981351745322,0,13.44081866542027,15.4850074412612,35.31080055490277,39.32145618892346,10.25139431881676,12.91829022403551,25.54160547680431,25.71475636688092,17.00722991470371,22.18351912717165,19.74013968278561,16.0860077588966,28.77868362886016,26.50608529176604,27.11686487455173,10.66515102433675,15.57285110537345,20.41500955523818,30.30084728386939,30.39345765645345,23.73561184011002,26.11850426470494,15.30985096556083,28.07556261239018,26.51806784116354,21.12767160615889,32.92763458308116,35.57598459804554,12.62114808776247,28.92379267303035,16.66739301389602,7.620013463252818,30.71582553440228,20.11250006093766,16.52276325823659,9.674220305122709,14.64863865121378,14.63781048088941,8.785986787500857,18.20663407901262,22.01423087139688,15.20708297750367,12.47196902136295,20.15560182988545,6.649941225239421,25.42511042545783,16.43028611995175,34.91118079899429,23.77412228057236,33.86390818941953,18.55763555928579,20.27453347962305,32.36218684757042,9.50747238530796,14.1411522179606,32.81476944608394,31.29014010499069,23.42597324134464,13.76328926925784,30.93993482719123,17.25654642579233,27.25435939212628,32.91308525751689,12.90671365840718,31.73278314769846,27.9254823773411,22.45299782893011,33.55685394278583,34.89563547542874,34.93377187499974,27.62216949347075,31.35368795978614,23.35693332926964,12.78268854652659,6.673784292718223,28.68608101261627,16.75172283094609,26.99827171310493,20.22908574916422,14.4282232684477,35.84927897766071,15.74634743222878,6.093902058216846,11.65072549113917,30.14273706938233,34.78026699567109,18.15989189031567,21.47204379554719,30.96954850332276,3.998360114484729,25.92419757041542,31.74487763347477
67,44.02001046202951,31.98851144002865,32.40098380904481,45.77804180022033,17.68471011346639,36.36537248383005,49.67462124633332,13.44081866542027,0,25.74198660913387,48.55897497572268,52.67226738582542,8.166186193149953,7.85783352778832,38.88941371475833,35.58951853555959,21.33860193619203,35.26195769560741,21.70552390857355,7.488974362961014,40.0471906005378,39.48908951648284,33.59117202396374,15.21584164711496,28.53932040361131,25.5122601748655,41.60824670014937,41.20379022816939,28.09412542350836,32.89784733030841,8.395967861077294,41.14152502887961,34.38279718243166,32.98955441035537,42.64521748928647,48.99005547994328,21.87354586067217,40.80165854322838,16.68843664993358,5.825147959529644,39.68573081090902,28.55370818740982,20.60436070896603,22.98741989261369,14.52619527187649,21.78758228912092,11.13697133128999,28.9715481429847,23.38066241921322,17.89520138337796,25.43123750157958,33.59607106998924,19.82777810315432,38.80487990131292,26.97598292444245,47.5446860245638,29.73945514951899,46.34840562650373,15.14371363289064,33.49882156308904,45.63018154859974,10.2067108626951,12.01881549571725,45.38491262748056,41.30752915482884,27.46361763490428,18.39972939986792,43.29257917499473,11.24950105075344,36.82424158137344,45.86576873186087,2.867238951346843,45.17150379944453,39.02131426447801,33.58686523888733,45.85405536539751,47.55884537037914,48.10500181164276,37.73718460585243,43.13608963622977,35.91661993202533,23.24450523244679,16.55563415982363,41.14753135528843,29.28897286217666,35.5905841589699,32.6165224993381,16.69048047495365,48.66425248690581,4.686569959376738,8.45663978868801,17.80737006119856,42.24636229839572,48.1953083270884,24.14062300246183,30.87283800849487,44.32667681333758,16.58868754485579,30.5779456200517,42.00419566552042
60,18.31511605839394,12.92730245369765,34.87331104927536,28.75561130855721,33.55867838839806,36.94215213859841,33.42531572721204,15.4850074412612,25.74198660913387,0,26.21079353190555,30.84347902532706,18.30489079690483,27.98373021902088,23.02046734192698,33.575986537041,10.51875959586277,13.67961620861402,34.41505927910025,23.83313596241325,14.34656893662054,16.6890091089925,38.55003218036691,11.5583406490341,8.980134013804028,33.65243902320005,34.85552968023591,35.94553069506456,13.2853245056256,12.24570698942212,22.23204135655365,27.26542577938132,11.67867958060121,26.21833407273052,17.48653623585296,28.28071246101015,4.004075451642629,32.33504060890201,15.92988578029316,20.9617871849762,39.10460320278362,30.79628004256869,30.78274522259009,10.55692781622765,15.86741844483557,27.59715790373603,14.97783783010975,3.300555222355359,16.14642064061002,12.6183375626581,17.48023709729099,16.95770433303735,10.70778078523913,18.86600435237397,25.42143996096927,23.05718699195182,36.00924697408881,21.61975339466007,20.1483763064251,20.30930499750247,23.66126853553311,24.96840893484716,29.61715302273727,33.49997180918587,15.91888366962877,36.89859504643007,10.24460279918806,18.46808530103457,32.50657770467036,11.77135216712813,22.33978130227049,23.75923654580081,25.65534082400439,13.29035978503997,7.933818861459554,35.07390397123559,34.9580976982174,32.46108839115568,34.80156697291203,34.63511125022634,25.81249271635892,23.14964831475763,20.32930186401557,30.39429077498173,21.31809958098023,11.71737877263735,9.027422646383283,29.50064269419968,35.17023540470892,29.50364962800255,21.07310638158414,25.8554032642285,17.10570775292442,29.80263755756112,8.290114926825758,6.059160085177296,27.3815896487897,11.59189068465695,14.43221699921958,38.09734196445691
26,15.95178383077177,33.731507986106,38.15988981101273,11.77968227546795,48.25588163585876,37.31908619042574,14.61486295709171,35.31080055490277,48.55897497572268,26.21079353190555,0,4.684489063750148,42.76930931003071,47.45745923357168,14.19117929164433,33.13190182613801,36.55413614930734,13.39648389115946,46.50612474121596,48.87554856398462,16.91433482975548,9.559872639160295,42.39708464993138,37.110699593861,20.10860126174072,42.54112664244258,28.33655650868124,30.56872825145769,36.91959079894478,31.89711976767478,47.45127196868723,16.80767477781783,29.07689670531621,26.02834117023222,23.37344430191903,4.435866936044383,29.80864389914244,25.28799389738836,42.12959138901743,42.8329477690455,37.26498574277939,36.23333927427257,42.72120143110894,25.63789484571338,41.89336823201463,38.15570541694184,39.59227618793174,23.37919273399771,41.66245547346373,38.82285544508252,25.85207489170614,16.13916667333905,28.74710883285469,10.18058743476056,31.33547194794835,7.369191128220203,42.18222038750829,8.683402510992003,46.3036660721192,18.89036738506067,2.961557554605398,43.21516823475943,47.00840624252447,21.16461645217941,22.04947179310458,45.37212429513553,36.41384733790995,10.34410060021999,51.06747456409529,23.84263764680661,4.777659417500421,47.41474682009444,6.943116169790981,17.90214485577663,19.91484699871772,23.32254766506851,20.76773619290991,15.16174255915317,32.66001572181333,26.09823942823168,22.00064310104367,32.42511985928569,35.42818082770069,21.7541653469265,24.84055254140297,26.97809440270412,17.2333987615583,43.95631420379526,19.59301705384342,51.02025238564126,41.21892236590919,39.28720717908762,12.17914666167491,9.51763050413965,33.75704054169741,25.56191842444506,11.78171351969418,31.97583479274773,36.70791045564997,33.14346945204833
81,19.99674110619885,38.33882780053314,39.88335796757311,11.94797604471892,51.33719192083822,38.5801288652051,13.27381629386536,39.32145618892346,52.67226738582542,30.84347902532706,4.684489063750148,0,47.1273198970972,51.17426379496178,16.36526523901634,34.48777458572419,41.2179760232566,17.77993665072224,49.2681539094326,53.27327296983313,21.35790702355573,14.15931739450111,44.02822260183611,41.62712938121021,24.412694076051,44.96247271781436,28.83495593381627,31.13523685915614,41.58654799425859,36.48678860621003,51.87954794093432,17.88412279282306,33.63426107362621,28.01418773999532,27.47535834337096,4.366908471954352,34.39143953549896,25.95640747564987,46.74633309504436,46.90154721908986,38.11961171263743,38.40301557426191,45.57358800887393,29.68724611839309,46.46243398560559,40.98607173434347,43.99113300783975,28.04679343645322,46.34613039529741,43.44414790983237,29.16863627639989,19.58575527144856,32.84738977135927,13.90582631377636,33.87169874095592,11.07085087813781,44.20020225843908,12.6233430060544,50.89945764423366,21.63863923408558,7.248053551455609,46.86242911069073,50.47169391158636,20.98163244957338,26.27726490886942,47.63525294046322,41.02246805766465,14.7449234060096,54.61152441527876,28.34718325930002,9.264907505267175,51.64109044352545,8.573747358212088,22.39500087573457,24.59457128259722,23.04062118270252,20.09432296733558,14.32393569651542,33.7288372400882,26.33925324989905,23.77381088951293,35.36816001524575,38.94193790811183,22.46819703248289,27.57699090176438,31.5048139723206,21.8396999637021,47.11114728707943,18.63861979453159,54.94591562068658,45.12483139204433,42.45427834393125,16.60358778573134,8.889966990370008,38.43715524449205,30.23623419719242,12.51193824187768,36.13517505967717,41.33988945658067,33.62060707687583
41,36.59610175812843,23.83217365168404,33.8273273001387,41.67164517075671,22.87361616456787,37.40530887372353,45.92581706721353,10.25139431881676,8.166186193149953,18.30489079690483,42.76930931003071,47.1273198970972,0,13.78350931335961,34.86231082799408,35.72414987932083,13.19301922345446,29.37782362263917,25.99701825087332,6.232335407827556,32.63661429634716,33.37099400182915,35.94249573981752,7.160778305634749,22.71676033615286,28.40790413620522,40.54882646112841,40.6017357804959,20.03475687436366,24.73237472283189,5.141034740626079,37.83071328431718,26.25969285759643,31.3761624751967,34.7201851613553,43.77476284246094,14.31913343358866,39.15904990769737,9.160569711673327,6.410980322816256,40.52151334130247,29.58927816116967,23.78083431498867,18.09234776451438,6.85063973062914,23.36722716363437,3.33107434688331,21.59952495859186,15.79595952345727,9.819305982471255,22.52539915512657,29.019952570074,14.94656039152227,33.5535964104167,26.49906281280202,40.9048987083905,32.2956922782233,39.58873017160786,9.180192579535246,29.92747981851842,39.92349622169322,13.56055898616038,17.31207423250024,42.87176209116856,33.462018359456,30.98532369228767,10.23807683759294,36.46660117398021,18.14931114728966,28.92282640313276,39.60506847794498,5.655853437763401,40.25927939043282,31.55252269767784,26.23801686920753,43.70554759418636,44.89904960922878,44.50404612441729,37.7007642756241,41.59346650295726,33.47133086736339,22.75955731909093,16.09810414252741,38.80439148012635,26.9234337634379,27.53462813887605,26.04440419613878,20.45699593476135,45.75895422810171,12.68423949802803,9.362965686179036,19.65160573758069,35.25606040443665,43.72218160584512,15.97888963020546,23.02329820486862,40.1968713436104,11.60794996594413,22.51278554336593,41.87365531629234
44,45.56456645248635,36.66881806027506,25.54509538940487,42.83651323009025,9.829929528913652,29.63351482822604,46.28196065070498,12.91829022403551,7.85783352778832,27.98373021902088,47.45745923357168,51.17426379496178,13.78350931335961,0,36.08755106238466,29.43286359846343,26.34567723721493,34.71154525395113,13.90943774463919,15.22131927718103,41.66137655194597,39.07666583503023,26.2578799114849,19.58601250624682,28.28631358974063,18.10317383301961,36.12517264585743,35.40190360936195,33.36973785237177,37.23931494698079,15.86262106855384,37.55960476672743,38.20389579081489,28.2350316114657,45.45479874660709,47.17569816801991,24.59332171775426,35.78648238755471,22.94279426167956,7.776714857021499,33.00409650833598,22.05282205380292,13.22384059057445,22.17101188219442,20.63395536160241,15.29293946162847,15.63601140899012,30.9176664924409,29.56721811656375,23.305255664542,22.33998652776126,31.60580311909712,19.42040852639907,37.33714597884385,21.6385871827839,47.65020425365891,22.38454249322608,46.66726868697028,22.28732127709409,30.48305863762217,44.49641089998165,4.426025618571384,4.172663646008438,40.96533508275893,43.90172198040193,19.79228397274602,23.0789052279056,43.79210882735967,4.615173101981921,39.68230143798264,45.45877882162703,10.27572927919146,43.1074709505274,40.77992918247252,35.2888803930583,41.11737097332159,43.21429360686549,44.60536576131736,31.63538148642885,37.98078073263581,31.74149570951918,18.20748698148136,12.48411735969955,36.69834626197803,25.3909275345586,39.02858732332489,33.11415633196842,9.209678970659088,44.51020787531123,5.385668574754831,6.931942521667048,11.49714561668221,43.04167901299599,45.57324429563355,28.59139460640035,33.75801954846432,41.44936023482926,16.88358535159206,35.80312608521053,35.86649733872925
43,23.89794167730583,34.62250640055564,23.97364389776029,6.890481868544093,35.20102934578239,23.31624881998149,11.08441585997413,25.54160547680431,38.88941371475833,23.02046734192698,14.19117929164433,16.36526523901634,34.86231082799408,36.08755106238466,0,19.10281297427418,33.08777729756783,10.91759998738794,32.94022604021718,41.07286870579835,22.31921459786093,12.06060961805755,28.22038826653485,31.0056707405335,14.14337899112504,28.60582111662621,15.49327534301788,17.48969840854239,36.13708646913015,33.24989060531906,39.95719421392359,4.570379902181714,31.19147560471622,11.84140665072291,29.75826701964044,12.01119135104263,25.22913104962818,12.36719651859652,37.1684299391099,33.07927808735904,23.61589229149198,22.124037179066,29.29357676150906,16.82831027992058,36.18232164528402,24.70956121526602,32.16757869771625,21.65192043916899,38.9827303147841,34.14187743540894,13.75639751951125,6.206925338246332,19.92066700048157,6.689923598120273,17.51106426230686,18.83936059727837,28.02292314121461,19.08678912043941,40.78445464125459,5.62058603573441,11.79448300714297,31.67386873346305,34.84847334579744,10.93993645400931,27.92370117794742,31.32507644669159,31.66346299482767,18.21193605969724,39.09732621398793,27.28765988605432,15.27801053440431,38.42796274923632,7.793407988544409,22.63019192912565,20.87560344527459,12.848818450346,12.06691319878533,9.773441946793234,18.87130782108852,13.943230355518,7.858808470229484,19.21232395872551,23.61062056990094,9.147420094024344,11.34074073036553,29.72745892598207,15.61408561687814,31.07234753524533,12.15412106285348,40.40478940543208,30.72857242450726,26.46817580232098,19.17437810131229,9.487544613171147,31.28988674631154,25.72245672579576,5.437923863847201,23.25683560395695,36.8810752514673,20.09519732081926
72,41.67002300230595,46.50254752657693,6.030692125622156,22.68315341240119,23.54588003928031,4.21611637576802,23.56209026722586,25.71475636688092,35.58951853555959,33.575986537041,33.13190182613801,34.48777458572419,35.72414987932083,29.43286359846343,19.10281297427418,0,40.7108804136813,27.27520332252701,19.51006777059479,40.89818110723941,39.20030037289455,30.13701728857847,9.712151506369038,35.65297367568301,25.85024661718321,13.8110323182398,7.819619536077425,6.302057675632796,46.17521276200102,45.74073798203195,40.50185262617224,16.6037523964856,44.62155169397064,8.078153584188481,46.22743300146201,30.21004335948594,33.54478976765976,9.3280167102447,42.07080905256734,30.8733568586665,5.530337034935259,7.533347017446284,17.30513437637216,23.21838446762405,40.2209654269335,14.14597684616253,34.48924060204676,34.02197841535617,46.480822289025,40.0201342402303,16.1562425551292,20.5675531390341,24.47020330100625,25.12328780118252,9.290696503966942,37.83278451122851,11.03759473980957,37.91573282612774,44.26842364250147,16.12196546642834,30.88186967168724,25.60438224993881,26.25281401575904,15.54230924063084,44.30456724879403,15.19946071607927,38.00251077948131,36.56297187789612,30.27244199814081,42.28655784211,34.32207410278585,36.57469932744082,26.32254054458283,39.13053553162695,35.53385302725988,14.52006694676881,17.62661928153661,21.84092512948925,2.212668255708168,10.47335513271429,11.26792636217834,12.96870769343983,19.69164556963802,12.35187401755625,12.39654482050442,43.86425460985476,30.26105759565914,20.92175068982097,19.36872347402009,34.78150940786087,27.55016198738141,17.98335029216653,37.14567136585406,25.92291606666389,40.4320962538072,38.59798677583708,21.97775795300485,26.37551452020857,47.76149618610669,6.440987400975087
73,26.40963002885582,10.65570608379587,40.67800580106399,39.11165004855862,34.34679518412904,43.48046437880238,43.75703151254343,17.00722991470371,21.33860193619203,10.51875959586277,36.55413614930734,41.2179760232566,13.19301922345446,26.34567723721493,33.08777729756783,40.7108804136813,0,24.19484797575403,36.52668348646843,16.71752784831451,22.71560902977155,27.10837751303321,43.76106800318508,6.833695351281845,18.95979846669988,37.40222872548964,43.38264773416674,44.12805136213039,7.03820307252801,11.69593063784469,15.00319216690265,37.11259229284162,13.62636471315433,34.25298446808802,22.85712325054516,38.77953197228329,7.90071009525746,41.18554995981155,6.392316512615695,18.56909440194127,46.10565379984425,36.3560329640534,33.49019195652091,17.98661949373132,7.500202101501308,31.52834677479968,10.71988896349785,13.17640149816223,5.988254568226054,3.602079079839006,24.84200523622536,26.90194320432222,16.245517726798,29.34963368343187,31.70725825259023,32.72151071936854,40.60869687528876,31.16282640837714,10.65814193187894,29.66332066442676,34.0916770637233,24.85421958508971,29.26449386855756,43.15142734666836,21.94969784825114,40.43292181120336,3.345476533784998,28.05445614062362,30.90492395505986,17.36819338543944,32.46533708176662,18.67754632275554,36.16427186368411,21.50771218971166,17.12279807610566,44.54665241405598,44.78059339470519,42.70838408336362,42.27993852959108,43.58551816211618,34.74162006637146,28.58806762924523,23.53842213358174,39.704515949418,29.25184743159168,15.28068035595107,19.50449725099802,31.0363722440939,45.15031554868886,25.87393645305366,20.34082504099259,28.65492526411366,26.45956712441224,40.28228698837433,3.37238879513196,12.17498131213397,37.70861574327206,14.68345965373885,9.457465063661894,46.00592236505491
63,14.45434194593098,24.02897130687332,30.78465035974228,15.4530194916273,36.82457128163366,31.34970608420283,20.1244291211475,22.18351912717165,35.26195769560741,13.67961620861402,13.39648389115946,17.77993665072224,29.37782362263917,34.71154525395113,10.91759998738794,27.27520332252701,24.19484797575403,0,35.89224729094218,35.50204885388866,11.99014403024093,4.369320642295313,35.01640137623681,23.89821199506242,6.7323142072015,32.95747431912433,25.63891235096261,27.34839722956657,26.05855126971556,22.54158119003779,34.10018725434303,15.48782085058452,20.34521154780396,19.20262528344773,19.2583801381421,14.75065973905835,16.85940941882584,22.63280065742935,29.28309238835236,29.59372545528614,32.48093487824767,27.70508801851802,31.99184622509239,12.56606481643231,28.82501519771411,27.65895150289308,26.21811495241106,11.50622779491196,29.77025702116637,26.02397017630586,14.75641652244607,6.714722664096342,15.5453607610975,5.298711039549582,22.11888255808925,13.11971906709839,33.72574132743884,12.40645731058925,33.33169861640081,11.19509066894044,10.55070931760035,30.64005130183136,34.75377443864053,21.85017095036403,17.36556556935413,36.10007488805953,23.55191387552896,10.05697284644458,38.60704305071378,16.38207435744687,10.75215647254205,34.04068425564655,11.97990249158696,12.0695685594253,9.992199562769734,23.76272507581125,22.84068159375571,19.38011321768014,27.7050506101834,24.52346561116291,16.72176996086163,21.92512769553877,23.28391603666989,19.78153665906852,15.76824844621209,18.82076885983018,5.001646473723144,32.44391810273504,22.67522663019038,37.92906593459585,28.20648407243997,27.87130230371449,10.14949147130366,16.17777318056437,21.82443518530887,15.11358635421732,14.18726799504187,18.67856921416895,26.50656425572409,29.86521227451367
52,49.28830237714408,45.70335380321213,14.0864650571313,38.76581598088692,4.667590355420156,18.14706427898525,41.07071805992591,19.74013968278561,21.70552390857355,34.41505927910025,46.50612474121596,49.2681539094326,25.99701825087332,13.90943774463919,32.94022604021718,19.51006777059479,36.52668348646843,35.89224729094218,0,28.84268259038889,45.7682164776264,40.02648070213694,13.31280596626228,29.8282433813922,30.88960026378669,5.7534311677604,27.21902072235527,25.80609633883993,43.4019142579576,45.76394065169801,29.22668720656074,32.67739928967187,45.92254510339507,22.01462408097203,51.20795818102112,44.93620946878224,32.15352865554103,27.98362077627849,34.78606312772923,19.62003331518603,21.42146208564649,12.30960292028653,3.903233827012685,25.14772279089879,32.493091195387,8.361526069862695,26.66294843534672,36.55280000332699,40.96591827100927,34.21306722541979,21.17002932842374,30.61689893426938,23.81542475139749,36.58429217719721,15.47500237758437,48.81994601008557,9.633271314220741,48.26875447364143,35.10744925893286,27.67423859428672,43.69935728892764,12.44813024244623,9.749076331283472,34.0269119519556,49.40879286344653,6.116311636479594,33.20091455578579,45.90362217829053,12.44010000268474,45.87338309376844,45.88557686555676,23.86689733139313,40.70301684420559,45.18410369078629,40.08149195406762,33.49056234690075,36.27173339425153,39.29449159991101,21.62763932443933,29.67166829696053,26.29346483319699,14.14212180000582,14.09243767265575,30.06510823006375,21.7108685580003,46.13234917084613,36.24408624090903,5.574391318834836,37.87620805016761,18.87813427013981,16.74070469894319,8.587356028094678,45.7056334280493,41.91729422914702,37.89271746597522,40.46464961895046,37.61965094771795,23.08864060040925,45.63712993342828,25.43749893700666
55,41.91979010994376,27.13131441401804,38.41772660791239,47.89318350951056,25.02837836945965,42.20182060085344,52.12629434042966,16.0860077588966,7.488974362961014,23.83313596241325,48.87554856398462,53.27327296983313,6.232335407827556,15.22131927718103,41.07286870579835,40.89818110723941,16.71752784831451,35.50204885388866,28.84268259038889,0,38.0031922954422,39.42380905706291,40.07014356348689,12.28316632296333,28.88060418841642,32.16725391139795,46.17552456396195,46.07707008464692,22.75198938734187,28.36142925365156,1.71559612360867,43.97015216026158,30.32969227520978,37.12190406534275,39.3447117585127,49.97060674927806,19.83588846926488,44.95228990708544,10.88071598702088,10.10331147458799,45.42742989889973,34.32778179866228,27.31908430532139,24.32183996998552,9.2269532089995,27.76810419052536,9.28417943029145,27.12601195496722,17.21722286289535,13.1193532210405,28.52650592688173,35.25070053149119,21.16768812451156,39.75895850034457,31.83050834300289,46.73708475167128,36.28381043052136,45.36765207800201,8.17927858093171,36.0817548961945,46.05275795027135,16.71298494441251,19.31666456801262,48.88589628606449,38.25753712217815,34.38551703594207,14.51099270459448,42.22573491821921,18.72464393346542,33.66006926938993,45.59208363592691,4.980092485622118,46.48208547211468,36.8714687639186,31.72264019035515,49.64242221050321,50.94668849947983,50.68924579993797,42.95379455148893,47.36823662362165,39.43986421833369,28.04617365773971,21.23137759281498,44.77059233731303,32.83709407678768,31.88474764905833,31.9872505945812,23.5775966147414,51.85200880004773,11.84852976467729,13.47392998820913,23.8475605440961,40.92681713841821,49.95447693217201,19.94743572554254,27.94746606730742,46.41863905657037,17.81679729182912,25.1965971044175,47.18360377914661
92,3.97292948685108,17.29645166741208,42.40174997222383,25.00395585863691,45.86518032957294,43.22605018871652,29.29751984495514,28.77868362886016,40.0471906005378,14.34656893662054,16.91433482975548,21.35790702355573,32.63661429634716,41.66137655194597,22.31921459786093,39.20030037289455,22.71560902977155,11.99014403024093,45.7682164776264,38.0031922954422,0,10.48222893538146,46.56477869654229,25.74167556945874,14.92884138777355,43.64123004519674,37.51771732841535,39.29151929831254,21.11802279360648,15.36958020379221,36.35735096072532,26.79096523544749,12.41305473131293,31.12239411837465,7.451160102397473,20.65633317310237,18.31760073743363,34.46307580921692,28.99474464574761,35.06702478246788,44.45409766892342,39.03080215931343,41.90207737962321,20.68838920870656,29.49198206752398,37.92778078564663,29.3149229888805,11.07986091817916,26.7322962988599,25.79020591537856,25.40476798525148,18.68926433477846,22.64444039766444,15.71948107122843,33.35692660452301,10.88012488104126,44.93540190840682,9.200128758120027,33.31037094659173,23.17530855343986,15.59575852662872,38.18798351395733,42.71716951389684,32.95079954893301,5.678457473246519,46.87626694643927,23.76975990865623,6.613612938405963,46.03382496654787,7.030644730718806,12.14362511378229,38.10526407975361,20.15800841076838,1.222624721179834,6.464564997101363,35.00039341231361,33.55353696231033,29.07931854675064,39.68633001008671,36.22445815135501,28.6992841693584,32.47365111550156,32.07030950300193,31.43441960023179,27.34747869667038,10.21370814915062,9.599668045971256,41.5559158411071,33.02313043986872,43.66453611976753,34.74381966537931,37.30228006555355,4.754330359979478,24.40892729660557,19.44483950978793,10.55034429554173,24.09688762132627,24.78809264774452,20.43543252601072,41.82660814213157
70,11.84598471811651,25.33952921761461,34.12199635561831,14.64703895926545,41.09723283331871,34.30354970724878,19.09806895452832,26.50608529176604,39.48908951648284,16.6890091089925,9.559872639160295,14.15931739450111,33.37099400182915,39.07666583503023,12.06060961805755,30.13701728857847,27.10837751303321,4.369320642295313,40.02648070213694,39.42380905706291,10.48222893538146,0,38.39467393690941,27.56834256087977,10.96690342265252,36.86509252321784,27.50282769171036,29.41628135116854,28.02544353774397,23.64900424605063,37.97071361896542,16.41753395286723,21.09099609970372,22.17660445183247,17.9174963210516,11.80742557541815,20.24925891035554,24.39368375961667,32.58728856494405,33.86309819820114,35.10810846384697,31.31575041819081,36.13485072231689,16.9199921956947,32.33351326280992,31.73640515301769,30.15205570387003,13.97604156437283,32.3820311935905,29.28484125233357,18.85646870013197,9.901768182157591,19.85860301524542,5.370989498202119,25.84364580121588,8.822318482634664,37.36978069910463,8.274528995737972,36.74861745860872,14.09753833231805,6.98330158278888,35.00928608874371,39.11256430556732,22.49277832900973,16.15906999290127,39.95341720712181,26.86506255778759,6.430159498231857,42.97549074020989,16.37311597958722,6.407017579205323,38.17990800773988,10.1167486866732,10.99673706435136,11.06171016816339,24.56274543650738,23.07204686187394,18.72795695940151,30.30766569341807,25.99935105692658,19.10184512090638,25.96408835577035,27.62193671045477,21.20541728907371,19.33257795598959,19.23999644699656,7.6810859451796,36.72009830801778,22.56962533866492,42.2447361329227,32.54716925815055,32.12140810300026,7.141320690367412,14.47727422168307,24.42772108753898,16.68966156053567,13.66102784261829,22.93335825665267,28.11090220490438,32.00149193221016
