,0,89,98,27,39,21,80,78,67,60,26,81,41,44,43,72,73,63,52,55,92,70,10,93,85,13,94,42,49,25,22,45,28,34,90,1,96,91,56,16,61,38,77,14,12,7,57,6,18,86,65,75,31,99,29,83,84,71,95,11,47,48,76,88,30,58,15,69,19,62,23,53,50,33,68,54,51,79,97,40,46,20,24,5,9,66,37,87,4,35,8,64,82,17,74,3,2,32,36,59
0,0,47.626,23.283,41.247,39.026,11.846,30.834,41.986,6.055,15.321,39.348,35.767,42.035,33.325,24.339,20.442,5.051,34.089,26.440,8.957,4.734,11.296,15.952,24.451,12.823,45.565,23.091,45.403,29.576,46.928,49.440,41.325,24.242,7.480,38.656,20.076,24.834,40.889,48.009,26.410,42.035,32.741,29.547,23.898,36.596,32.664,7.374,29.526,49.288,13.050,50.137,36.204,28.184,43.825,18.109,33.034,30.177,42.074,14.247,19.997,15.052,30.118,34.438,33.714,40.266,37.048,41.670,9.750,41.920,46.536,29.674,17.210,28.621,33.616,49.910,36.392,21.116,37.823,28.682,46.782,33.277,3.973,18.400,45.776,18.315,27.618,36.240,45.215,49.549,20.114,44.020,6.435,35.741,14.454,10.435,25.547,45.223,15.087,22.279,25.549
89,47.626,0,35.182,40.703,8.605,42.245,36.580,36.979,46.473,48.065,41.363,23.248,27.428,19.194,25.407,47.123,42.689,45.918,22.387,50.569,45.547,48.651,51.020,49.849,39.804,5.386,28.569,18.547,22.486,23.392,31.551,20.655,32.700,46.691,9.822,36.499,45.821,16.810,27.679,25.874,9.357,21.371,49.239,40.405,12.684,15.746,49.462,50.879,18.878,35.740,24.899,46.169,42.203,41.220,37.337,41.649,30.091,7.549,34.894,54.946,32.651,28.066,48.148,49.383,12.953,19.754,34.782,40.865,11.849,9.231,19.543,41.042,26.681,33.252,7.167,26.793,35.529,43.143,19.396,38.390,15.422,43.665,31.293,35.019,29.504,22.843,40.906,14.528,14.468,51.088,4.687,45.279,17.069,37.929,37.205,47.240,30.927,38.698,25.766,34.861
98,23.283,35.182,0,50.363,28.027,28.111,40.230,49.091,26.849,34.766,49.288,36.483,44.285,16.188,24.544,38.084,19.263,47.627,23.714,31.303,25.020,32.101,36.708,42.424,10.466,35.803,7.792,42.433,12.696,46.073,51.909,40.077,2.484,17.538,29.728,3.218,40.691,37.516,48.996,9.457,34.223,14.317,45.879,36.881,22.513,25.924,29.627,46.620,45.637,21.512,49.197,49.296,41.296,52.484,5.186,44.710,35.651,27.831,11.463,41.340,15.229,8.561,48.940,48.985,23.534,17.729,47.761,13.558,25.197,38.682,16.260,31.780,31.605,40.595,40.360,39.213,31.058,49.030,23.014,53.270,20.174,20.435,23.252,50.929,14.432,12.753,46.749,40.219,43.673,39.812,30.578,17.383,32.188,26.507,17.049,41.956,48.519,8.205,14.374,34.669
27,41.247,40.703,50.363,0,36.208,29.416,10.672,4.202,35.681,28.723,2.314,18.066,13.777,44.519,26.181,23.626,39.418,10.635,28.027,36.177,36.558,32.576,30.569,22.277,45.259,35.402,43.420,23.571,43.873,20.092,15.043,20.200,49.013,46.607,32.962,48.758,18.854,23.905,17.075,44.128,31.421,46.205,17.422,17.490,40.602,30.393,36.535,19.006,25.806,31.130,21.298,9.098,13.812,2.610,47.774,8.815,14.883,41.973,40.359,31.135,35.829,50.045,12.398,14.187,45.540,48.768,6.302,43.306,46.077,32.381,39.694,24.095,19.311,9.877,36.463,14.283,20.796,5.054,30.411,7.177,39.029,39.292,27.474,8.795,35.946,41.690,5.284,27.110,29.839,27.079,41.204,44.712,24.893,27.348,36.562,19.201,12.049,46.299,36.566,16.408
39,39.026,8.605,28.027,36.208,0,33.863,30.326,32.958,37.915,39.895,36.445,18.142,24.225,13.138,17.217,39.353,34.100,39.812,14.086,42.067,36.961,40.259,42.833,42.372,31.581,7.777,20.855,17.578,15.569,22.322,30.083,17.683,25.595,38.273,3.371,28.924,38.515,13.793,26.343,18.569,7.172,15.461,42.346,33.079,6.411,7.620,40.927,43.900,19.620,27.190,24.758,40.372,35.409,37.206,29.547,35.601,23.681,5.781,26.491,46.902,24.075,21.972,41.959,43.017,10.000,15.489,30.873,32.458,10.103,10.974,11.819,33.018,19.699,27.599,12.353,21.926,27.773,37.818,10.931,35.332,7.865,35.067,22.897,32.099,20.962,15.306,35.444,14.109,16.475,43.188,5.825,36.810,11.320,29.594,28.611,39.969,28.321,30.635,17.314,27.716
21,11.846,42.245,28.111,29.416,33.863,0,19.102,30.308,6.430,6.983,27.503,25.964,31.316,32.334,16.920,10.117,10.997,22.493,19.859,8.822,7.141,6.407,9.560,14.477,19.240,39.077,24.428,36.135,29.285,36.865,38.395,31.736,28.025,17.917,32.547,25.340,13.661,32.121,37.370,27.108,35.009,32.587,18.728,12.061,33.371,26.506,8.275,19.098,40.026,7.681,39.953,24.563,16.418,32.001,23.649,21.205,19.333,38.180,16.690,14.159,13.976,32.382,23.072,22.570,37.971,36.749,30.137,16.373,39.424,39.113,27.568,5.371,18.856,22.177,42.975,25.844,9.902,25.999,22.933,35.108,30.152,10.482,10.967,34.304,16.689,26.865,24.394,36.720,41.097,11.807,39.489,16.159,27.622,4.369,11.062,14.647,34.122,21.091,20.249,14.098
80,30.834,36.580,40.230,10.672,30.326,19.102,0,11.218,25.488,19.653,9.178,13.674,14.724,36.246,16.869,15.345,28.785,9.488,19.323,26.574,26.206,23.055,22.001,15.750,34.646,31.741,33.640,22.914,34.993,21.476,20.400,18.457,39.052,35.970,27.469,38.436,11.503,20.992,20.430,34.742,27.355,37.656,13.164,7.859,33.471,23.357,26.697,14.920,26.293,20.470,23.966,10.245,6.385,13.153,37.354,5.334,6.648,36.022,29.871,23.774,25.392,40.727,11.642,12.804,38.597,40.726,11.268,32.643,39.440,29.770,31.166,13.941,10.949,4.328,34.078,10.958,10.125,8.864,22.251,16.015,31.311,28.699,17.063,15.484,25.812,32.651,6.523,25.326,29.140,19.419,35.917,34.068,19.539,16.722,25.908,12.536,16.181,35.755,26.937,5.760
78,41.986,36.979,49.091,4.202,32.958,30.308,11.218,0,36.704,30.547,5.986,14.948,9.741,42.046,24.592,25.769,39.683,14.088,26.039,37.705,37.391,34.149,32.660,25.019,44.799,31.635,41.869,19.500,41.718,15.902,11.102,16.353,47.576,46.829,29.649,47.721,21.239,20.175,12.898,42.280,27.784,43.852,20.622,18.871,37.701,27.622,37.886,22.301,21.628,30.978,17.112,12.861,15.921,4.267,46.887,11.318,13.490,38.678,39.641,33.729,35.066,48.102,16.068,17.839,42.523,46.153,2.213,43.094,42.954,28.465,37.398,25.156,17.538,8.764,32.482,11.205,20.997,8.757,28.098,4.801,36.374,39.686,26.798,4.996,34.802,39.648,8.008,23.133,25.718,29.518,37.737,44.911,21.727,27.705,36.325,21.819,7.865,45.650,34.977,16.511
67,6.055,46.473,26.849,35.681,37.915,6.430,25.488,36.704,0,9.340,33.705,31.979,37.636,34.275,21.772,14.388,7.676,28.133,24.372,4.667,1.861,5.567,10.344,18.429,16.795,43.792,24.957,42.001,30.804,43.009,44.791,37.702,27.334,13.185,37.033,23.766,18.808,37.774,43.680,28.054,39.937,34.096,23.492,18.212,36.467,30.940,3.152,23.483,45.904,10.735,46.142,30.265,22.355,38.280,21.871,27.283,25.654,41.662,16.231,14.745,15.242,32.604,28.419,27.669,40.656,38.395,36.563,13.622,42.226,44.243,29.996,11.598,24.804,28.606,47.914,32.105,16.273,32.049,27.105,41.503,33.149,6.614,15.593,40.733,18.468,28.572,30.578,42.287,46.666,14.269,43.293,11.751,32.969,10.057,10.934,19.497,40.524,18.960,22.423,20.524
60,15.321,48.065,34.766,28.723,39.895,6.983,19.653,30.547,9.340,0,26.548,29.591,33.634,39.223,22.691,5.471,16.459,19.872,25.810,7.749,11.035,4.258,2.962,9.151,25.364,44.496,31.393,39.895,36.239,39.840,39.989,35.341,34.828,22.518,38.261,31.878,10.324,36.393,39.623,34.092,40.257,39.536,14.472,11.794,39.923,32.362,8.598,14.271,43.699,14.638,42.719,22.043,14.913,31.323,30.101,19.943,22.088,44.516,23.455,7.248,20.952,39.339,19.778,18.808,44.648,43.672,30.882,22.302,46.053,44.065,34.379,7.246,22.945,23.550,48.115,28.624,13.231,24.476,29.053,35.228,36.769,15.596,17.228,35.090,23.661,33.807,23.446,41.061,45.372,5.101,45.630,21.028,32.483,10.551,17.787,10.674,35.728,27.378,27.160,16.171
26,39.348,41.363,49.288,2.314,36.445,27.503,9.178,5.986,33.705,26.548,0,18.366,14.992,44.155,25.396,21.397,37.692,8.350,27.451,34.059,34.639,30.452,28.337,19.970,43.812,36.125,42.511,24.748,43.311,21.574,17.060,21.104,48.026,44.879,33.265,47.569,16.595,24.652,18.827,43.383,32.025,45.759,15.114,15.493,40.549,30.301,34.462,16.709,27.219,29.605,23.012,6.917,11.639,4.812,46.516,6.606,14.195,42.225,39.044,28.835,34.553,49.336,10.182,11.969,45.557,48.486,7.820,41.759,46.176,33.292,39.234,22.152,18.724,9.293,37.450,14.644,19.206,2.814,30.015,9.471,38.808,37.518,26.209,10.859,34.856,41.067,3.135,28.125,31.087,24.797,41.608,42.997,25.137,25.639,35.047,16.909,13.795,44.933,35.707,14.931
81,35.767,23.248,36.483,18.066,18.142,25.964,13.674,14.948,31.979,29.591,18.366,0,7.809,27.381,12.723,26.855,32.035,22.764,12.781,34.726,31.918,31.750,32.425,28.520,34.519,18.207,28.823,10.306,27.485,11.169,15.459,5.790,34.627,38.548,14.914,35.729,24.243,7.366,12.896,28.588,13.904,29.313,26.767,19.212,22.760,12.783,34.231,28.497,14.142,22.875,14.404,22.928,19.785,19.150,35.313,18.501,7.878,23.911,28.891,35.368,24.521,34.133,25.019,26.351,27.580,31.338,12.969,33.658,28.046,16.097,23.014,22.448,7.185,10.028,20.405,3.787,16.475,19.948,13.928,17.943,21.569,32.474,17.591,15.040,23.150,25.646,17.671,11.881,15.994,31.085,23.245,36.670,6.828,21.925,27.323,25.519,12.098,34.785,22.119,13.735
41,42.035,27.428,44.285,13.777,24.225,31.316,14.724,9.741,37.636,33.634,14.992,7.809,0,34.752,20.265,29.876,38.728,21.768,20.574,39.752,37.855,36.471,36.233,30.463,41.969,22.053,36.632,9.795,35.122,6.906,7.769,6.799,42.436,45.509,20.856,43.482,26.227,10.758,6.058,36.356,18.414,36.777,27.315,22.124,29.589,20.113,39.517,29.090,12.310,29.543,9.245,21.182,21.023,13.885,43.011,17.911,11.986,29.782,36.404,38.403,31.943,41.830,23.998,25.630,34.105,38.487,7.533,40.895,34.328,18.751,30.611,26.971,13.826,10.413,22.742,5.680,21.420,17.377,21.675,11.143,28.818,39.031,24.477,7.874,30.796,33.364,15.680,13.395,16.100,34.036,28.554,43.602,13.572,27.705,34.365,27.232,4.345,42.360,29.916,17.558
44,33.325,19.194,16.188,44.519,13.138,32.334,36.246,42.046,34.275,39.223,44.155,27.381,34.752,0,19.616,40.486,28.317,45.317,16.925,38.896,32.823,38.179,41.893,44.332,22.738,20.634,10.780,29.994,3.920,34.420,41.592,28.994,13.711,30.265,15.753,17.944,41.246,25.541,38.097,7.500,20.158,2.323,45.956,36.182,6.851,14.649,37.424,47.207,32.493,24.672,37.177,46.427,39.724,46.071,19.137,41.491,30.048,11.715,19.139,46.462,19.035,8.960,47.176,47.809,7.516,4.604,40.221,24.665,9.227,24.105,5.180,33.611,25.499,34.861,24.982,30.937,30.032,44.827,14.140,45.324,6.007,29.492,22.658,42.380,15.867,5.732,42.378,26.921,29.597,43.570,14.526,29.266,21.221,28.825,23.456,42.705,39.078,21.125,12.090,31.885
43,24.339,25.407,24.544,26.181,17.217,16.920,16.869,24.592,21.772,22.691,25.396,12.723,20.265,19.616,0,22.313,20.055,25.725,3.202,25.492,21.204,23.317,25.638,25.645,21.796,22.171,17.291,21.320,18.130,23.578,28.030,17.618,22.984,26.137,15.648,23.396,22.117,16.629,25.618,17.987,18.189,20.869,26.553,16.828,18.092,9.674,24.557,27.912,25.148,11.349,26.846,26.915,20.132,28.143,22.801,21.998,11.301,22.078,16.173,29.687,11.810,23.946,27.562,28.204,23.154,24.183,23.218,21.025,24.322,22.473,14.456,15.822,7.065,16.307,26.171,14.865,10.930,25.660,6.569,28.726,15.339,20.688,6.179,26.444,10.557,15.782,23.242,20.879,25.210,26.030,22.987,24.307,11.402,12.566,14.951,23.592,24.317,22.099,10.407,12.269
72,20.442,47.123,38.084,23.626,39.353,10.117,15.345,25.769,14.388,5.471,21.397,26.855,29.876,40.486,22.313,0,20.859,14.430,25.515,13.220,15.911,9.708,6.943,4.363,29.351,43.107,33.793,37.024,37.879,36.397,35.717,32.436,37.840,27.383,37.324,35.390,4.906,34.009,35.723,36.164,38.741,41.099,9.113,7.793,40.259,31.733,14.029,9.148,40.703,16.857,39.096,16.600,9.877,26.202,33.734,14.811,19.030,44.386,26.622,8.574,23.409,41.746,14.309,13.379,45.205,45.048,26.323,26.444,46.482,42.181,35.429,6.880,20.876,19.520,46.373,25.298,11.603,19.193,28.878,30.343,37.287,20.158,17.844,30.486,25.655,35.390,18.345,38.651,42.842,4.235,45.172,25.770,30.736,11.980,21.081,5.211,31.520,31.206,28.704,13.121
73,5.051,42.689,19.263,39.418,34.100,10.997,28.785,39.683,7.676,16.459,37.692,32.035,38.728,28.317,20.055,20.859,0,33.362,21.889,12.040,5.818,13.149,17.902,25.149,9.119,40.780,18.230,41.332,24.601,43.191,46.312,37.423,19.913,7.190,33.854,16.139,24.656,36.684,44.592,21.508,37.368,27.797,29.694,22.630,31.553,27.925,10.364,29.974,45.184,9.195,46.437,35.387,27.142,41.933,14.223,31.702,27.151,37.045,9.338,22.395,10.053,25.510,34.039,33.566,35.220,32.111,39.131,5.952,36.871,41.921,24.623,16.111,25.024,31.060,45.181,33.049,18.709,36.481,23.929,44.433,28.236,1.223,14.448,43.117,13.290,22.600,34.663,40.885,45.174,21.544,39.021,5.309,31.400,12.070,5.499,25.613,42.178,11.290,17.239,23.190
63,34.089,45.918,47.627,10.635,39.812,22.493,9.488,14.088,28.133,19.872,8.350,22.764,21.768,45.317,25.725,14.430,33.362,0,28.436,27.609,29.373,24.043,21.165,12.113,40.666,40.965,41.663,31.061,43.770,28.648,25.159,26.888,46.749,40.399,36.932,45.468,9.548,29.886,26.482,43.151,36.624,46.589,6.850,10.940,42.872,32.815,28.294,8.378,34.027,26.533,30.529,2.171,6.385,12.910,44.141,4.270,16.135,45.509,36.598,20.982,32.419,49.124,2.275,3.869,48.007,49.855,15.542,38.197,48.886,38.717,40.175,17.252,20.361,12.755,43.004,19.557,16.578,5.592,31.509,17.812,40.603,32.951,24.520,19.072,33.500,41.356,6.228,33.949,37.430,17.217,45.385,38.611,28.942,21.850,31.816,9.387,21.547,42.125,35.253,13.527
52,26.440,22.387,23.714,28.027,14.086,19.859,19.323,26.039,24.372,25.810,27.451,12.781,20.574,16.925,3.202,25.515,21.889,28.436,0,28.278,23.653,26.266,28.747,28.827,22.389,19.420,16.114,20.120,15.863,22.964,28.233,16.903,21.914,27.481,12.720,22.975,25.251,15.230,25.478,16.246,15.642,18.365,29.598,19.921,14.947,6.650,27.258,30.994,23.815,13.718,26.202,29.506,23.047,29.815,22.645,24.569,13.259,18.878,16.705,32.847,12.748,22.074,30.348,31.075,20.037,21.429,24.470,22.063,21.168,20.098,11.854,19.004,8.733,18.197,23.588,15.575,14.107,27.961,3.373,29.888,12.297,22.644,8.925,27.350,10.708,13.666,25.518,19.127,23.347,29.222,19.828,25.728,9.738,15.545,16.538,26.726,24.807,22.369,9.342,15.137
55,8.957,50.569,31.303,36.177,42.067,8.822,26.574,37.705,4.667,7.749,34.059,34.726,39.752,38.896,25.492,13.220,12.040,27.609,28.278,0,6.357,3.608,7.369,16.633,21.070,47.650,29.622,44.934,35.454,45.524,46.565,40.509,31.888,16.433,40.996,28.175,18.062,40.944,45.807,32.722,43.667,38.750,22.135,18.839,40.905,34.911,1.682,21.783,48.820,14.936,48.564,29.780,22.436,38.787,26.250,27.475,27.834,46.012,20.872,11.071,19.862,37.245,27.520,26.512,45.186,43.045,37.833,17.885,46.737,47.847,34.546,12.834,27.655,30.136,51.647,34.405,18.414,32.098,31.174,42.455,37.601,10.880,19.368,42.046,23.057,33.205,30.933,45.540,49.918,11.769,47.545,15.324,36.402,13.120,15.600,18.413,42.280,23.286,26.983,22.247
92,4.734,45.547,25.020,36.558,36.961,7.141,26.206,37.391,1.861,11.035,34.639,31.918,37.855,32.823,21.204,15.911,5.818,29.373,23.653,6.357,0,7.402,12.179,20.042,14.936,43.042,23.316,41.804,29.291,43.022,45.138,37.585,25.546,11.504,36.224,21.926,20.176,37.461,43.873,26.460,39.280,32.568,24.977,19.174,35.256,30.143,4.730,25.047,45.706,9.935,46.191,31.483,23.450,39.142,20.025,28.305,25.909,40.532,14.525,16.604,13.835,30.895,29.763,29.084,39.335,36.877,37.146,11.762,40.927,43.657,28.662,12.491,24.733,29.125,47.239,32.263,16.664,33.093,26.248,42.191,31.929,4.754,15.057,41.283,17.106,27.103,31.526,41.915,46.284,16.029,42.246,9.995,32.521,10.149,9.386,20.944,40.892,17.106,21.093,21.035
70,11.296,48.651,32.101,32.576,40.259,6.407,23.055,34.149,5.567,4.258,30.452,31.750,36.471,38.179,23.317,9.708,13.149,24.043,26.266,3.608,7.402,0,4.778,13.352,22.247,45.459,29.541,42.020,34.934,42.391,43.159,37.540,32.415,18.656,38.952,29.082,14.502,38.195,42.515,32.465,41.361,38.248,18.729,15.278,39.605,32.913,4.341,18.494,45.886,13.614,45.383,26.211,18.828,35.185,27.224,23.867,24.632,44.507,21.113,9.265,19.329,37.370,24.016,23.065,44.101,42.487,34.322,19.098,45.592,45.408,33.578,9.501,24.789,26.704,49.315,31.216,15.304,28.492,29.328,38.889,36.351,12.144,17.367,38.538,22.340,32.584,27.327,42.830,47.194,8.819,45.866,17.291,33.872,10.752,15.533,14.919,38.876,24.370,26.112,18.919
10,15.952,51.020,36.708,30.569,42.833,9.560,22.001,32.660,10.344,2.962,28.337,32.425,36.233,41.893,25.638,6.943,17.902,21.165,28.747,7.369,12.179,4.778,0,9.518,26.978,47.457,33.757,42.721,38.823,42.541,42.397,38.156,36.920,23.373,41.219,33.732,11.782,39.287,42.182,36.554,43.215,42.130,15.162,14.191,42.769,35.311,8.683,14.615,46.506,17.233,45.372,23.323,16.808,33.143,31.897,21.754,24.841,47.415,25.562,4.684,23.379,41.662,20.768,19.593,47.451,46.304,33.132,23.843,48.876,47.008,37.111,10.181,25.852,26.028,51.067,31.335,16.139,26.098,31.976,37.265,39.592,16.914,20.109,37.319,26.211,36.414,25.288,43.956,48.256,4.436,48.559,22.049,35.428,13.396,19.915,11.780,38.160,29.077,29.809,18.890
93,24.451,49.849,42.424,22.277,42.372,14.477,15.750,25.019,18.429,9.151,19.970,28.520,30.463,44.332,25.645,4.363,25.149,12.113,28.827,16.633,20.042,13.352,9.518,0,33.705,45.573,37.997,38.396,41.864,37.223,35.572,33.844,42.146,31.544,40.130,39.746,4.300,35.840,36.050,40.282,41.161,45.047,5.677,9.488,43.722,34.780,17.677,5.151,41.917,21.117,39.696,14.202,9.474,24.744,38.096,13.706,20.654,47.593,30.962,8.890,27.664,45.932,11.393,10.110,48.741,48.918,25.923,30.783,49.954,44.306,39.223,10.937,23.237,20.078,48.566,26.451,14.721,17.451,32.199,29.312,40.852,24.409,21.686,29.935,29.803,39.370,17.145,40.401,44.449,5.227,48.195,29.978,33.098,16.178,25.437,3.257,31.523,35.568,32.710,15.104
85,12.823,39.804,10.466,45.259,31.581,19.240,34.646,44.799,16.795,25.364,43.812,34.519,41.969,22.738,21.796,29.351,9.119,40.666,22.389,21.070,14.936,22.247,26.978,33.705,0,39.029,11.957,42.494,18.819,45.254,49.736,39.219,11.603,7.633,32.243,7.254,32.657,37.571,47.414,15.281,36.370,21.612,37.823,29.727,27.535,26.998,19.388,38.305,46.132,14.265,48.513,42.554,34.294,47.628,5.286,38.390,31.474,33.190,5.685,31.505,10.026,17.804,41.642,41.396,30.171,25.749,43.864,3.185,31.885,41.027,20.388,23.747,28.257,36.038,43.624,36.420,24.667,43.031,23.215,49.360,24.455,10.214,18.017,47.536,11.717,17.461,40.964,41.186,45.191,30.465,35.591,7.053,32.046,18.821,8.865,33.768,45.877,2.264,14.481,28.886
13,45.565,5.386,35.803,35.402,7.777,39.077,31.741,31.635,43.792,44.496,36.125,18.207,22.053,20.634,22.171,43.107,40.780,40.965,19.420,47.650,43.042,45.459,47.457,45.573,39.029,0,28.591,13.224,23.305,18.103,26.258,15.293,33.370,45.455,6.932,36.669,41.449,11.497,22.385,26.346,4.426,22.943,44.605,36.088,13.784,12.918,46.667,46.282,13.909,33.114,19.792,41.117,37.560,35.866,37.239,36.698,25.391,10.276,33.758,51.174,30.918,29.567,43.214,44.510,15.863,22.287,29.433,39.682,15.221,4.173,19.586,37.337,22.340,28.235,4.615,21.639,31.606,37.981,16.884,33.004,15.636,41.661,28.286,29.634,27.984,23.079,35.786,9.210,9.830,47.176,7.858,43.902,12.484,34.712,35.289,42.837,25.545,38.204,24.593,30.483
94,23.091,28.569,7.792,43.420,20.855,24.428,33.640,41.869,24.957,31.393,42.511,28.823,36.632,10.780,17.291,33.793,18.230,41.663,16.114,29.622,23.316,29.541,33.757,37.997,11.957,28.591,0,34.653,6.861,38.284,44.208,32.294,5.805,19.505,22.243,8.080,35.665,29.730,41.242,3.372,26.688,9.764,40.751,31.290,15.979,18.160,28.038,41.705,37.893,16.968,41.405,43.173,35.484,45.427,8.768,38.416,28.567,21.579,8.895,38.437,10.461,7.967,43.178,43.431,18.232,14.019,40.432,13.996,19.947,31.226,9.075,27.073,24.331,33.564,33.195,31.683,25.185,42.503,15.232,45.905,13.180,19.445,17.183,43.448,8.290,5.741,40.147,32.510,36.062,36.193,24.141,18.579,24.396,21.824,14.065,37.032,40.899,10.401,6.892,28.316
42,45.403,18.547,42.433,23.571,17.578,36.135,22.914,19.500,42.001,39.895,24.748,10.306,9.795,29.994,21.320,37.024,41.332,31.061,20.120,44.934,41.804,42.020,42.721,38.396,42.494,13.224,34.653,0,31.393,4.910,13.041,4.588,40.258,47.423,14.418,42.345,34.096,4.962,9.170,33.490,10.606,32.243,36.024,29.294,23.781,16.523,44.372,37.794,3.903,32.364,7.206,30.698,29.275,23.554,42.320,26.983,17.997,22.422,36.814,45.574,32.822,38.200,33.327,34.871,27.490,32.960,17.305,42.143,27.319,9.411,26.922,32.752,17.279,18.711,13.102,11.975,26.772,27.036,19.630,20.106,24.044,41.902,27.008,16.734,30.783,30.201,25.176,4.019,6.382,41.259,20.604,45.611,10.476,31.992,36.268,35.284,12.587,42.361,28.695,23.945
49,29.576,22.486,12.696,43.873,15.569,29.285,34.993,41.718,30.804,36.239,43.311,27.485,35.122,3.920,18.130,37.879,24.601,43.770,15.863,35.454,29.291,34.934,38.823,41.864,18.819,23.305,6.861,31.393,0,35.550,42.300,29.843,10.216,26.355,17.680,14.186,39.013,26.693,38.981,3.602,22.198,3.314,43.878,34.142,9.819,15.207,33.943,45.034,34.213,21.606,38.472,45.027,37.936,45.600,15.289,40.121,29.116,15.181,15.345,43.444,15.635,6.822,45.521,46.025,11.404,7.591,40.020,20.781,13.119,26.452,4.542,31.005,24.595,34.059,27.803,30.834,27.938,43.745,13.648,45.297,7.741,25.790,20.226,42.513,12.618,2.496,41.312,28.661,31.723,40.754,17.895,25.379,21.875,26.024,19.905,40.450,39.467,17.213,9.176,30.246
25,46.928,23.392,46.073,20.092,22.322,36.865,21.476,15.902,43.009,39.840,21.574,11.169,6.906,34.420,23.578,36.397,43.191,28.648,22.964,45.524,43.022,42.391,42.541,37.223,45.254,18.103,38.284,4.910,35.550,0,8.159,6.064,43.995,49.628,19.081,45.736,32.956,8.887,4.288,37.402,15.467,36.626,34.209,28.606,28.408,20.415,45.137,35.986,5.753,34.042,3.268,27.986,27.828,19.684,45.549,24.817,17.783,27.295,39.578,44.962,35.356,42.372,30.866,32.514,32.286,37.580,13.811,44.603,32.167,14.192,31.027,32.929,18.313,17.148,17.598,11.217,27.116,24.091,23.066,15.744,28.425,43.641,28.743,12.433,33.652,34.178,22.516,8.896,10.140,40.599,25.512,47.764,13.898,32.957,38.400,34.012,8.342,45.327,31.996,23.669
22,49.440,31.551,51.909,15.043,30.083,38.395,20.400,11.102,44.791,39.989,17.060,15.459,7.769,41.592,28.030,35.717,46.312,25.159,28.233,46.565,45.138,43.159,42.397,35.572,49.736,26.258,44.208,13.041,42.300,8.159,0,12.611,50.004,53.168,26.760,51.187,31.548,16.316,3.873,43.761,23.456,43.713,31.550,28.220,35.942,27.117,46.471,33.265,13.313,37.154,7.423,23.959,26.174,13.757,50.751,22.062,19.264,35.265,44.173,44.028,39.710,49.078,27.168,28.936,40.083,45.044,9.712,48.632,40.070,22.344,37.761,33.733,21.551,16.464,25.624,13.364,28.519,19.852,29.099,8.873,35.592,46.565,32.168,6.253,38.550,40.678,18.990,17.048,17.957,39.711,33.591,51.254,20.445,35.016,42.065,32.322,4.286,50.127,37.563,24.354
45,41.325,20.655,40.077,20.200,17.683,31.736,18.457,16.353,37.702,35.341,21.104,5.790,6.799,28.994,17.618,32.436,37.423,26.888,16.903,40.509,37.585,37.540,38.156,33.844,39.219,15.293,32.294,4.588,29.843,6.064,12.611,0,38.031,43.734,14.320,39.689,29.544,3.981,9.140,31.528,11.622,31.135,31.606,24.710,23.367,14.638,39.996,33.370,8.362,28.339,9.301,26.679,24.788,20.575,39.487,22.734,13.409,23.117,33.538,40.986,29.354,36.652,29.162,30.651,27.654,32.441,14.146,38.628,27.768,12.195,25.302,28.223,12.903,14.333,16.353,7.500,22.260,23.196,17.063,17.902,22.990,37.928,22.999,14.578,27.597,28.351,21.187,7.087,10.683,36.671,21.788,41.886,7.996,27.659,32.517,30.750,10.665,39.269,25.948,19.359
28,24.242,32.700,2.484,49.013,25.595,28.025,39.052,47.576,27.334,34.828,48.026,34.627,42.436,13.711,22.984,37.840,19.913,46.749,21.914,31.888,25.546,32.415,36.920,42.146,11.603,33.370,5.805,40.258,10.216,43.995,50.004,38.031,0,19.023,27.363,4.809,40.182,35.365,47.013,7.038,31.869,11.872,45.343,36.137,20.035,23.736,30.229,46.169,43.402,21.063,47.090,48.350,40.472,51.070,6.578,43.680,34.207,25.347,11.375,41.587,14.587,6.450,48.152,48.284,21.082,15.398,46.175,14.506,22.752,36.299,13.867,31.357,30.044,39.187,37.916,37.476,30.177,47.894,20.983,51.661,17.735,21.118,22.248,49.233,13.285,10.364,45.574,37.952,41.344,39.812,28.094,18.650,30.097,26.059,17.042,41.490,46.703,9.423,12.640,33.591
34,7.480,46.691,17.538,46.607,38.273,17.917,35.970,46.829,13.185,22.518,44.879,38.548,45.509,30.265,26.137,27.383,7.190,40.399,27.481,16.433,11.504,18.656,23.373,31.544,7.633,45.455,19.505,47.423,26.355,49.628,53.168,43.734,19.023,0,38.555,14.370,31.479,42.632,51.278,22.857,42.430,29.216,36.397,29.758,34.720,32.928,14.852,36.529,51.208,16.049,52.892,42.451,34.240,49.120,12.467,38.859,34.130,40.365,11.797,27.475,14.786,25.349,40.977,40.409,37.636,33.376,46.227,5.826,39.345,47.069,27.563,23.171,31.708,38.170,49.990,39.836,25.880,43.643,28.976,51.564,31.536,7.451,21.043,50.174,17.487,24.848,41.845,46.606,50.789,27.441,42.645,1.924,37.199,19.258,11.229,32.336,49.087,9.636,20.960,30.355
90,38.656,9.822,29.728,32.962,3.371,32.547,27.469,29.649,37.033,38.261,33.265,14.914,20.856,15.753,15.648,37.324,33.854,36.932,12.720,40.996,36.224,38.952,41.219,40.130,32.243,6.932,22.243,14.418,17.680,19.081,26.760,14.320,27.363,38.555,0,30.304,36.161,10.452,23.046,20.341,4.523,18.051,39.779,30.729,9.363,6.094,39.957,41.377,16.741,26.318,21.622,37.400,32.782,33.905,30.729,32.692,20.851,9.029,26.897,45.125,23.987,24.332,39.110,40.232,13.341,18.542,27.550,32.799,13.474,8.983,13.510,31.221,17.106,24.549,11.435,18.683,25.723,34.723,9.995,31.968,9.994,34.744,21.643,28.730,21.073,17.001,32.373,11.170,14.047,41.272,8.457,36.986,8.139,28.206,28.361,37.597,24.951,31.516,17.768,25.247
1,20.076,36.499,3.218,48.758,28.924,25.340,38.436,47.721,23.766,31.878,47.569,35.729,43.482,17.944,23.396,35.390,16.139,45.468,22.975,28.175,21.926,29.082,33.732,39.746,7.254,36.669,8.080,42.345,14.186,45.736,51.187,39.689,4.809,14.370,30.304,0,38.202,37.390,48.441,10.656,34.728,16.320,43.399,34.623,23.832,25.980,26.496,44.067,45.703,19.080,48.917,47.206,39.102,50.960,1.969,42.726,34.233,29.333,8.922,38.339,13.102,11.259,46.687,46.648,25.434,20.067,46.503,10.368,27.131,39.286,17.118,29.251,30.389,39.102,41.270,38.232,28.970,47.156,22.734,52.031,21.191,17.296,21.374,49.835,12.927,13.686,44.929,40.398,44.048,36.950,31.989,14.169,31.948,24.029,14.310,39.427,47.640,4.991,13.741,32.781
96,24.834,45.821,40.691,18.854,38.515,13.661,11.503,21.239,18.808,10.324,16.595,24.243,26.227,41.246,22.117,4.906,24.656,9.548,25.251,18.062,20.176,14.502,11.782,4.300,32.657,41.449,35.665,34.096,39.013,32.956,31.548,29.544,40.182,31.479,36.161,38.202,0,31.576,31.880,37.709,37.029,42.117,5.197,5.438,40.197,30.970,18.776,6.049,37.620,19.179,35.468,11.719,5.378,21.407,36.674,10.066,16.390,43.847,29.295,12.512,25.596,43.505,9.614,8.930,45.271,45.849,21.978,29.928,46.419,40.087,36.088,8.961,19.150,15.823,44.358,22.151,11.251,14.317,28.605,25.703,37.439,24.097,18.806,26.070,27.382,36.521,13.595,36.123,40.156,8.282,44.327,29.771,28.965,14.187,24.016,1.475,27.440,34.350,29.954,10.973
91,40.889,16.810,37.516,23.905,13.793,32.121,20.992,20.175,37.774,36.393,24.652,7.366,10.758,25.541,16.629,34.009,36.684,29.886,15.230,40.944,37.461,38.195,39.287,35.840,37.571,11.497,29.730,4.962,26.693,8.887,16.316,3.981,35.365,42.632,10.452,37.390,31.576,0,12.645,28.655,7.659,27.741,34.118,26.468,19.652,11.651,40.277,35.854,8.587,27.841,11.791,29.869,27.148,24.424,37.358,25.653,15.187,19.156,31.897,42.454,27.965,33.513,32.157,33.555,23.789,28.792,17.983,37.286,23.848,8.830,22.183,29.164,13.459,17.147,13.123,10.345,23.164,26.583,14.669,21.879,19.542,37.302,22.503,18.559,25.855,25.392,24.454,4.669,9.001,38.221,17.807,40.840,5.528,27.871,31.529,32.867,14.632,37.411,23.732,20.912
56,48.009,27.679,48.996,17.075,26.343,37.370,20.430,12.898,43.680,39.623,18.827,12.896,6.058,38.097,25.618,35.723,44.592,26.482,25.478,45.807,43.873,42.515,42.182,36.050,47.414,22.385,41.242,9.170,38.981,4.288,3.873,9.140,47.013,51.278,23.046,48.441,31.880,12.645,0,40.609,19.630,40.256,32.502,28.023,32.296,23.774,45.575,34.260,9.633,35.397,4.236,25.551,26.576,16.272,48.113,22.971,18.037,31.452,41.785,44.200,37.412,45.787,28.616,30.336,36.337,41.434,11.038,46.510,36.284,18.478,34.439,33.017,19.582,16.203,21.818,11.619,27.477,21.511,26.034,11.888,32.090,44.935,30.239,8.738,36.009,37.460,20.256,13.175,14.223,39.841,29.739,49.382,17.116,33.726,40.083,32.798,5.036,47.665,34.730,23.596
16,26.410,25.874,9.457,44.128,18.569,27.108,34.742,42.280,28.054,34.092,43.383,28.588,36.356,7.500,17.987,36.164,21.508,43.151,16.246,32.722,26.460,32.465,36.554,40.282,15.281,26.346,3.372,33.490,3.602,37.402,43.761,31.528,7.038,22.857,20.341,10.656,37.709,28.655,40.609,0,24.854,6.392,42.708,33.088,13.193,17.007,31.163,43.757,36.527,19.504,40.433,44.547,37.113,46.006,11.696,39.705,29.252,18.678,12.175,41.218,13.176,5.988,44.781,45.150,15.003,10.658,40.711,17.368,16.718,29.264,6.834,29.350,24.842,34.253,30.905,31.707,26.902,43.586,14.683,46.106,10.720,22.716,18.960,43.480,10.519,3.345,41.186,31.036,34.347,38.780,21.339,21.950,23.538,24.195,17.123,39.112,40.678,13.626,7.901,29.663
61,42.035,9.357,34.223,31.421,7.172,35.009,27.355,27.784,39.937,40.257,32.025,13.904,18.414,20.158,18.189,38.741,37.368,36.624,15.642,43.667,39.280,41.361,43.215,41.161,36.370,4.426,26.688,10.606,22.198,15.467,23.456,11.622,31.869,42.430,4.523,34.728,37.029,7.659,19.630,24.854,0,22.470,40.185,31.674,13.561,9.507,42.746,41.859,12.448,29.348,17.706,36.831,33.139,32.043,35.089,32.355,20.973,11.829,30.914,46.862,27.713,28.825,38.865,40.139,16.919,22.660,25.604,36.739,16.713,4.658,18.027,33.066,17.935,23.923,7.982,17.437,27.279,33.786,13.489,29.520,14.493,38.188,24.358,26.185,24.968,21.512,31.551,6.958,9.526,42.830,10.207,40.798,8.064,30.640,31.918,38.413,22.199,35.753,21.900,26.065
38,32.741,21.371,14.317,46.205,15.461,32.587,37.656,43.852,34.096,39.536,45.759,29.313,36.777,2.323,20.869,41.099,27.797,46.589,18.365,38.750,32.568,38.248,42.130,45.047,21.612,22.943,9.764,32.243,3.314,36.626,43.713,31.135,11.872,29.216,18.051,16.320,42.117,27.741,40.256,6.392,22.470,0,46.927,37.168,9.161,16.667,37.232,48.120,34.786,24.907,39.415,47.775,40.860,47.828,17.660,42.850,31.595,13.847,18.495,46.746,18.945,6.704,48.392,48.954,9.219,4.318,42.071,23.760,10.881,26.428,6.525,34.220,27.047,36.472,27.269,32.808,30.978,46.327,15.798,47.238,8.206,28.995,23.374,44.342,15.930,5.735,43.882,29.212,31.917,44.024,16.688,28.338,23.296,29.283,23.185,43.563,41.113,19.858,12.424,33.093
77,29.547,49.239,45.879,17.422,42.346,18.728,13.164,20.622,23.492,14.472,15.114,26.767,27.315,45.956,26.553,9.113,29.694,6.850,29.598,22.135,24.977,18.729,15.162,5.677,37.823,44.605,40.751,36.024,43.878,34.209,31.550,31.606,45.343,36.397,39.779,43.399,5.197,34.118,32.502,42.708,40.185,46.927,0,9.773,44.504,34.934,23.069,1.777,39.294,24.367,36.389,8.788,7.046,19.751,41.871,9.538,19.215,47.838,34.491,14.324,30.758,48.549,5.772,4.435,49.621,50.558,21.841,35.060,50.689,42.851,40.779,14.157,22.680,17.314,47.157,24.107,15.950,12.416,32.901,24.583,41.880,29.079,23.755,25.616,32.461,41.393,12.615,38.487,42.288,10.903,48.105,34.735,32.195,19.380,29.208,4.082,27.718,39.535,34.897,14.660
14,23.898,40.405,36.881,17.490,33.079,12.061,7.859,18.871,18.212,11.794,15.493,19.212,22.124,36.182,16.828,7.793,22.630,10.940,19.921,18.839,19.174,15.278,14.191,9.488,29.727,36.088,31.290,29.294,34.142,28.606,28.220,24.710,36.137,29.758,30.729,34.623,5.438,26.468,28.023,33.088,31.674,37.168,9.773,0,34.862,25.542,19.087,11.084,32.940,15.614,31.325,12.849,4.570,20.095,33.250,9.147,11.341,38.428,25.722,16.365,21.652,38.983,12.067,12.154,39.957,40.784,19.103,27.288,41.073,34.848,31.006,6.690,13.756,11.841,39.097,17.511,6.207,13.943,23.257,23.616,32.168,22.319,14.143,23.316,23.020,31.663,12.367,31.072,35.201,12.011,38.889,27.924,23.611,10.918,20.876,6.890,23.974,31.191,25.229,5.621
12,36.596,12.684,22.513,40.602,6.411,33.371,33.471,37.701,36.467,39.923,40.549,22.760,29.589,6.851,18.092,40.259,31.553,42.872,14.947,40.905,35.256,39.605,42.769,43.722,27.535,13.784,15.979,23.781,9.819,28.408,35.942,23.367,20.035,34.720,9.363,23.832,40.197,19.652,32.296,13.193,13.561,9.161,44.504,34.862,0,10.251,39.589,45.926,25.997,26.044,30.985,43.706,37.831,41.874,24.732,38.804,26.923,5.656,23.023,47.127,21.600,15.796,44.899,45.759,5.141,9.180,35.724,28.923,6.232,17.312,7.161,33.554,22.525,31.376,18.149,26.499,29.020,41.593,11.608,40.522,3.331,32.637,22.717,37.405,18.305,10.238,39.159,20.457,22.874,43.775,8.166,33.462,16.098,29.378,26.238,41.672,33.827,26.260,14.319,29.927
7,32.664,15.746,25.924,30.393,7.620,26.506,23.357,27.622,30.940,32.362,30.301,12.783,20.113,14.649,9.674,31.733,27.925,32.815,6.650,34.911,30.143,32.913,35.311,34.780,26.998,12.918,18.160,16.523,15.207,20.415,27.117,14.638,23.736,32.928,6.094,25.980,30.970,11.651,23.774,17.007,9.507,16.667,34.934,25.542,10.251,0,33.864,36.450,19.740,20.229,23.426,33.557,28.076,31.745,26.119,28.686,16.752,12.907,21.472,39.321,18.207,22.014,34.896,35.849,15.310,18.558,25.715,27.254,16.086,14.141,10.665,25.425,12.472,21.128,17.257,16.430,20.156,31.354,3.998,30.716,8.786,28.779,15.573,27.737,15.485,13.763,28.924,14.428,18.240,35.576,13.441,31.290,6.674,22.184,22.453,32.430,24.447,26.518,12.621,20.275
57,7.374,49.462,29.627,36.535,40.927,8.275,26.697,37.886,3.152,8.598,34.462,34.231,39.517,37.424,24.557,14.029,10.364,28.294,27.258,1.682,4.730,4.341,8.683,17.677,19.388,46.667,28.038,44.372,33.943,45.137,46.471,39.996,30.229,14.852,39.957,26.496,18.776,40.277,45.575,31.163,42.746,37.232,23.069,19.087,39.589,33.864,0,22.824,48.269,13.741,48.217,30.457,22.896,39.145,24.569,27.917,27.551,44.756,19.255,12.623,18.393,35.624,28.327,27.398,43.801,41.534,37.916,16.203,45.368,46.988,33.144,12.799,27.103,30.106,50.728,34.089,18.105,32.602,30.073,42.661,36.275,9.200,18.393,42.120,21.620,31.719,31.328,44.840,49.222,12.994,46.348,13.693,35.614,12.406,14.054,19.241,42.188,21.605,25.572,22.117
6,29.526,50.879,46.620,19.006,43.900,19.098,14.920,22.301,23.483,14.271,16.709,28.497,29.090,47.207,27.912,9.148,29.974,8.378,30.994,21.783,25.047,18.494,14.615,5.151,38.305,46.282,41.705,37.794,45.034,35.986,33.265,33.370,46.169,36.529,41.377,44.067,6.049,35.854,34.260,43.757,41.859,48.120,1.777,11.084,45.926,36.450,22.824,0,41.071,25.126,38.157,10.187,8.735,21.281,42.492,11.290,20.900,49.356,35.189,13.274,31.589,49.553,6.995,5.404,51.030,51.810,23.562,35.471,52.126,44.572,42.038,14.840,24.271,19.086,48.877,25.870,17.175,13.970,34.318,26.180,43.251,29.298,24.844,27.297,33.425,42.544,14.300,40.238,44.052,10.229,49.675,34.917,33.851,20.124,29.807,4.681,29.460,40.080,35.994,16.186
18,49.288,18.878,45.637,25.806,19.620,40.026,26.293,21.628,45.904,43.699,27.219,14.142,12.310,32.493,25.148,40.703,45.184,34.027,23.815,48.820,45.706,45.886,46.506,41.917,46.132,13.909,37.893,3.903,34.213,5.753,13.313,8.362,43.402,51.208,16.741,45.703,37.620,8.587,9.633,36.527,12.448,34.786,39.294,32.940,25.997,19.740,48.269,41.071,0,36.244,6.116,33.491,32.677,25.437,45.764,30.065,21.711,23.867,40.465,49.268,36.553,40.966,36.272,37.876,29.227,35.107,19.510,45.873,28.843,9.749,29.828,36.584,21.170,22.015,12.440,15.475,30.617,29.672,23.089,21.421,26.663,45.768,30.890,18.147,34.415,33.201,27.984,5.574,4.668,44.936,21.706,49.409,14.092,35.892,40.081,38.766,14.086,45.923,32.154,27.674
86,13.050,35.740,21.512,31.130,27.190,7.681,20.470,30.978,10.735,14.638,29.605,22.875,29.543,24.672,11.349,16.857,9.195,26.533,13.718,14.936,9.935,13.614,17.233,21.117,14.265,33.114,16.968,32.364,21.606,34.042,37.154,28.339,21.063,16.049,26.318,19.080,19.179,27.841,35.397,19.504,29.348,24.907,24.367,15.614,26.044,20.229,13.741,25.126,36.244,0,37.279,28.364,20.149,33.556,17.648,24.129,18.084,31.082,10.157,21.840,6.552,24.934,27.652,27.572,30.488,29.070,30.261,12.178,31.987,33.746,19.977,10.296,15.831,22.248,37.304,23.863,10.415,28.767,16.372,35.660,22.768,9.600,5.355,34.156,9.027,19.184,26.719,32.193,36.540,19.276,32.617,14.127,22.737,5.002,5.443,20.454,33.049,15.602,12.582,14.722
65,50.137,24.899,49.197,21.298,24.758,39.953,23.966,17.112,46.142,42.719,23.012,14.404,9.245,37.177,26.846,39.096,46.437,30.529,26.202,48.564,46.191,45.383,45.372,39.696,48.513,19.792,41.405,7.206,38.472,3.268,7.423,9.301,47.090,52.892,21.622,48.917,35.468,11.791,4.236,40.433,17.706,39.415,36.389,31.325,30.985,23.426,48.217,38.157,6.116,37.279,0,29.676,30.242,20.503,48.758,26.892,20.751,29.447,42.834,47.635,38.622,45.291,32.693,34.394,34.624,40.164,15.199,47.871,34.386,15.691,33.970,35.896,21.516,19.658,18.556,14.167,30.150,25.665,26.214,16.018,31.210,46.876,31.990,12.946,36.899,37.180,24.317,10.813,10.774,43.268,27.464,51.027,17.010,36.100,41.664,36.459,9.249,48.570,35.184,26.561
75,36.204,46.169,49.296,9.098,40.372,24.563,10.245,12.861,30.265,22.043,6.917,22.928,21.182,46.427,26.915,16.600,35.387,2.171,29.506,29.780,31.483,26.211,23.323,14.202,42.554,41.117,43.173,30.698,45.027,27.986,23.959,26.679,48.350,42.451,37.400,47.206,11.719,29.869,25.551,44.547,36.831,47.775,8.788,12.849,43.706,33.557,30.457,10.187,33.491,28.364,29.676,0,8.281,11.185,45.920,4.937,16.805,46.110,38.370,23.041,34.125,50.531,3.316,5.102,48.826,50.931,14.520,40.136,49.642,38.681,41.316,19.284,21.191,12.922,42.939,19.531,18.247,4.109,32.485,16.233,41.554,35.000,26.103,17.774,35.074,42.640,5.523,33.765,37.079,19.341,45.854,40.651,29.327,23.763,33.692,11.543,20.550,43.966,36.664,14.887
31,28.184,42.203,41.296,13.812,35.409,16.418,6.385,15.921,22.355,14.913,11.639,19.785,21.023,39.724,20.132,9.877,27.142,6.385,23.047,22.436,23.450,18.828,16.808,9.474,34.294,37.560,35.484,29.275,37.936,27.828,26.174,24.788,40.472,34.240,32.782,39.102,5.378,27.148,26.576,37.113,33.139,40.860,7.046,4.570,37.831,28.076,22.896,8.735,32.677,20.149,30.242,8.281,0,16.410,37.762,5.040,12.171,40.959,30.222,17.884,26.075,43.057,7.695,8.094,42.967,44.305,16.604,31.857,43.970,35.845,34.549,11.079,15.713,10.694,40.148,17.304,10.308,9.717,26.275,20.466,35.338,26.791,18.303,20.711,27.265,35.485,8.533,31.575,35.465,13.618,41.142,32.422,25.151,15.488,25.438,6.223,22.079,35.741,29.216,7.914
99,43.825,41.220,52.484,2.610,37.206,32.001,13.153,4.267,38.280,31.323,4.812,19.150,13.885,46.071,28.143,26.202,41.933,12.910,29.815,38.787,39.142,35.185,33.143,24.744,47.628,35.866,45.427,23.554,45.600,19.684,13.757,20.575,51.070,49.120,33.905,50.960,21.407,24.424,16.272,46.006,32.043,47.828,19.751,20.095,41.874,31.745,39.145,21.281,25.437,33.556,20.503,11.185,16.410,0,50.024,11.397,16.864,42.934,42.653,33.621,38.104,51.883,14.499,16.279,46.729,50.236,6.441,45.733,47.184,32.636,41.342,26.689,21.167,11.890,36.602,15.381,23.271,7.340,32.037,5.196,40.465,41.827,29.759,7.596,38.097,43.473,7.877,27.270,29.674,29.604,42.004,47.220,25.952,29.865,38.976,21.708,11.384,48.618,38.549,18.846
29,18.109,37.337,5.186,47.774,29.547,23.649,37.354,46.887,21.871,30.101,46.516,35.313,43.011,19.137,22.801,33.734,14.223,44.141,22.645,26.250,20.025,27.224,31.897,38.096,5.286,37.239,8.768,42.320,15.289,45.549,50.751,39.487,6.578,12.467,30.729,1.969,36.674,37.358,48.113,11.696,35.089,17.660,41.871,33.250,24.732,26.119,24.569,42.492,45.764,17.648,48.758,45.920,37.762,50.024,0,41.514,33.403,30.306,7.551,36.487,11.963,12.987,45.299,45.206,26.653,21.553,45.741,8.413,28.361,39.691,17.827,27.714,29.705,38.210,41.852,37.666,27.725,46.007,22.694,51.271,21.941,15.370,20.311,49.170,12.246,14.502,43.817,40.543,44.301,35.185,32.898,12.213,31.869,22.542,12.687,37.872,47.112,3.023,13.625,31.654
83,33.034,41.649,44.710,8.815,35.601,21.205,5.334,11.318,27.283,19.943,6.606,18.501,17.911,41.491,21.998,14.811,31.702,4.270,24.569,27.475,28.305,23.867,21.754,13.706,38.390,36.698,38.416,26.983,40.121,24.817,22.062,22.734,43.680,38.859,32.692,42.726,10.066,25.653,22.971,39.705,32.355,42.850,9.538,9.147,38.804,28.686,27.917,11.290,30.065,24.129,26.892,4.937,5.040,11.397,41.514,0,11.952,41.316,33.968,22.468,29.624,45.692,6.518,7.921,43.930,45.994,12.352,36.125,44.771,34.483,36.385,15.835,16.280,8.508,38.775,15.344,13.795,4.796,27.551,15.656,36.625,31.434,21.462,16.260,30.394,37.745,3.536,29.770,33.333,18.329,41.148,37.007,24.682,19.782,29.535,10.527,18.183,39.689,31.839,10.101
84,30.177,30.091,35.651,14.883,23.681,19.333,6.648,13.490,25.654,22.088,14.195,7.878,11.986,30.048,11.301,19.030,27.151,16.135,13.259,27.834,25.909,24.632,24.841,20.654,31.474,25.391,28.567,17.997,29.116,17.783,19.264,13.409,34.207,34.130,20.851,34.233,16.390,15.187,18.037,29.252,20.973,31.595,19.215,11.341,26.923,16.752,27.551,20.900,21.711,18.084,20.751,16.805,12.171,16.864,33.403,11.952,0,29.375,26.207,27.577,21.630,35.182,18.280,19.381,32.033,34.450,12.397,29.963,32.837,23.747,25.071,15.151,4.551,5.006,28.039,6.584,9.446,14.793,15.929,17.911,24.892,27.347,13.470,16.118,21.318,26.876,12.343,19.754,23.861,23.265,29.289,32.207,13.022,15.768,23.240,17.692,15.062,32.229,21.697,5.965
