,0,89,98,27,39,21,80,78,67,60,26,81,41,44,43,72,73,63,52,55,92,70,10,93,85,13,94,42,49,25,22,45,28,34,90,1,96,91,56,16,61,38,77,14,12,7,57,6,18,86,65,75,31,99,29,83,84,71,95,11,47,48,76,88,30,58,15,69,19,62,23,53,50,33,68,54,51,79,97,40,46,20,24,5,9,66,37,87,4,35,8,64,82,17,74,3,2,32,36,59
0,0,23.240,37.274,14.499,23.440,17.405,37.567,15.042,37.354,35.156,27.093,34.634,31.755,35.136,22.418,23.138,19.232,17.535,27.630,30.781,29.330,28.513,15.974,38.737,29.506,18.154,23.983,20.540,29.623,33.726,24.111,33.567,39.775,39.440,9.320,30.667,30.121,7.033,13.025,27.500,31.567,25.239,38.485,33.168,29.955,36.250,24.085,29.024,33.667,33.928,25.698,16.669,27.379,23.625,26.200,28.408,12.162,19.907,13.948,28.735,25.786,38.347,9.149,31.317,39.301,28.194,19.065,37.023,22.729,10.995,35.341,19.158,22.215,31.881,35.672,31.013,21.398,12.069,28.231,22.729,35.154,31.564,14.587,13.822,29.108,33.426,20.284,12.852,36.236,21.233,23.006,24.611,10.452,27.263,32.498,38.614,17.179,33.414,31.347,38.616
89,23.240,0,48.370,23.153,24.233,12.109,37.275,29.269,31.332,42.615,22.706,41.467,28.851,30.914,19.850,31.701,38.131,32.623,39.451,35.137,26.233,12.729,37.615,41.934,42.999,22.681,37.817,14.051,44.622,36.266,7.808,31.355,44.220,45.413,21.872,39.105,46.718,29.367,30.767,35.972,22.051,33.654,28.487,40.907,23.478,37.102,42.254,39.886,41.126,45.921,29.345,8.531,43.036,18.368,33.177,23.719,27.769,22.137,17.531,14.754,24.130,35.994,29.725,46.090,32.899,46.547,41.149,35.178,33.839,15.835,38.676,15.684,40.895,42.901,45.935,17.663,35.687,14.623,15.442,40.781,25.828,35.673,18.251,35.125,30.334,25.006,7.624,35.822,44.806,40.079,26.742,44.552,31.604,44.480,22.079,41.423,35.174,17.074,40.523,36.901
98,37.274,48.370,0,41.339,33.552,45.502,26.866,36.018,32.540,17.291,41.559,17.765,32.655,33.315,30.003,32.671,28.416,42.759,28.480,29.731,37.132,42.280,31.250,20.685,16.212,43.890,29.814,39.731,9.985,26.373,44.385,35.065,15.386,13.211,44.009,25.917,15.694,40.173,38.021,22.357,38.467,26.656,36.091,9.685,34.599,19.284,22.376,20.058,9.177,11.975,34.956,47.007,16.199,45.933,38.817,30.277,40.008,41.240,43.285,47.261,36.007,26.550,39.562,10.043,30.576,18.227,31.852,23.788,37.489,45.715,31.501,45.374,19.449,20.594,6.306,40.154,30.176,42.910,42.361,28.802,34.688,18.258,48.887,36.713,39.563,34.058,43.847,35.378,22.272,22.371,41.155,22.481,30.622,25.203,40.461,16.358,34.217,43.251,10.398,24.245
27,14.499,23.153,41.339,0,15.636,11.586,44.504,7.869,42.042,43.401,36.547,32.159,25.160,42.061,26.569,14.229,19.651,31.871,40.153,41.398,20.191,29.921,20.378,45.564,29.306,30.335,37.093,14.572,35.335,28.139,20.870,42.472,39.348,45.083,21.182,24.699,38.647,17.969,9.889,37.533,36.895,19.458,39.958,35.058,24.795,37.375,25.879,26.237,37.951,41.988,15.553,20.374,29.146,32.931,39.435,26.243,26.499,7.161,5.869,34.405,35.154,35.704,12.569,34.830,39.710,36.382,30.081,36.895,36.688,12.805,45.873,28.243,28.555,42.269,37.610,27.990,16.218,20.824,22.475,35.417,33.548,30.497,23.206,27.157,40.645,36.492,24.587,20.184,46.280,31.205,35.409,29.613,22.567,39.000,38.042,42.376,31.195,32.471,37.539,42.240
39,23.440,24.233,33.552,15.636,0,17.367,36.408,16.204,32.761,37.099,35.669,20.487,9.552,35.102,19.977,10.282,23.183,39.443,40.036,38.106,6.268,24.260,26.956,37.148,23.503,35.375,38.596,10.331,31.260,13.958,17.721,37.787,26.670,36.046,30.515,15.623,36.868,29.088,21.179,33.975,30.853,10.984,28.838,25.000,10.673,24.749,25.956,18.439,28.917,37.026,6.379,25.840,25.565,35.085,41.295,13.178,33.812,10.535,16.530,33.171,32.845,20.770,24.852,29.922,26.685,36.028,36.112,23.295,40.024,23.454,41.978,32.034,28.718,39.073,28.742,17.768,16.973,26.818,13.979,38.388,20.700,17.898,32.241,34.996,40.250,27.133,25.304,29.277,41.834,32.634,37.841,31.049,28.074,40.174,32.512,31.502,36.428,23.957,30.482,31.099
21,17.405,12.109,45.502,11.586,17.367,0,41.644,18.677,37.181,43.836,30.277,36.567,25.038,37.216,22.579,22.124,29.314,32.109,40.598,39.097,20.369,21.177,29.388,44.527,36.428,26.208,38.092,8.997,40.636,31.172,11.088,37.784,41.784,45.957,19.852,31.394,43.532,22.889,20.430,37.399,30.002,25.851,34.211,38.155,21.908,37.151,34.585,32.960,39.948,44.803,20.576,11.763,36.539,25.912,36.937,23.497,26.623,11.168,6.016,25.336,30.163,35.122,20.694,41.054,36.077,42.280,36.087,35.699,35.711,9.458,43.281,21.561,35.282,43.479,42.169,21.080,26.024,15.761,15.522,38.727,28.765,32.644,18.660,31.138,36.276,30.836,15.745,28.131,46.551,36.220,31.429,37.756,27.010,42.567,30.716,42.310,33.416,24.094,39.570,39.904
80,37.567,37.275,26.866,44.504,36.408,41.644,0,43.630,9.858,13.040,22.829,32.781,34.496,8.531,19.135,42.112,42.177,38.446,23.201,13.298,39.166,27.014,42.669,7.380,36.026,32.953,26.515,36.078,29.198,35.158,35.574,11.785,27.309,15.151,39.435,40.184,30.059,42.803,45.526,15.000,17.569,37.688,18.580,24.078,31.521,18.734,39.853,36.517,18.693,21.792,41.644,37.902,35.822,30.214,26.339,25.604,36.017,43.675,42.785,28.923,17.997,27.049,44.899,32.618,18.973,33.680,40.024,20.574,29.342,42.251,12.778,32.608,34.174,19.145,28.768,30.143,42.883,34.906,35.713,32.149,24.527,26.097,41.378,39.352,21.740,15.726,31.329,43.623,16.134,31.693,27.499,39.616,34.515,30.763,18.927,14.114,33.856,28.737,17.821,10.276
78,15.042,29.269,36.018,7.869,16.204,18.677,43.630,0,42.657,40.406,38.853,27.674,25.268,42.674,27.618,10.380,12.064,31.903,37.896,40.557,21.529,33.893,14.026,43.414,22.760,32.657,34.842,19.204,29.534,25.532,26.373,43.087,35.596,41.694,23.738,19.760,33.192,17.197,5.356,35.352,39.175,15.041,41.454,30.773,26.369,35.297,18.466,20.430,34.136,37.537,14.586,25.996,22.311,36.360,39.564,27.006,26.864,11.861,13.141,38.619,36.491,34.498,10.709,28.474,39.903,30.480,25.576,35.642,36.192,18.500,45.016,31.983,22.358,39.021,32.264,31.393,8.956,24.618,26.848,31.900,35.060,27.436,27.521,24.861,41.605,37.960,29.225,15.704,43.424,26.329,36.803,22.617,19.528,34.844,40.596,39.770,29.174,36.296,33.699,41.171
67,37.354,31.332,32.540,42.042,32.761,37.181,9.858,42.657,0,21.775,21.198,33.256,29.935,6.855,15.654,40.417,43.841,40.817,29.825,19.308,34.393,19.497,44.809,16.076,38.488,32.798,32.194,31.050,34.705,32.943,29.151,13.314,28.503,22.221,38.876,39.595,36.847,43.556,45.190,21.642,11.034,36.672,9.315,26.947,25.771,18.411,42.730,37.386,23.454,29.601,38.630,33.975,39.067,27.847,29.838,20.470,37.497,40.047,39.516,23.493,17.508,23.563,44.964,37.264,12.822,39.776,44.263,17.861,33.146,39.525,19.757,30.214,38.379,27.379,32.665,22.417,42.921,32.788,28.865,37.776,17.019,25.696,39.482,42.325,23.746,7.177,26.598,45.575,25.357,36.788,28.636,43.730,37.032,37.520,12.500,17.925,37.729,20.008,23.876,10.179
60,35.156,42.615,17.291,43.401,37.099,43.836,13.040,40.406,21.775,0,28.671,29.168,36.767,19.791,23.563,39.651,35.514,35.121,16.610,13.990,41.097,34.968,35.742,7.804,28.798,34.035,20.049,38.970,18.614,34.544,40.765,19.936,24.837,8.907,38.545,36.586,18.135,38.833,41.584,9.250,27.337,34.763,29.032,18.879,35.574,20.424,31.694,31.355,12.410,9.109,40.972,41.071,27.502,34.807,25.651,29.755,33.350,43.906,43.165,36.586,23.241,30.093,40.951,22.905,26.936,22.349,31.653,24.356,26.424,42.809,14.610,35.989,24.989,8.501,21.251,37.009,38.117,36.413,40.921,23.617,31.902,24.703,42.399,33.446,25.012,25.600,36.327,37.361,6.719,22.311,28.967,30.087,28.823,20.501,28.883,13.922,28.041,37.435,8.844,17.481
26,27.093,22.706,41.559,36.547,35.669,30.277,22.829,38.853,21.198,28.671,0,43.415,38.384,15.993,17.447,41.853,41.594,24.534,23.146,16.275,39.395,18.551,39.535,28.435,43.586,13.914,23.404,29.496,38.322,42.642,26.033,12.153,42.544,34.572,23.655,45.658,37.367,32.105,39.116,21.379,12.589,40.782,25.723,37.364,33.275,33.783,42.894,43.205,33.920,34.304,41.422,21.128,42.237,8.099,14.593,29.107,22.357,37.617,32.620,10.919,5.638,38.469,36.228,42.132,30.988,38.961,36.017,33.938,18.605,28.150,18.695,12.314,37.246,27.862,42.176,27.991,42.799,18.355,31.031,29.866,29.676,36.514,22.914,30.544,8.469,20.087,15.426,37.437,28.201,32.792,9.930,42.313,28.511,32.466,11.917,33.313,25.949,24.711,31.345,28.701
81,34.634,41.467,17.765,32.159,20.487,36.567,32.781,27.674,33.256,29.168,43.415,0,17.812,36.354,26.965,20.001,24.634,46.653,38.568,37.597,22.235,36.607,30.063,29.554,11.911,45.377,38.628,29.417,20.495,9.409,35.399,39.790,9.631,24.282,42.772,10.941,28.318,38.848,31.749,31.138,37.515,13.408,32.010,10.443,22.178,16.031,21.357,8.884,16.996,26.852,20.551,42.078,16.192,46.061,45.353,20.518,42.144,29.565,34.625,45.054,38.532,15.570,35.490,17.099,25.519,28.599,37.076,17.590,44.015,39.953,40.404,44.363,24.032,33.149,11.580,30.502,21.159,40.348,31.071,37.539,26.187,7.743,46.545,40.141,44.843,31.387,39.631,34.863,35.216,29.792,44.928,26.057,32.627,36.329,39.651,21.034,39.888,35.675,20.790,25.707
41,31.755,28.851,32.655,25.160,9.552,25.038,34.496,25.268,29.935,36.767,38.384,17.812,0,33.976,21.366,17.308,30.093,46.348,43.355,39.505,6.911,24.950,34.543,35.096,25.489,41.204,42.890,16.427,33.264,9.274,21.382,38.098,21.812,33.730,38.340,16.916,39.726,37.734,30.316,35.709,30.602,14.933,24.475,23.141,6.421,19.928,31.020,20.037,27.366,37.786,12.718,32.335,28.669,39.405,45.387,9.972,40.869,19.511,25.512,35.643,35.076,12.951,33.981,31.569,20.695,39.786,42.833,17.266,45.011,31.896,42.705,37.391,33.453,40.714,27.502,15.871,23.848,33.609,15.010,43.538,15.353,14.579,39.720,42.370,43.061,24.714,29.784,37.468,42.428,37.540,42.326,36.204,35.057,44.345,32.416,27.856,42.639,22.310,30.332,26.992
44,35.136,30.914,33.315,42.061,35.102,37.216,8.531,42.674,6.855,19.791,15.993,36.354,33.976,0,15.796,42.044,43.379,35.903,24.722,13.514,37.698,20.459,43.340,15.686,39.623,28.041,27.246,32.427,34.029,36.773,30.278,6.475,32.270,22.954,35.504,42.114,34.717,40.864,44.440,17.806,9.741,38.692,15.325,29.013,29.643,22.618,42.442,39.268,24.624,27.922,40.980,32.124,39.369,23.484,23.639,24.164,33.239,41.186,39.312,20.979,12.225,28.868,43.329,37.428,19.208,37.700,41.006,23.002,27.474,37.946,13.831,26.463,37.006,23.746,34.310,25.888,43.616,29.951,31.590,33.606,22.274,28.963,36.222,38.542,17.256,11.137,24.941,43.396,21.704,34.074,22.945,42.515,34.167,33.633,10.719,20.664,33.284,23.035,23.557,14.582
43,22.418,19.850,30.003,26.569,19.977,22.579,19.135,27.618,15.654,23.563,17.447,26.965,21.366,15.796,0,27.075,30.602,30.160,25.779,19.936,23.448,12.749,31.253,22.532,29.438,22.874,25.820,17.237,28.227,25.263,17.314,17.901,27.074,25.581,25.253,29.351,30.896,29.052,29.968,18.918,12.330,24.901,16.270,23.027,17.030,18.993,31.376,27.674,21.898,27.623,25.921,20.812,29.560,20.253,25.055,12.180,25.510,25.410,24.132,18.306,13.713,21.946,29.760,30.282,17.979,32.130,32.932,18.569,26.083,24.506,23.434,19.889,28.145,25.807,28.523,15.338,29.461,19.369,18.495,29.487,15.399,19.885,26.473,30.132,21.764,11.165,15.149,31.614,27.059,27.377,21.966,33.066,24.213,31.006,14.182,21.856,27.537,16.087,21.473,18.309
72,23.138,31.701,32.671,14.229,10.282,22.124,42.112,10.380,40.417,39.651,41.853,20.001,17.308,42.044,27.075,0,15.743,39.767,41.422,42.252,14.255,33.460,20.781,41.390,18.682,38.864,39.337,18.458,28.821,16.285,26.413,43.954,28.634,38.704,31.831,10.794,34.570,26.718,15.587,36.644,39.000,6.647,37.820,25.938,20.502,29.771,19.243,14.012,30.757,37.147,5.990,31.028,20.478,40.808,44.396,22.106,34.488,12.137,18.430,40.922,38.728,26.974,20.878,26.415,34.726,32.595,32.325,29.599,41.849,25.623,46.358,37.132,24.587,40.355,27.602,27.971,7.902,30.649,23.881,37.072,30.099,20.891,35.009,32.893,45.091,35.646,32.252,24.312,44.050,30.144,41.817,25.159,26.238,38.759,40.713,35.595,35.820,33.971,31.920,37.323
73,19.232,38.131,28.416,19.651,23.183,29.314,42.177,12.064,43.841,35.514,41.594,24.634,30.093,43.379,30.602,15.743,0,31.688,33.524,38.581,28.754,40.220,6.661,40.072,15.177,35.629,30.654,28.349,20.648,26.762,35.322,43.386,32.303,36.761,28.257,18.823,24.024,19.261,11.978,31.754,42.553,16.182,44.561,26.142,32.185,34.085,7.189,16.189,29.302,30.278,21.459,34.064,12.933,40.709,38.725,31.115,27.793,23.100,24.139,44.267,38.137,35.683,14.994,19.219,41.707,20.545,18.720,35.938,34.623,27.407,42.764,37.058,12.642,33.282,25.563,38.172,8.259,30.512,35.357,25.834,39.266,26.170,33.780,22.128,42.042,40.855,36.040,12.320,38.190,18.528,38.103,11.118,16.631,27.465,44.194,36.719,25.983,42.833,28.297,40.364
63,17.535,32.623,42.759,31.871,39.443,32.109,38.446,31.903,40.817,35.121,24.534,46.653,46.348,35.903,30.160,39.767,31.688,0,20.615,26.790,45.278,36.195,26.245,39.963,40.464,12.460,16.438,35.452,34.600,47.852,36.277,31.427,49.424,42.444,12.909,45.383,30.914,16.274,28.816,26.142,34.617,40.450,45.241,41.623,43.602,44.657,34.276,42.007,39.426,34.641,42.500,24.891,37.016,21.552,15.798,40.377,5.737,37.183,30.358,30.790,24.591,49.704,23.412,38.444,47.461,29.910,18.507,46.357,11.030,23.968,30.486,19.400,28.466,28.876,43.720,42.487,36.681,18.117,41.778,17.003,45.405,42.796,17.444,10.730,22.277,39.280,26.920,21.556,32.867,22.548,15.286,31.355,15.528,22.527,34.881,43.928,9.272,42.529,35.247,43.730
52,27.630,39.451,28.480,40.153,40.036,40.598,23.201,37.896,29.825,16.610,23.146,38.568,43.355,24.722,25.779,41.422,33.524,20.615,0,11.674,45.401,35.952,30.638,22.585,34.093,22.860,4.702,39.150,23.259,42.660,40.371,20.577,37.716,25.181,28.189,42.174,18.319,29.376,36.987,9.519,29.232,38.729,37.102,29.944,41.193,32.962,31.854,37.040,25.212,17.448,43.812,34.938,30.930,27.023,12.468,35.971,20.891,43.108,39.387,33.082,19.510,41.118,34.049,28.561,37.674,20.619,21.798,36.047,11.345,36.129,14.276,27.806,23.485,9.315,31.769,41.109,38.411,28.580,43.351,11.390,39.582,34.287,32.555,21.387,16.854,31.728,32.255,29.680,12.639,16.509,17.899,28.217,20.272,11.131,30.080,28.911,14.414,40.900,20.180,30.245
55,30.781,35.137,29.731,41.398,38.106,39.097,13.298,40.557,19.308,13.990,16.275,37.597,39.505,13.514,19.936,42.252,38.581,26.790,11.674,0,42.431,28.544,37.010,15.799,36.776,23.050,14.937,36.178,27.697,40.324,35.727,9.269,34.845,21.708,30.802,42.635,25.514,34.737,40.903,8.169,19.554,39.081,27.476,28.721,36.246,27.541,37.146,38.308,23.328,20.341,43.082,32.907,34.942,22.923,13.535,30.585,25.647,42.685,39.510,26.044,11.825,35.642,38.656,32.419,29.308,28.561,31.174,29.817,16.649,36.735,4.575,25.299,29.830,12.979,32.378,34.430,41.357,28.070,38.296,22.013,31.985,31.570,33.349,29.376,11.182,22.339,27.836,36.458,12.082,24.698,16.572,35.246,26.547,21.790,20.310,23.479,22.881,32.935,19.597,21.986
92,29.330,26.233,37.132,20.191,6.268,20.369,39.166,21.529,34.393,41.097,39.395,22.235,6.911,37.698,23.448,14.255,28.754,45.278,45.401,42.431,0,25.507,32.934,40.167,27.548,40.318,44.259,12.793,36.121,13.722,18.840,41.128,27.830,39.078,35.875,17.799,42.193,35.043,26.654,38.721,33.008,14.767,28.919,28.019,9.124,26.113,31.217,21.882,32.281,41.587,8.530,29.486,30.303,38.984,46.389,13.975,39.607,13.717,20.660,35.662,36.759,19.837,30.597,34.388,26.497,41.580,42.352,23.711,45.555,27.934,46.029,36.213,34.430,43.956,31.927,16.907,21.805,31.530,12.923,44.399,19.823,19.918,36.880,41.210,44.593,28.451,28.478,35.386,46.250,38.579,42.665,36.647,34.314,45.975,34.616,33.690,42.501,23.560,34.568,32.680
70,28.513,12.729,42.280,29.921,24.260,21.177,27.014,33.893,19.497,34.968,18.551,36.607,24.950,20.459,12.749,33.460,40.220,36.195,35.952,28.544,25.507,0,40.682,32.398,40.591,25.620,35.825,17.051,40.884,32.132,11.445,22.824,36.734,36.712,28.653,37.602,43.473,35.388,36.365,30.178,11.331,32.935,16.048,34.518,18.676,28.022,42.358,37.653,33.830,40.088,30.543,18.293,41.180,19.188,31.292,16.828,31.587,27.499,25.555,11.721,18.392,27.728,35.985,42.613,21.606,44.509,43.101,25.706,33.409,25.357,31.274,19.381,40.013,37.366,40.303,10.604,37.717,20.857,14.419,40.175,15.761,29.522,26.772,38.504,26.203,12.943,11.227,40.122,37.922,39.113,26.086,44.584,33.699,42.494,11.766,31.929,36.487,6.823,33.904,25.969
10,15.974,37.615,31.250,20.378,26.956,29.388,42.669,14.026,44.809,35.742,39.535,30.063,34.543,43.340,31.253,20.781,6.661,26.245,30.638,37.010,32.934,40.682,0,40.978,20.445,31.827,27.124,30.010,22.239,32.220,36.163,42.365,36.852,38.541,24.107,25.104,23.411,14.134,11.410,30.679,42.462,21.792,46.411,29.832,35.627,37.427,11.323,22.131,31.764,30.599,26.144,32.246,17.181,38.052,35.078,34.099,22.928,25.391,24.128,42.955,36.553,39.990,11.580,22.298,44.498,19.601,13.164,39.436,30.410,25.359,41.286,34.286,12.679,32.050,29.509,40.316,14.046,27.817,37.565,21.720,42.029,30.521,30.151,16.191,39.364,42.039,34.892,5.982,37.299,15.960,34.664,11.443,12.162,24.336,43.897,39.198,20.998,44.248,29.714,42.414
93,38.737,41.934,20.685,45.564,37.148,44.527,7.380,43.414,16.076,7.804,28.435,29.554,35.096,15.686,22.532,41.390,40.072,39.963,22.585,15.799,40.167,32.398,40.978,0,32.171,36.569,26.105,38.676,24.312,33.785,39.574,17.972,23.441,8.202,41.847,37.945,25.390,43.379,45.305,14.136,24.092,36.262,23.469,19.828,33.404,17.040,36.608,33.546,13.660,16.139,41.609,41.916,31.908,35.359,29.053,27.481,37.689,44.951,44.773,35.077,23.129,26.642,45.082,27.659,21.376,29.410,38.261,20.315,30.993,44.880,15.414,37.120,30.895,15.852,23.528,34.021,41.282,38.305,39.030,30.521,27.691,24.025,44.776,39.191,26.212,21.133,36.069,42.687,12.686,29.023,31.298,36.076,34.071,27.981,25.660,9.963,33.859,33.837,12.848,11.198
85,29.506,42.999,16.212,29.306,23.503,36.428,36.026,22.760,38.488,28.798,43.586,11.911,25.489,39.623,29.438,18.682,15.177,40.464,34.093,36.776,27.548,40.591,20.445,32.171,0,42.282,33.185,31.615,13.332,18.480,38.342,41.294,18.917,26.628,38.225,12.371,20.672,31.851,25.327,29.126,41.058,13.534,39.177,13.979,29.035,23.931,10.057,6.149,18.917,23.378,22.443,41.223,4.790,45.322,42.028,27.012,36.565,29.361,32.867,46.834,38.808,26.177,28.650,8.885,34.012,19.373,27.488,26.584,39.300,37.190,40.091,42.988,14.121,29.744,11.713,36.609,15.113,38.034,35.970,29.951,34.134,16.018,43.256,32.158,43.644,36.858,40.372,25.895,33.368,21.341,42.401,14.701,25.301,28.867,43.076,26.334,32.938,41.515,20.082,31.930
13,18.154,22.681,43.890,30.335,35.375,26.208,32.953,32.657,32.798,34.035,13.914,45.377,41.204,28.041,22.874,38.864,35.629,12.460,22.860,23.050,40.318,25.620,31.827,36.569,42.282,0,20.379,29.014,37.659,44.793,27.435,23.945,47.140,40.740,11.603,44.839,35.704,21.133,31.171,24.939,24.481,39.443,36.346,40.522,37.043,40.338,38.466,42.383,38.156,36.429,39.856,16.196,39.959,9.164,13.493,33.900,10.444,33.875,26.833,18.584,15.834,44.485,26.744,41.326,40.196,35.726,27.598,41.000,13.207,20.024,26.682,7.518,33.199,30.210,44.198,33.625,38.231,10.484,33.732,24.345,37.358,39.927,11.878,20.116,15.347,30.461,16.262,28.053,32.817,28.274,7.591,37.210,20.662,28.938,24.319,40.491,17.529,32.337,34.795,38.021
94,23.983,37.817,29.814,37.093,38.596,38.092,26.515,34.842,32.194,20.049,23.404,38.628,42.890,27.246,25.820,39.337,30.654,16.438,4.702,14.937,44.259,35.825,27.124,26.105,33.185,20.379,0,37.477,23.218,42.345,39.041,23.111,38.938,28.142,24.463,41.018,18.243,25.103,33.449,12.201,30.391,37.275,38.734,30.861,40.822,34.555,29.702,36.064,26.927,19.600,42.067,32.532,29.722,25.892,12.054,36.001,16.818,40.651,36.475,32.779,20.243,42.039,30.117,28.284,39.378,19.484,17.771,37.459,8.807,32.887,18.175,25.898,21.487,12.749,32.521,40.943,35.946,25.843,42.414,7.785,40.340,34.679,29.284,16.758,17.869,33.144,30.844,25.614,16.898,14.081,16.743,25.907,16.358,9.757,31.221,31.413,9.730,41.087,21.971,32.783
42,20.540,14.051,39.731,14.572,10.331,8.997,36.078,19.204,31.050,38.970,29.496,29.417,16.427,32.427,17.237,18.458,28.349,35.452,39.150,36.178,12.793,17.051,30.010,38.676,31.615,29.014,37.477,0,36.546,23.329,7.971,34.366,33.963,39.691,24.870,25.657,40.614,26.996,22.712,34.003,25.838,20.447,27.058,31.435,12.917,29.218,32.216,27.482,33.640,40.446,15.397,16.743,32.622,27.454,37.239,14.883,29.760,10.552,11.551,24.913,28.124,26.310,24.354,36.557,27.915,39.981,37.148,27.315,36.611,16.675,40.112,24.216,33.093,40.202,35.957,13.576,23.859,19.597,8.231,38.569,20.450,24.963,24.734,33.637,35.506,24.493,16.491,30.314,42.725,34.890,32.398,36.090,27.876,41.388,27.001,35.178,34.756,18.223,34.191,32.678
49,29.623,44.622,9.985,35.335,31.260,40.636,29.198,29.534,34.705,18.614,38.322,20.495,33.264,34.029,28.227,28.821,20.648,34.600,23.259,27.697,36.121,40.884,22.239,24.312,13.332,37.659,23.218,36.546,0,27.913,41.623,34.314,22.029,19.117,36.480,24.759,7.971,31.440,30.445,19.537,37.914,24.096,38.542,14.028,34.763,24.117,14.802,18.383,13.767,11.082,32.354,41.695,10.455,41.391,33.546,30.688,32.080,36.801,37.595,44.461,33.185,30.730,31.273,5.478,34.437,8.928,22.005,28.154,30.963,39.203,30.471,40.115,9.798,17.803,11.748,39.969,24.563,36.826,40.948,20.390,36.614,20.768,42.023,27.467,35.984,35.175,39.883,26.072,21.751,12.933,35.881,13.255,21.795,17.498,39.770,22.275,25.773,43.155,11.671,28.603
25,33.726,36.266,26.373,28.139,13.958,31.172,35.158,25.532,32.943,34.544,42.642,9.409,9.274,36.773,25.263,16.285,26.762,47.852,42.660,40.324,13.722,32.132,32.220,33.785,18.480,44.793,42.345,23.329,27.913,0,29.321,40.717,15.530,30.307,41.543,10.200,35.277,38.779,30.472,35.007,35.619,11.189,29.262,17.558,14.925,18.040,25.937,12.981,23.262,33.805,14.193,38.262,22.513,44.363,47.158,15.597,42.709,23.776,30.070,41.964,38.477,12.600,34.692,25.094,23.526,35.237,40.791,17.119,46.165,36.473,43.409,42.334,29.321,38.593,20.500,24.193,20.892,38.094,23.812,41.891,21.376,9.950,44.226,42.209,45.801,29.291,36.014,36.362,40.568,34.694,45.330,31.431,34.606,41.773,37.646,25.348,42.548,30.191,26.846,27.279
22,24.111,7.808,44.385,20.870,17.721,11.088,35.574,26.373,29.151,40.765,26.033,35.399,21.382,30.278,17.314,26.413,35.322,36.277,40.371,35.727,18.840,11.445,36.163,39.574,38.342,27.435,39.041,7.971,41.623,29.321,0,32.120,38.390,42.105,25.653,33.044,44.965,30.763,29.140,35.367,22.012,27.955,24.741,36.090,16.044,31.881,39.013,34.506,37.214,43.763,23.119,14.084,39.142,23.621,36.306,17.326,30.917,17.718,16.221,19.053,25.884,29.351,29.594,42.348,27.823,44.843,41.474,29.490,36.740,18.232,39.293,21.143,38.684,42.195,41.216,11.235,31.555,18.757,7.685,41.488,19.934,29.824,23.669,36.785,33.296,22.216,12.037,35.607,44.046,39.208,30.629,42.236,31.841,44.527,22.668,37.328,36.989,13.219,37.510,33.140
45,33.567,31.355,35.065,42.472,37.787,37.784,11.785,43.087,13.314,19.936,12.153,39.790,38.098,6.475,17.901,43.954,43.386,31.427,20.577,9.269,41.128,22.824,42.365,17.972,41.294,23.945,23.111,34.366,34.314,40.717,32.120,0,36.436,25.350,32.713,44.861,33.577,38.659,44.085,15.844,12.152,41.055,21.335,31.919,33.732,27.375,42.697,41.563,27.089,27.656,43.536,31.072,40.297,20.152,17.879,28.314,29.552,42.649,39.584,20.096,8.748,34.120,42.132,38.365,25.319,36.464,38.316,28.308,22.319,36.931,9.590,23.646,36.399,21.628,36.706,29.830,44.674,27.939,34.723,30.175,27.584,32.720,33.547,35.285,11.209,16.446,24.488,41.692,19.868,32.212,17.854,41.908,32.015,30.606,12.442,24.678,29.451,26.847,24.799,20.006
28,39.775,44.220,15.386,39.348,26.670,41.784,27.309,35.596,28.503,24.837,42.544,9.631,21.812,32.270,27.074,28.634,32.303,49.424,37.716,34.845,27.830,36.734,36.852,23.441,18.917,47.140,38.938,33.963,22.029,15.530,38.390,36.436,0,17.860,46.854,20.464,29.124,44.482,39.411,29.198,35.311,22.096,28.154,8.533,24.687,10.187,28.252,17.858,12.917,24.449,28.372,45.511,22.172,46.741,44.975,21.542,45.317,36.588,40.808,44.966,37.313,12.989,42.321,20.089,20.749,30.888,41.329,12.797,44.662,45.166,36.710,46.113,28.454,30.852,11.206,31.379,29.934,43.595,34.054,39.288,24.575,9.157,50.314,44.236,43.407,28.403,41.524,41.160,31.435,32.589,45.206,31.510,36.911,37.181,37.453,13.820,42.416,35.332,18.005,19.314
34,39.440,45.413,13.211,45.083,36.046,45.957,15.151,41.694,22.221,8.907,34.572,24.282,33.730,22.954,25.581,38.704,36.761,42.444,25.181,21.708,39.078,36.712,38.541,8.202,26.628,40.740,28.142,39.691,19.117,30.307,42.105,25.350,17.860,0,44.125,33.526,21.678,43.605,43.818,17.037,30.164,32.907,27.721,14.183,33.565,15.063,32.204,28.651,8.121,12.414,39.485,45.118,26.694,40.688,33.868,28.051,39.935,44.394,45.336,40.786,28.996,24.826,44.377,21.615,23.390,25.645,36.996,19.454,34.561,46.539,22.118,41.587,27.351,16.749,16.560,36.384,37.966,41.352,40.608,30.598,29.650,20.474,47.849,39.568,32.408,25.950,40.086,41.279,15.168,27.138,36.303,31.949,33.860,27.256,31.983,7.418,35.103,37.614,8.883,14.213
90,9.320,21.872,44.009,21.182,30.515,19.852,39.435,23.738,38.876,38.545,23.655,42.772,38.340,35.504,25.253,31.831,28.257,12.909,28.189,30.802,35.875,28.653,24.107,41.847,38.225,11.603,24.463,24.870,36.480,41.543,25.653,32.713,46.854,44.125,0,39.565,35.559,11.180,21.316,29.795,31.123,33.997,40.660,40.180,35.285,41.853,32.805,37.893,39.555,38.672,33.594,13.568,35.885,18.200,22.776,33.500,8.380,26.294,18.508,25.234,24.224,44.444,16.369,39.032,43.156,34.140,23.305,42.398,19.866,11.220,35.075,13.496,29.610,34.549,43.157,33.905,30.674,7.953,31.640,24.936,38.900,38.728,6.646,15.413,25.841,35.166,18.206,19.631,38.402,26.551,18.376,32.347,15.914,30.189,31.458,43.506,17.443,34.644,36.672,42.260
1,30.667,39.105,25.917,24.699,15.623,31.394,40.184,19.760,39.595,36.586,45.658,10.941,16.916,42.114,29.351,10.794,18.823,45.383,42.174,42.635,17.799,37.602,25.104,37.945,12.371,44.839,41.018,25.657,24.759,10.200,33.044,44.861,20.464,33.526,39.565,0,32.020,34.206,24.283,36.149,41.147,5.798,37.343,19.468,22.061,24.813,18.198,6.438,25.570,33.421,12.594,39.125,16.274,46.410,47.589,22.610,40.474,22.181,28.400,45.987,41.520,22.140,29.205,20.962,32.183,30.724,35.352,25.319,45.369,34.966,46.188,43.575,23.946,38.730,19.987,31.032,12.697,38.033,28.997,38.725,29.885,15.215,43.289,37.919,47.935,36.104,38.644,30.032,41.875,30.678,46.197,24.477,30.670,38.828,43.137,30.491,39.618,37.098,28.015,33.954
96,30.121,46.718,15.694,38.647,36.868,43.532,30.059,33.192,36.847,18.135,37.367,28.318,39.726,34.717,30.896,34.570,24.024,30.914,18.319,25.514,42.193,43.473,23.411,25.390,20.672,35.704,18.243,40.614,7.971,35.277,44.965,33.577,29.124,21.678,35.559,32.020,0,30.863,32.928,17.757,39.269,30.659,42.113,20.955,40.381,29.712,19.028,25.756,18.682,9.879,38.373,42.709,16.893,40.462,29.733,35.905,29.646,41.210,40.469,44.998,32.552,37.259,32.354,12.905,39.110,4.702,18.501,33.835,26.730,40.485,28.036,39.520,11.397,13.944,19.216,44.355,29.632,36.922,45.492,14.731,41.479,27.712,41.414,24.414,33.464,38.032,41.129,25.876,18.675,9.611,33.316,14.738,20.609,10.562,40.876,26.385,21.680,46.708,14.700,32.075
91,7.033,29.367,40.173,17.969,29.088,22.889,42.803,17.197,43.556,38.833,32.105,38.848,37.734,40.864,29.052,26.718,19.261,16.274,29.376,34.737,35.043,35.388,14.134,43.379,31.851,21.133,25.103,26.996,31.440,38.779,30.763,38.659,44.482,43.605,11.180,34.206,30.863,0,13.127,31.108,37.931,29.232,45.251,37.392,36.507,41.870,24.479,32.230,37.878,36.380,30.257,22.034,29.007,28.255,28.488,35.048,12.481,24.506,18.642,34.607,31.020,44.359,7.294,33.142,45.828,28.163,15.956,43.060,23.964,15.216,39.209,23.807,22.731,34.319,38.967,37.995,23.262,17.185,34.918,22.138,42.013,36.729,17.173,10.509,32.914,40.077,26.545,8.954,39.162,21.370,26.227,23.904,10.595,27.110,38.781,43.663,16.404,40.421,35.104,44.434
56,13.025,30.767,38.021,9.889,21.179,20.430,45.526,5.356,45.190,41.584,39.116,31.749,30.316,44.440,29.968,15.587,11.978,28.816,36.987,40.903,26.654,36.365,11.410,45.305,25.327,31.171,33.449,22.712,30.445,30.472,29.140,44.085,39.411,43.818,21.316,24.283,32.928,13.127,0,35.812,41.097,19.777,44.784,33.800,30.965,38.912,19.013,24.099,36.552,38.294,19.935,26.094,23.919,36.049,38.319,31.130,24.223,15.880,14.533,39.584,37.083,39.018,6.033,29.931,43.689,29.801,22.454,39.600,34.395,17.704,45.433,31.451,22.068,39.101,34.932,35.179,12.289,23.886,30.740,29.883,39.079,31.450,25.676,21.355,41.269,40.788,30.209,11.598,43.845,25.132,35.774,21.865,17.307,33.357,42.379,42.625,26.617,39.535,35.406,44.150
16,27.500,35.972,22.357,37.533,33.975,37.399,15.000,35.352,21.642,9.250,21.379,31.138,35.709,17.806,18.918,36.644,31.754,26.142,9.519,8.169,38.721,30.178,30.679,14.136,29.126,24.939,12.201,34.003,19.537,35.007,35.367,15.844,29.198,17.037,29.795,36.149,17.757,31.108,35.812,0,23.200,33.019,28.683,22.089,33.620,23.635,29.552,31.272,16.956,13.071,38.195,33.286,27.073,26.625,17.120,28.014,24.371,38.991,36.740,29.992,16.198,32.067,34.192,24.328,28.455,20.836,25.594,26.719,17.551,35.125,11.426,27.523,22.159,7.234,25.052,33.970,34.929,28.038,37.047,17.166,31.113,26.055,33.634,25.621,17.494,23.779,29.181,31.054,9.227,17.684,20.130,27.594,21.609,16.057,24.528,19.677,19.825,34.076,12.496,20.851
61,31.567,22.051,38.467,36.895,30.853,30.002,17.569,39.175,11.034,27.337,12.589,37.515,30.602,9.741,12.330,39.000,42.553,34.617,29.232,19.554,33.008,11.331,42.462,24.092,41.058,24.481,30.391,25.838,37.914,35.619,22.012,12.152,35.311,30.164,31.123,41.147,39.269,37.931,41.097,23.200,0,36.948,13.358,32.370,25.090,25.511,43.170,39.530,29.585,34.165,37.136,24.640,41.072,17.931,25.065,20.764,31.124,35.580,33.189,12.460,11.116,28.851,39.988,40.732,19.663,41.339,41.865,24.441,28.554,31.692,21.294,20.513,38.852,30.163,38.106,19.015,41.729,24.225,24.356,36.246,18.663,29.893,30.395,37.912,18.453,8.325,16.889,41.943,29.479,36.471,21.583,44.095,33.546,37.644,2.157,26.519,33.879,14.986,28.901,19.881
38,25.239,33.654,26.656,19.458,10.984,25.851,37.688,15.041,36.672,34.763,40.782,13.408,14.933,38.692,24.901,6.647,16.182,40.450,38.729,39.081,14.767,32.935,21.792,36.262,13.534,39.443,37.275,20.447,24.096,11.189,27.955,41.055,22.096,32.907,33.997,5.798,30.659,29.232,19.777,33.019,36.948,0,34.545,19.632,18.874,24.082,17.126,8.132,24.896,32.221,8.933,33.368,16.247,41.037,43.064,19.285,35.343,17.216,22.846,40.855,36.953,21.934,24.404,21.362,30.422,29.289,31.992,24.376,40.853,29.230,42.898,38.012,21.904,36.335,21.297,27.154,9.759,32.320,24.700,35.335,27.197,14.784,37.546,33.526,43.416,32.669,33.154,26.053,39.679,27.852,41.208,23.115,26.242,36.125,38.851,29.785,35.321,33.070,26.634,32.296
77,38.485,28.487,36.091,39.958,28.838,34.211,18.580,41.454,9.315,29.032,25.723,32.010,24.475,15.325,16.270,37.820,44.561,45.241,37.102,27.476,28.919,16.048,46.411,23.469,39.177,36.346,38.734,27.058,38.542,29.262,24.741,21.335,28.154,27.721,40.660,37.343,42.113,45.251,44.784,28.683,13.358,34.545,0,28.520,19.810,18.369,44.194,36.645,27.071,35.679,34.773,33.160,40.664,30.608,36.445,15.883,41.083,36.532,37.264,24.019,22.914,19.239,45.430,39.997,8.082,44.442,48.317,15.522,39.248,38.688,28.622,32.127,41.518,34.769,34.607,15.623,41.927,33.762,22.765,43.502,9.485,24.476,40.524,46.103,30.447,6.032,25.928,47.501,33.497,41.324,33.848,46.476,40.159,43.739,14.777,21.567,42.680,13.481,28.763,13.859
14,33.168,40.907,9.685,35.058,25.000,38.155,24.078,30.773,26.947,18.879,37.364,10.443,23.141,29.013,23.027,25.938,26.142,41.623,29.944,28.721,28.019,34.518,29.832,19.828,13.979,40.522,30.861,31.435,14.028,17.558,36.090,31.919,8.533,14.183,40.180,19.468,20.955,37.392,33.800,22.089,32.370,19.632,28.520,0,25.084,11.304,21.801,14.784,6.607,17.120,27.022,40.742,15.800,41.307,37.856,20.997,37.821,33.736,36.582,41.147,31.982,17.344,35.967,13.154,22.625,22.694,33.047,15.226,36.997,39.930,31.092,40.493,20.466,23.462,6.128,31.096,25.555,37.783,33.284,30.804,25.676,8.641,44.254,36.177,37.336,26.953,37.265,33.864,25.032,24.102,38.574,24.100,29.060,28.747,34.489,12.508,34.209,34.729,10.681,18.821
12,29.955,23.478,34.599,24.795,10.673,21.908,31.521,26.369,25.771,35.574,33.275,22.178,6.421,29.643,17.030,20.502,32.185,43.602,41.193,36.246,9.124,18.676,35.627,33.404,29.035,37.043,40.822,12.917,34.763,14.925,16.044,33.732,24.687,33.565,35.285,22.061,40.381,36.507,30.965,33.620,25.090,18.874,19.810,25.084,0,20.023,33.591,24.204,27.967,37.859,16.010,27.806,31.516,34.235,41.719,6.000,38.132,19.395,23.676,29.674,30.451,14.378,33.686,34.043,17.938,40.742,42.658,16.876,41.921,28.994,39.400,32.552,34.692,39.413,30.234,9.495,26.770,29.611,9.773,42.445,10.748,17.013,35.890,41.057,38.681,19.748,24.420,37.653,40.821,37.536,38.097,38.092,34.094,43.664,26.765,27.503,40.791,15.950,30.335,24.902
7,36.250,37.102,19.284,37.375,24.749,37.151,18.734,35.297,18.411,20.424,33.783,16.031,19.928,22.618,18.993,29.771,34.085,44.657,32.962,27.541,26.113,28.022,37.427,17.040,23.931,40.338,34.555,29.218,24.117,18.040,31.881,27.375,10.187,15.063,41.853,24.813,29.712,41.870,38.912,23.635,25.511,24.082,18.369,11.304,20.023,0,31.327,22.469,11.664,23.486,28.598,39.029,26.102,38.572,38.217,15.260,40.515,34.573,37.376,35.925,28.734,9.894,40.819,24.254,11.611,32.040,40.417,4.709,38.940,40.582,29.283,38.645,29.604,27.147,17.025,24.144,31.982,37.416,28.355,36.754,16.579,9.620,44.448,41.529,35.331,18.418,33.867,40.518,26.958,31.710,37.866,33.916,34.437,35.335,27.624,8.237,38.751,26.824,15.829,9.932
57,24.085,42.254,22.376,25.879,25.956,34.585,39.853,18.466,42.730,31.694,42.894,21.357,31.020,42.442,31.376,19.243,7.189,34.276,31.854,37.146,31.217,42.358,11.323,36.608,10.057,38.466,29.702,32.216,14.802,25.937,39.013,42.697,28.252,32.204,32.805,18.198,19.028,24.479,19.013,29.552,43.170,17.126,44.194,21.801,33.591,31.327,0,13.578,24.946,25.369,24.576,38.623,6.622,43.307,39.166,31.707,30.853,28.341,29.951,46.693,38.736,34.088,21.491,12.630,40.440,15.719,19.325,33.920,35.289,33.061,40.941,40.319,8.665,29.882,19.945,40.080,12.370,34.594,38.375,24.718,39.492,23.814,38.565,24.664,42.407,40.751,39.393,17.087,34.634,16.276,39.613,6.575,18.898,24.825,44.962,32.988,27.026,44.638,24.071,37.884
6,29.024,39.886,20.058,26.237,18.439,32.960,36.517,20.430,37.386,31.355,43.205,8.884,20.037,39.268,27.674,14.012,16.189,42.007,37.040,38.308,21.882,37.653,22.131,33.546,6.149,42.383,36.064,27.482,18.383,12.981,34.506,41.563,17.858,28.651,37.893,6.438,25.756,32.230,24.099,31.272,39.530,8.132,36.645,14.784,24.204,22.469,13.578,0,20.616,27.396,16.961,39.043,10.225,44.564,43.610,23.125,37.507,25.053,29.751,45.032,38.678,22.489,28.195,14.539,31.420,24.615,30.852,24.123,41.239,35.128,41.764,42.033,18.398,33.121,14.496,32.457,12.862,36.849,31.344,33.537,30.448,13.251,42.265,34.262,44.443,34.819,38.187,27.324,36.431,25.246,43.041,19.296,26.995,33.111,41.563,26.728,35.365,37.904,22.612,31.221
18,33.667,41.126,9.177,37.951,28.917,39.948,18.693,34.136,23.454,12.410,33.920,16.996,27.366,24.624,21.898,30.757,29.302,39.426,25.212,23.328,32.281,33.830,31.764,13.660,18.917,38.156,26.927,33.640,13.767,23.262,37.214,27.089,12.917,8.121,39.555,25.570,18.682,37.878,36.552,16.956,29.585,24.896,27.071,6.607,27.967,11.664,24.946,20.616,0,12.242,31.844,40.625,19.354,38.782,33.613,22.901,36.190,37.211,38.777,39.053,28.331,20.431,37.720,15.297,22.112,21.589,32.364,16.240,33.312,40.848,25.224,38.684,21.248,17.943,10.102,32.252,29.978,37.068,35.361,28.016,26.459,13.502,43.581,35.153,32.878,24.938,36.469,35.024,18.770,22.737,35.102,25.703,28.626,25.451,31.608,8.571,31.923,34.718,5.214,15.514
86,33.928,45.921,11.975,41.988,37.026,44.803,21.792,37.537,29.601,9.109,34.304,26.852,37.786,27.922,27.623,37.147,30.278,34.641,17.448,20.341,41.587,40.088,30.599,16.139,23.378,36.429,19.600,40.446,11.082,33.805,43.763,27.656,24.449,12.414,38.672,33.421,9.879,36.380,38.294,13.071,34.165,32.221,35.679,17.120,37.859,23.486,25.369,27.396,12.242,0,39.657,43.334,21.244,39.135,28.829,32.607,33.034,43.237,42.913,42.125,28.953,32.460,37.974,15.833,32.491,14.365,26.506,27.910,27.730,43.079,21.884,39.273,18.519,8.987,16.957,41.057,34.036,38.114,43.714,20.004,36.559,24.605,43.611,30.462,30.411,32.169,39.988,32.969,11.409,16.747,32.511,22.917,25.872,15.740,35.830,18.223,26.127,42.680,7.891,24.087
65,25.698,29.345,34.956,15.553,6.379,20.576,41.644,14.586,38.630,40.972,41.422,20.551,12.718,40.980,25.921,5.990,21.459,42.500,43.812,43.082,8.530,30.543,26.144,41.609,22.443,39.856,42.067,15.397,32.354,14.193,23.119,43.536,28.372,39.485,33.594,12.594,38.373,30.257,19.935,38.195,37.136,8.933,34.773,27.022,16.010,28.598,24.576,16.961,31.844,39.657,0,30.270,24.846,40.475,45.900,18.928,36.965,10.637,18.357,39.177,38.521,24.130,24.791,30.101,31.864,36.931,37.002,27.495,44.018,26.154,47.036,37.033,29.173,42.599,29.631,23.748,13.857,31.074,19.338,40.763,26.335,20.363,35.799,36.763,45.582,33.278,30.833,29.159,45.758,34.232,42.736,30.399,29.978,42.456,38.815,35.344,39.137,30.103,33.571,36.020
75,16.669,8.531,47.007,20.374,25.840,11.763,37.902,25.996,33.975,41.071,21.128,42.078,32.335,32.124,20.812,31.028,34.064,24.891,34.938,32.907,29.486,18.293,32.246,41.916,41.223,16.196,32.532,16.743,41.695,38.262,14.084,31.072,45.511,45.118,13.568,39.125,42.709,22.034,26.094,33.286,24.640,33.368,33.160,40.742,27.806,39.029,38.623,39.043,40.625,43.334,30.270,0,40.363,15.096,28.273,27.180,20.152,22.088,14.948,16.629,22.675,39.431,23.664,43.603,36.978,42.074,34.561,38.073,27.910,9.513,36.847,10.550,36.643,39.700,45.116,23.887,33.234,7.062,21.382,34.851,30.916,36.822,9.828,27.770,27.339,28.566,7.877,29.447,42.353,35.012,21.884,40.031,25.430,39.205,24.720,42.373,28.408,23.867,39.084,38.992
31,27.379,43.036,16.199,29.146,25.565,36.539,35.822,22.311,39.067,27.502,42.237,16.192,28.669,39.369,29.560,20.478,12.933,37.016,30.930,34.942,30.303,41.180,17.181,31.908,4.790,39.959,29.722,32.622,10.455,22.513,39.142,40.297,22.172,26.694,35.885,16.274,16.893,29.007,23.919,27.073,41.072,16.247,40.664,15.800,31.516,26.102,6.622,10.225,19.354,21.244,24.846,40.363,0,43.808,39.244,29.058,33.512,30.315,32.665,46.302,37.535,29.493,26.483,6.861,36.115,14.989,23.063,29.090,36.095,36.073,38.359,41.435,9.611,27.150,13.368,38.354,15.463,36.485,37.679,25.823,36.301,19.018,41.349,28.328,41.621,37.718,39.855,22.540,31.291,17.098,40.050,10.061,21.887,24.765,43.006,27.448,29.162,42.854,19.254,33.077
99,23.625,18.368,45.933,32.931,35.085,25.912,30.214,36.360,27.847,34.807,8.099,46.061,39.405,23.484,20.253,40.808,40.709,21.552,27.023,22.923,38.984,19.188,38.052,35.359,45.322,9.164,25.892,27.454,41.391,44.363,23.621,20.152,46.741,40.688,18.200,46.410,40.462,28.255,36.049,26.625,17.931,41.037,30.608,41.307,34.235,38.572,43.307,44.564,38.782,39.135,40.475,15.096,43.808,0,17.074,31.152,19.076,34.736,28.431,9.868,12.346,42.017,32.599,44.861,35.880,41.177,35.316,38.404,19.459,22.598,25.916,5.263,38.417,32.980,45.923,28.777,41.807,12.827,30.054,31.145,32.746,39.616,15.879,28.462,14.112,25.096,11.628,35.062,34.345,34.184,10.217,42.939,27.385,34.899,17.203,39.212,25.401,25.973,36.186,34.963
29,26.200,33.177,38.817,39.435,41.295,36.937,26.339,39.564,29.838,25.651,14.593,45.353,45.387,23.639,25.055,44.396,38.725,15.798,12.468,13.535,46.389,31.292,35.078,29.053,42.028,13.493,12.054,37.239,33.546,47.158,36.306,17.879,44.975,33.868,22.776,47.589,29.733,28.488,38.319,17.120,25.065,43.064,36.445,37.856,41.719,38.217,39.166,43.610,33.613,28.829,45.900,28.273,39.244,17.074,0,37.030,16.653,42.570,37.021,24.801,14.006,44.976,34.317,38.360,39.531,31.162,27.099,40.049,5.833,31.699,16.157,18.903,31.761,20.697,40.983,39.061,42.670,22.303,41.109,19.000,39.690,39.859,25.095,22.429,8.013,30.553,25.687,32.389,22.354,25.066,7.001,36.412,22.977,21.776,25.089,35.623,15.963,37.384,29.300,34.101
83,28.408,23.719,30.277,26.243,13.178,23.497,25.604,27.006,20.470,29.755,29.107,20.518,9.972,24.164,12.180,22.106,31.115,40.377,35.971,30.585,13.975,16.828,34.099,27.481,27.012,33.900,36.001,14.883,30.688,15.597,17.326,28.314,21.542,28.051,33.500,22.610,35.905,35.048,31.130,28.014,20.764,19.285,15.883,20.997,6.000,15.260,31.707,23.125,22.901,32.607,18.928,27.180,29.058,31.152,37.030,0,35.179,22.141,25.000,27.098,25.683,12.366,33.181,30.643,13.786,36.755,39.569,12.599,37.508,29.053,33.616,30.029,31.480,33.849,26.626,10.266,27.002,27.806,13.127,38.148,8.277,13.887,34.586,38.167,33.841,14.987,22.762,36.053,34.992,33.608,33.981,35.476,31.158,39.020,22.655,22.131,37.015,15.206,25.037,19.356
84,12.162,27.769,40.008,26.499,33.812,26.623,36.017,26.864,37.497,33.350,22.357,42.144,40.869,33.239,25.510,34.488,27.793,5.737,20.891,25.647,39.607,31.587,22.928,37.689,36.565,10.444,16.818,29.760,32.080,42.709,30.917,29.552,45.317,39.935,8.380,40.474,29.646,12.481,24.223,24.371,31.124,35.343,41.083,37.821,38.132,40.515,30.853,37.507,36.190,33.034,36.965,20.152,33.512,19.076,16.653,35.179,0,31.563,24.860,27.460,22.014,44.874,19.134,35.495,43.123,28.550,17.852,41.915,12.464,18.860,29.788,16.045,25.746,28.097,40.279,37.258,31.977,13.227,36.242,17.378,40.502,38.177,13.833,9.816,21.719,35.240,22.329,18.556,32.173,20.876,14.562,28.880,12.038,22.803,31.567,40.631,9.529,37.726,32.476,40.234
