0,0,30.66691347654118,17.17878410027957,38.61369070558468,36.23575037689895,13.82228935947435,29.02354028076025,36.24997434408898,23.00608871379865,29.10831079939222,15.97418355945105,28.73486070802264,29.95471727072925,18.15361092519929,33.16837173912958,19.06454834852724,27.49975830021934,27.26326518613289,33.66748068413792,22.72897692169424,31.56401501922489,17.40524009646883,24.1109208496989,35.34068164404599,14.58664337016577,33.72607860041384,27.09308949344747,14.49868020207861,39.77465791818533,26.19983890103804,39.30073536079238,27.37892222736498,33.41413747843239,31.88128385370788,39.44001549672284,21.23270400196906,31.346746428962,20.28371346395805,25.23881778186458,23.43990631050939,22.72918334574769,31.7551694225029,20.53961998480951,22.41849055890899,35.13605396411123,33.56733913570424,35.15405991170729,25.78586574646157,38.34724984763579,29.62325889312365,22.21546498087158,21.39806014930496,27.62959871240918,19.15769813806233,31.01274688543854,30.78142624335507,13.02470919778201,24.08496655645548,28.19391678905101,38.6155964206875,35.15639426216351,31.56665815471859,10.9949530589179,17.53464495297593,24.61065278609719,25.69762860166417,33.42559530957318,37.35431360311104,35.67215989064453,37.0230481502369,28.51343769813873,19.90665925085656,23.13839054375399,19.23153413453212,32.49849364153606,16.66864392391401,9.14912415409386,38.48483576993729,15.04208171631938,12.06929540932587,37.56721773595797,34.63404184277807,10.45243845423222,28.40815179068664,12.16170391198242,29.50632648612483,33.92769307940727,12.85152834877261,31.31653561252584,23.24037101008598,9.320236278435329,7.033308278602243,29.33012079788801,38.73717658096832,23.98300371481192,13.94837595823546,30.12108291313177,28.23055161406077,37.27361786428582,23.62504947963853
89,30.66691347654118,0,39.61768326447783,30.49106495955672,41.87508345463054,37.91920944378074,6.437606594647629,24.81293921620855,46.19747748749628,47.93506382887218,25.10396294603292,45.98716280644198,22.06076304121377,44.83872346524652,19.46784527172857,35.35247884821825,36.14919508172562,38.82790462026622,25.56964016053396,45.3693298912949,15.21490118755621,31.39370046572153,33.04370739188753,46.18758874478425,43.28924567850695,10.20013743619363,45.65840944454088,24.69882492153727,20.46424886153265,47.58872907202205,32.18265947802399,16.27378933373366,37.09831866236618,38.72993714641301,33.52622217193422,30.67782814721514,28.01547866888942,38.64432075729066,5.798098029032339,15.62268027413934,38.72470876780216,16.91571944340598,25.65693788123249,29.35101196765744,42.11404896772265,44.86056598403107,29.88523792319052,41.5200254560754,22.1400176514362,24.75939700928329,23.94626318494817,12.69702448662988,42.17427628698145,43.57535474316175,31.03177305146678,42.63469688243135,24.28330981716887,18.19840541782153,30.72362851922668,33.9543817900996,36.58582290259791,41.14668849527593,34.9664392714925,45.38285965208943,24.47686417768815,12.5936230513628,36.1036804818857,39.59539929867254,19.98725542900816,25.31922009637506,37.60220356361494,22.18093059290657,10.79381978483236,18.8231776542928,43.13689273370206,39.12528374132089,29.2047316846918,37.34313856667578,19.7599705435879,38.03256732242426,40.18403018308979,10.94079498501602,30.66982535342146,22.61005471139343,40.47382593076838,12.37091267146319,33.42085576815585,30.03205494674091,20.9623102172015,39.10463801657144,39.56536205736801,34.20609468002674,17.79885127487618,37.94468425776623,41.01786625981792,28.39992306140676,32.0198795853733,28.99748152467777,25.91734692821093,46.40985296801608
98,17.17878410027957,39.61768326447783,0,37.38101738227572,26.08083054972766,7.29205792593616,35.3652257967611,38.75054261644186,17.77297621132209,22.57172332628127,20.9979564482311,33.36280990815654,40.79116915390211,17.52905710153203,34.20890105136482,11.46941577550056,19.82460777893732,13.64706262526552,31.92266404762093,10.36556807183225,36.67136329353033,33.41573609759107,36.98858653438741,26.73683452676063,23.27010945810948,42.54765301593457,25.94865584217937,31.19522975725615,42.41635519143767,15.96313507924318,43.47140707236247,29.16222324106715,42.13128508842018,21.35030661096991,35.10257978630825,13.51817971128234,27.4975679546463,29.12999236017669,35.32109870408752,36.42817210187607,8.028759207359764,42.63861406622297,34.75623964059946,27.53689100842971,33.28364231715416,29.45078425277959,42.57153994891498,23.9400158842653,44.64160795068351,25.77345478026297,20.15662241306303,31.82373649796974,14.41373997499553,23.59937598673672,41.27944959824595,22.88143384674369,26.61663720537171,27.02647453636372,20.72471054321018,38.64213251303423,28.04057389839261,33.8794838945283,26.63935240142623,9.272097102964381,23.39537963178367,39.13693361829964,36.92627511080025,37.72891294639606,35.61352889786631,41.15238752074696,36.4865644149362,36.05648346227069,35.81986263738107,25.98349078398532,34.64490257906272,28.40770149488629,22.29510769891064,42.68025866198895,29.17370967816344,21.40459940410347,33.85632384255464,39.88820294284767,9.872127099643857,37.01476250123763,9.529139356145821,32.93848758438302,26.127213609051,17.85219365474425,29.86431505554032,35.17431321286999,17.44336282253829,16.40435216908034,42.50149625690853,33.85887906335255,9.729583266091639,30.90940560069231,21.67997031884981,41.07911853156128,34.21687217948317,25.40073014542259
27,38.61369070558468,30.49106495955672,37.38101738227572,0,20.50343694351907,41.29718181114838,26.72819906431645,8.236915324257534,36.68586557647961,32.98529893323013,39.19824992484388,37.69775326728925,27.50318090370975,40.49148166904567,12.50768054993552,39.63380004046049,19.67656232647647,31.79947940205505,8.570755040412855,36.67344151164016,15.85886919451614,42.31041892074934,37.32761257349156,24.32754779613948,46.5445004425809,25.34775428882788,33.31329564036054,42.37600592009335,13.82007395863508,35.62315470738122,16.29112359334353,27.44828581187502,31.81146659904059,21.78199812559935,7.417663188932699,30.14481092851518,11.8338703354019,36.90153347133386,29.78456617602477,31.50163591026989,34.18089470700269,27.85621405794854,35.17842246632269,21.85595757292726,20.66376309913177,24.67831040649068,22.88723164508264,27.89326686203766,17.97228018076132,22.27534720339211,29.42533581470284,36.34829382106467,28.91101895157578,39.99179891601715,30.34747817617869,23.47935467474128,42.6247599700603,32.98836066411857,29.69606910717424,8.338252425587939,13.92189514464989,26.51940257721284,44.28622850940016,43.92772361227802,34.08273497464469,35.34426559121999,20.76794782885337,17.9254490615428,16.9836069435382,12.28512722903727,31.92891789992254,40.63104664950733,35.59530435645872,36.71892242516578,28.4862852629456,42.37273522224842,43.72730983021552,21.5665034476435,39.77046348259783,39.65879517463787,14.11358130554319,21.03363267696425,34.88523618755356,22.13074786134694,40.63089272375955,26.33356628092943,18.22342213544133,42.02715849223742,23.7257438929703,41.42278148543974,43.5064307877084,43.6626506299184,33.69026664710475,9.963407706226159,31.41301759557096,42.30576116602325,26.38540467051497,34.97958443204898,16.35808200546561,39.21175060105132
39,36.23575037689895,41.87508345463054,26.08083054972766,20.50343694351907,0,32.32455394804308,36.43055983804611,26.95770427946199,27.01356565060517,22.74675181791076,37.29879439216064,37.49495120023128,40.82069591022581,32.8168872731917,25.03196589719053,30.83099068974421,9.226875574515599,17.99598978996827,18.76997994160861,23.27768859591607,30.89118713811852,46.55129069465371,44.04587890391899,11.86244430955299,42.34283325026546,40.56797236078565,28.20136957397346,46.279999721969,31.43512066628095,22.35377414012994,32.54354565489963,31.29129487947402,41.24237187739561,5.552015386608063,15.16767459294677,22.42035944690578,14.46533560557371,37.92167875218495,39.6789247782741,41.833840576488,21.31497216424702,42.42849802843136,42.725247068709,27.05865148701579,21.70412791513431,19.86837467447925,37.12455159357641,23.33038225270611,36.5070314420833,21.75146017040384,26.91742501586046,41.84996642298087,12.63928458482821,35.91259399985729,41.43919956742141,12.08193546361999,43.84454955068159,34.63400991381323,22.93288197946292,23.07492615523499,6.719287722358783,29.47926464853931,44.2854212521184,32.86677378095087,31.88032838105524,45.75846948347187,29.48635578217788,25.3570921699137,26.81212636925401,30.69232127371404,37.92207685548006,47.61428662330894,44.04961415862107,38.18995974593661,30.6753686524045,42.35277154946967,42.34698229992655,33.49747135085116,43.42382837919794,37.03740908635901,16.13421519648313,35.21554624942689,29.12576953268345,34.99155680088308,32.17343101447445,33.36794379246819,11.40919776920335,38.10856904016801,26.74855026343355,44.80614138808226,38.40178768676407,39.16187753494049,46.25044689316106,12.68615340098287,16.89819840874217,45.80632880534317,18.67493311918972,45.19596503908863,22.27155506340881,34.3448561350041
21,13.82228935947435,37.91920944378074,7.29205792593616,41.29718181114838,32.32455394804308,0,34.26241084058619,41.52863064304017,22.72393455931313,28.60572365449499,16.19071041112485,36.22586297294325,41.05726107086844,20.11572164107291,36.17730097551137,8.599314186768934,25.62097513635439,18.19300866960534,35.1529733789335,16.91370764856803,37.8209015205722,31.13843380078861,36.78508456515988,33.4749997959515,21.9234612118739,42.2087499941192,30.54391853096129,27.15691595014908,44.23551182552117,22.42944999311883,46.55088709653349,28.32770187612726,43.96691544254596,27.26156598913125,39.56769805364397,15.03928719984586,31.26185811544224,30.26650918123849,33.5256389207147,34.9962674516181,12.77303508185352,42.36959504192664,33.63707860010132,30.13205163882403,38.54222303813344,35.28537349344494,44.59511863138732,28.87679301839965,46.22840612719012,27.46687820478363,19.6267357271228,28.29310077774833,21.38739207903078,25.42293905492891,42.31880500778735,29.37639543152824,21.35450916791825,24.6643181792427,22.10988720956264,42.84279226463804,33.44643247571557,37.91192049107622,23.67135431867402,10.72998936334915,21.48155576073726,36.76257222551554,40.52074093215609,42.32514983588325,37.17035052768257,43.66188337702629,38.50396430921997,32.93056645237129,32.89304173369594,22.12763619529636,38.74534674719745,27.77032313190659,16.5184465233448,46.10316023646629,24.86098558521666,21.22106574426049,39.35184452391906,40.14065259319255,7.645798941983914,38.16683572862316,9.816345908736855,32.15778481857171,30.46176034872451,11.75656541435398,30.54853768421187,35.12501395439113,15.41334031063308,10.50911919480622,41.20969288129809,39.19086112359943,16.75765531323238,27.64304122725106,24.41374486114849,40.85815493220053,36.71314005293177,28.46172839218073
80,29.02354028076025,6.437606594647629,35.3652257967611,26.72819906431645,36.43055983804611,34.26241084058619,0,22.46916064411086,43.04135286735136,44.44277206298629,22.13057947883659,45.03179632434346,24.20354821995512,42.38265817676424,14.78426409985897,30.85183940432181,31.27174778821514,33.11107191551711,20.6157622019989,41.23898468011285,13.2511664722405,32.95988817510595,34.50576385391778,41.7635731695126,42.26500649553789,12.98142826600052,43.20513775643642,26.23710906097859,17.85787413745771,43.61030518231212,31.4202827553995,10.22487398938043,37.90445765509464,33.12076267992118,28.65061891837845,25.24612796796667,22.61248168270403,38.18739433714362,8.131778041867319,18.43881821579633,33.53709409719816,20.03715975106396,27.48208894766939,27.67402542951643,39.26824752775973,41.56343987986898,30.44753599691259,38.67758651674241,22.48946789993535,18.38264919842528,18.39771713511362,12.86241077999532,37.0399569863816,42.03315853332207,32.45747569582117,38.30801048731742,24.09907992794712,13.57763406440232,24.61476147491278,31.22149958869968,31.35503542652164,39.52986189447947,35.12832874297599,42.00685560434093,19.29640145595284,16.96093761269944,34.81884284234324,37.38572894848528,14.49602182477921,24.12342032850621,37.65338710807698,25.05295883567614,14.01160674681632,16.18942380246293,41.56274995615441,39.04286421407912,28.19479954678715,36.64483327782352,20.43036804677865,36.84940977490594,36.51746092401589,8.883611073239226,26.994996667598,23.12540959625826,37.50748941653289,6.1490239204277,27.39606851788617,27.32370183819066,14.53882503383323,39.88557581370117,37.89281023161215,32.22990782340492,21.88215726391311,33.54636622972597,36.06379697969924,29.75051592844645,25.75630923790984,31.34419203111923,20.05767573374801,44.56391694611515
78,36.24997434408898,24.81293921620855,38.75054261644186,8.236915324257534,26.95770427946199,41.52863064304017,22.46916064411086,0,37.86570790036107,35.33126156480709,37.42675611950881,35.92536346546492,20.0228763773947,40.33849564186269,11.30401938846632,40.41662297138882,23.63501226813579,35.33479882221832,11.66426972569316,38.94017453001251,9.619540376464279,37.15123247570072,31.88134449967356,29.28282261560702,44.44848727364229,18.03967550551392,33.78295624943512,37.37526701683301,10.1874460970924,38.21665727069446,11.61091048991129,26.10190098305235,26.82425836899114,27.14729313585948,15.06258229891743,31.71031089728594,15.82893471225208,33.8670121244842,24.08152546786992,24.74928369062407,36.75407023023045,19.92825468854098,29.21821792669268,18.99312735602071,22.61751223768765,27.3753799620998,16.57901907561116,28.73371402755011,9.893906819058778,24.11708185456225,29.6038584853593,31.98219256987309,32.96177821411765,38.64465491328327,24.14364306636886,27.54100879067904,38.91176158203348,31.32662127275954,32.03970894572984,9.932484067719438,20.42445474658934,25.51108069784784,40.58178496504636,44.65682304864777,33.91647973903417,28.59768335554268,18.4178814765441,18.41073607510491,17.02532210185332,4.709487466599698,28.02204139646269,34.57338819365606,29.77149076032493,34.08532437679391,27.62432656635605,39.02930588049916,40.81919891822668,18.36882434872859,35.29727056717545,37.41626875436344,18.73353915074887,16.03137745593936,34.43660174773781,15.25955507189652,40.51484762205604,23.93091237606197,23.48631991303905,40.5182625520222,24.25436101551399,37.10192161915803,41.85262007604685,41.87040729054417,26.11262377480969,17.03970747768635,34.55492115730328,37.37602442400016,29.71243238782976,28.3551805029144,19.2841613282455,38.57249643384133
67,23.00608871379865,46.19747748749628,17.77297621132209,36.68586557647961,27.01356565060517,22.72393455931313,43.04135286735136,37.86570790036107,0,8.00807738088843,34.66411516362674,18.72304648782776,38.09664380790218,7.591053386253869,38.57403403221345,28.81739157995145,20.12977104903603,26.28786295156962,35.1023925662863,9.655797108392745,39.03971669667705,31.42933070931548,30.62896547427588,19.71120942134659,19.35067751417326,45.32963256301579,9.929658935822447,35.4090775030044,45.20604737292969,7.000526292037059,37.76162675813196,40.05011807221367,32.57928228042102,25.26283968283559,36.30281459251879,27.48358906602681,31.42028130579885,19.37141764896187,41.20754676901094,37.84081128739997,22.72525310683836,42.3262844467864,32.39794801456799,21.96646556350727,22.94516264944966,17.85432216918768,36.52226768688742,11.19853360948957,43.34445664284733,35.88073858113889,33.2148610852933,41.03913216189165,17.89864197431945,12.03898688534847,34.52224539754784,16.5716165385225,35.7744057182062,39.61342733552322,34.28477075133941,34.08861330889224,28.96717840660263,21.58306814929146,26.43158569777847,15.28631613340548,37.82896541405587,42.73557412102981,27.87655062109711,28.63608707814691,42.33591846751585,38.93830230304913,26.08617581032448,38.29077709881895,41.81667459887083,38.10269258293894,21.3813212900505,21.88384450928805,31.77279597386723,33.8481413168734,36.80342609384466,16.49108418991286,27.49861629928295,44.92780561949218,22.72011849584944,33.9807553301487,14.56213018131216,42.40135642071975,32.51066849538377,31.63865497817329,40.14680342082622,26.74167482910189,18.37628213254222,26.22712254735324,42.66529371381188,31.29780083766634,16.74287558251976,32.22126320991804,33.31596979455965,36.12941305954373,41.15496066454451,10.21746474659688
60,29.10831079939222,47.93506382887218,22.57172332628127,32.98529893323013,22.74675181791076,28.60572365449499,44.44277206298629,35.33126156480709,8.00807738088843,0,39.36365278611939,19.36287574057081,38.68148701563812,15.3474019915233,37.33563425955965,33.24809488931248,17.49434000283558,27.27972261271172,32.87775460485231,13.39660740280515,38.42642392050829,36.27641611848122,33.2964507749612,13.09252954550623,26.69899505403786,45.8011444209415,8.469253044611962,40.64514604322404,43.40696245411241,8.01319922903212,34.58684877782663,41.62112763533059,32.01564568853548,22.61684152711927,32.40808917270667,29.75246099269937,29.32877953941016,22.77224903165056,43.41644219786721,40.24952296804327,25.24432365825642,43.06101371601358,35.50603780489796,21.76420778104521,17.25632096155256,11.20934414585653,34.97207241385932,8.404685325644246,41.76080200376038,35.98442212039953,35.49490110711873,44.68377662834703,16.85375559280873,17.6799965479681,34.72462047620329,11.18219247052743,41.2691264506327,42.40689518297322,35.47380254641745,29.76842451728624,25.01226699126664,18.4530723517058,32.76876415353468,22.27738820480509,40.60405321118154,45.58244000756076,24.77239047873433,23.74589879241485,41.38771239683264,36.54593215473524,26.20292039507412,42.55708504150939,45.0907803599782,42.04236831208335,18.16150207285646,27.33865334459682,37.92244888365332,30.44713984167462,41.60477172129021,22.79877457942753,21.74029622365384,44.84292432950797,27.58567403714633,33.8412220392901,21.71931232504965,43.64389167259357,30.41121197847573,37.22140231899483,40.53332538246374,30.33440076680057,25.84126684034223,32.91363638799786,44.59291247084201,26.21180398334543,17.86917057923176,37.53137882326794,33.46403818026102,37.8550297074329,39.56267263329545,14.11150587466051
26,15.97418355945105,25.10396294603292,20.9979564482311,39.19824992484388,37.29879439216064,16.19071041112485,22.13057947883659,37.42675611950881,34.66411516362674,39.36365278611939,0,42.95549194295791,35.62744280906583,31.82699047012397,29.83243288984358,13.16388949018561,30.67946551061518,24.33597223212509,31.76400529828192,30.41031009792393,30.52117091532621,29.38767365883257,36.16272205574608,41.28588230485754,30.15075472603622,32.22019775212195,39.53454151270954,20.37797433116529,36.85163188054805,35.07828478710714,44.49779961613872,17.18104132659094,44.248109074388,32.04990954781938,38.54088884414464,15.9600110678137,29.71370352200409,34.89174190004046,21.79211126168784,26.95620978312848,21.719723105851,34.5425913233313,30.00980621568075,31.25262803736849,43.33955394322235,42.36504653317697,42.02917610686173,36.55306194473485,39.99026109723615,22.23944638073856,12.67892532191108,14.04642323650472,30.63788463388654,34.28644537419584,40.31600422472761,37.01003193467456,11.41008049131032,11.32259967815375,19.60126290055715,42.41447986763932,35.7420030621926,42.46197890724571,25.3590617093147,26.24514274020993,11.44317859427112,26.14371877245235,42.0386790581533,44.80946215546012,29.50926503572164,39.43582976958201,40.68166619163262,25.39060406603005,20.78063831126787,6.660960813172396,43.89663864508551,32.24567590786725,11.57992302861437,46.41059824189196,14.02630392808385,27.8165118545838,42.66863611751181,30.06319605111784,12.16160398252195,34.09886542515718,22.92813499055256,20.44514468857488,30.59947162784518,5.9821967184687,22.29807952718894,37.61539189249264,24.10714871769324,14.13426588408372,32.93391896590207,40.97762553208393,27.12388020550063,24.12796179051375,23.41080222008963,37.56524615408224,31.25025978849735,38.0520794589432
81,28.73486070802264,45.98716280644198,33.36280990815654,37.69775326728925,37.49495120023128,36.22586297294325,45.03179632434346,35.92536346546492,18.72304648782776,19.36287574057081,42.95549194295791,0,29.67377532368747,18.58404519686355,41.14719206423914,42.32970353247466,29.99211153773473,41.25820005345658,39.05286881544061,27.84902248559995,37.97126769185391,25.33598470771367,19.0531922735415,28.47212234407371,22.14385530908045,41.96384010517796,10.91910371463524,34.40496077044725,44.96571762521936,24.80115250826824,30.50623910695506,46.30174357701053,17.92671972076437,37.01948789261593,40.78627449950267,39.73497493602768,37.63108764110333,9.894044708936665,40.85468779124685,33.17145081606685,38.22122767319176,35.64304127851767,24.91294687764342,18.30582597563702,20.97939030206834,20.0959536557221,26.60548587387556,14.32073669427654,37.88083374591192,44.46053876408175,42.72338336615034,43.64108858827643,33.08194346304712,12.33452098771931,22.26333070004935,26.04385265961613,39.58429365315444,46.69259227723556,46.10042583294114,31.85403223028268,36.58574459543531,12.45983110485483,25.64808041334059,30.78969788116268,47.46308119654653,39.17707876989721,19.55135799685794,23.49317347034011,46.54369574931921,34.65910601445088,11.72108931184115,34.18102996254292,40.92203548848931,44.26687346544419,11.259976098539,16.62903385179989,37.39111981875095,24.01883470872147,38.61858366397977,17.89545138530267,28.92305193249961,45.05378696428974,33.53074200786872,27.0978018962149,27.46049908511713,46.83395448595074,42.12468012986927,40.91362529205733,47.33172427067359,14.75359450685221,25.23418208128076,34.60741202307089,35.66183776255709,35.07713933618709,32.77940634438521,29.4211533796574,44.99807473970212,24.77708321099511,47.26148229747881,9.868219758455103
41,29.95471727072925,22.06076304121377,40.79116915390211,27.50318090370975,40.82069591022581,41.05726107086844,24.20354821995512,20.0228763773947,38.09664380790218,38.68148701563812,35.62744280906583,29.67377532368747,0,37.04293961546112,25.08406215504981,42.65777912849956,33.61989684451216,43.66371087413206,27.96713878217981,41.92114531477096,17.01323273383012,21.90768243474426,16.04393616281877,39.39977358113305,35.89026537807505,14.92491726142136,33.27475283745468,24.79474495147194,24.68716836934233,41.719312882523,17.93755764239437,31.51584152751212,15.95040930827316,39.41261745692257,33.56494743211665,37.53632704280676,30.33496603223368,24.41997984436709,18.87379265445536,10.67335180518329,42.44530964193403,6.421178875988913,12.91670859418607,17.03020559180674,29.64343475031444,33.73237840061969,10.74847246269888,30.4510453208569,14.37788204558042,34.76313009734474,34.69210709397529,26.77038353854593,41.19278428500785,32.55152697138372,9.494731508598832,36.24601553117928,30.96495545571196,33.59111655220522,40.742302438789,24.90188055309777,35.57405919449209,25.08993666381453,28.99366449397933,43.6017485011438,38.09188577531454,16.0104907618453,19.74750753487573,25.77099679598334,30.23378752036879,16.8760941817698,18.67639637216998,19.39536133381366,20.50171301245191,32.18459950331624,26.76482748953003,27.80624795074546,33.68563275137798,19.80991386956223,26.36921131921066,29.6105724285169,31.52102725798913,22.17770845005827,34.09386710002928,6.000493012739833,38.13208752005105,29.03512635724246,37.85935199354134,37.65339203773533,34.04324127359606,23.4776890063213,35.28546753694392,36.50727402327784,9.123586384740591,33.4043614502496,40.82238327503563,23.67584400731109,40.38116999042,9.773349448063213,34.59948808596753,34.23450965298579
44,18.15361092519929,44.83872346524652,17.52905710153203,40.49148166904567,32.8168872731917,20.11572164107291,42.38265817676424,40.33849564186269,7.591053386253869,15.3474019915233,31.82699047012397,18.58404519686355,37.04293961546112,0,40.5218455033875,27.59802794269337,24.93941046697316,28.93796205528201,38.15637898089842,13.20658878016115,39.92724180425396,26.20825315733033,27.43453730578574,26.68168001603633,11.87782125913188,44.79272984397741,13.91393980042283,30.33504649117657,47.14035033714144,13.49314844327247,40.19573906636095,39.95944566817973,32.33731584944954,30.20991241810504,40.73970115966841,28.27428961694769,34.79539127438439,16.26245598586707,39.44332567789825,35.37522331317786,24.34512730695702,41.20415562384638,29.01423453338843,22.87407411048291,28.04105844685276,23.94461974591735,37.35755266171198,15.83396328885126,44.48488728976614,37.65930440340604,33.19884414165677,38.23084509356,22.85975676268524,7.517719241107816,33.62481536757879,23.05029390532465,31.17064994624721,38.4659285151017,35.72583541482306,38.02075798369742,34.03506193257833,24.48133124693538,20.02414584682425,12.45957316441251,37.21023363687733,39.85605487831833,30.46053360796083,32.79808584746674,44.1980995972924,40.99950364152336,25.61970774088986,33.87539708425497,38.86383311826544,35.62894752202943,24.31897083648268,16.19581501875429,26.74361402531287,36.34593155862525,32.6565084817118,10.48401004226295,32.95309578892142,45.37738115245118,20.66191384605395,33.90022211918023,10.44367658026219,42.28227623700307,36.42872764091227,28.05313855699496,41.32550289905885,22.68104716662177,11.60275714370853,21.13289584268185,40.31799652400812,36.56911902041207,20.3790791443315,26.83276050937695,35.70428441455354,33.73150329006459,43.89004128846577,9.164254950370401
43,33.16837173912958,19.46784527172857,34.20890105136482,12.50768054993552,25.03196589719053,36.17730097551137,14.78426409985897,11.30401938846632,38.57403403221345,37.33563425955965,29.83243288984358,41.14719206423914,25.08406215504981,40.5218455033875,0,33.0474492312116,22.08889259185158,28.74712970114149,6.606810767353717,36.99724199207543,8.640645414308977,38.15482357514689,36.08986977070129,31.09246455589481,44.25398092023941,17.55766492025212,37.36421139944382,35.05827115730023,8.533252987750222,37.85622972928699,22.62532526282502,15.80047518744853,34.729488050983,23.46204700563839,14.18339751789872,24.10162936635829,10.68075283929675,37.2653195992046,19.63232791517859,25.00022651762989,30.80391805259149,23.14054579804301,31.43453598880726,23.02741041320356,29.01315099741355,31.91878138781521,25.6760535026768,31.98219284128601,17.34392493606424,14.02838494411557,20.46646510395531,25.55455181051547,29.94386741739576,40.49348419447954,31.09578658724042,28.72137020838662,33.80021320082712,21.80051015267083,22.69359752961398,18.82053670702624,18.87946349762473,32.36961570214192,39.92951741933751,41.62315951960946,24.10039710056909,27.0223809347366,26.95254931200897,26.94734762574917,6.128203705254105,15.22583099845412,34.5180075149248,33.73581020193482,25.93778747425904,26.14211851701605,34.48911477938536,40.74191779044047,35.96652166144658,28.51990254106511,30.77272180987807,37.78250903318219,24.07812814810798,10.4433191431627,29.05957261965852,20.99708954521235,37.82062383706618,13.97865683730442,17.12009367563292,33.86426173874882,13.15406377145464,40.90667857471426,40.1796209042208,37.39156045170279,28.01947589431613,19.82812250290414,30.8609491958545,36.58236175986078,20.9546812038355,33.28408141364916,9.684828383203454,41.30736290439867
72,19.06454834852724,35.35247884821825,11.46941577550056,39.63380004046049,30.83099068974421,8.599314186768934,30.85183940432181,40.41662297138882,28.81739157995145,33.24809488931248,13.16388949018561,42.32970353247466,42.65777912849956,27.59802794269337,33.0474492312116,0,25.59367446010071,14.32417952515515,32.36374274445143,21.65724524695756,36.11207396010949,36.08666983365816,41.47373831697757,35.00301184445081,29.92799499832403,40.79140737084871,36.01693253753221,30.08060894983722,41.32926084538306,27.09933048153721,47.38242882436692,23.06268334962507,47.86831065972385,25.32973953683727,36.99625963251391,9.957253809975331,28.49769535367917,36.34119961837413,31.99238704596655,36.11172146555006,10.78391938724198,42.8325719197048,37.1475304011523,32.93241011979988,41.00634170231884,38.31612336531991,46.43260225048614,33.23385597454917,45.62538574063107,22.00520929605539,13.85669454777363,26.29921217483217,21.79781432695949,32.61842684159256,45.50224851084417,31.1736550773781,22.4538430435195,19.32521626894131,15.23113276171913,42.82208957344934,31.65346913248223,41.86525931190449,29.85992259703083,18.50734299954298,14.59793405538502,37.001793151998,43.11698591671207,44.26263825611143,32.6884489325796,43.21459190865325,43.10148679960147,35.4207579207111,32.32532102324801,18.72030456398062,43.01548740963279,34.56141972030645,19.30144548534626,48.31653529389767,25.57638919253538,28.24294060128536,40.0238537654443,37.07618265009813,9.673619773054872,39.56940450892959,17.85196521159663,27.48840588197158,26.50614920901532,11.39170096101068,24.81578776580697,41.14907027317201,23.30456866479063,15.95612766127689,42.35210091716975,38.26059349012709,17.77087684878189,31.92989160261108,18.50094860698753,44.27248547276375,31.85245087991411,35.3159889925137
73,27.49975830021934,36.14919508172562,19.82460777893732,19.67656232647647,9.226875574515599,25.62097513635439,31.27174778821514,23.63501226813579,20.12977104903603,17.49434000283558,30.67946551061518,29.99211153773473,33.61989684451216,24.93941046697316,22.08889259185158,25.59367446010071,0,16.05680357551451,16.95637890058457,17.55117913677566,26.05500397205704,37.39922073324179,35.36682855712885,11.42567901709003,33.63354911486537,35.00681477120697,21.37914880227131,37.53333938860873,29.19774105019574,17.11969991746392,28.45518921924149,27.07286294487287,34.07589026906497,7.23383170069544,17.03744337515858,17.68435470052971,12.49600452770945,29.18071128180208,33.01852589863291,33.97474075201761,17.1657478398084,35.70901736143219,34.00327739490758,18.91843290765459,17.80609878243696,15.84421100772298,31.11251745637977,16.19825156775285,32.06742457149812,19.53735487035422,22.15890406949924,34.92920940623986,9.51870020239234,27.52309453488283,33.9695581685997,8.168855545224124,35.81166024830164,29.55171125992695,20.83580580058078,20.85142202223495,9.250325023407132,23.20000315290308,35.12530228055507,26.14215645961299,27.59393462159017,38.19518098539501,23.77856350687254,21.6418298558052,25.0516560294211,26.71880615732026,30.17766334193188,38.99121911127293,36.64433650911859,31.75378365955335,24.52787697731759,33.28575572170434,34.19182057831636,28.68302549447581,35.35172099076412,28.03823503733172,14.99984724313455,31.13756363752964,21.60938429703696,28.01446759197756,24.37088977661757,29.1264047720396,13.07093244840556,31.05446944461259,24.32817106995244,35.97163848256392,29.79542255712438,31.10788175029198,38.72098535834761,14.13551606843758,12.20074643490649,36.73979014237608,17.75674964721541,37.04743831618769,22.35745359202205,26.62546315843271
63,27.26326518613289,38.82790462026622,13.64706262526552,31.79947940205505,17.99598978996827,18.19300866960534,33.11107191551711,35.33479882221832,26.28786295156962,27.27972261271172,24.33597223212509,41.25820005345658,43.66371087413206,28.93796205528201,28.74712970114149,14.32417952515515,16.05680357551451,0,25.45092097859365,18.03852222229121,34.20006473989456,42.56737159583054,44.5272127389613,24.48666459232242,35.98706596993114,41.77280104855079,32.46649014713727,39.00004673743586,37.18053413362635,21.77624515198273,42.64615731239947,24.7654458762774,47.02174675068597,12.74303642088588,27.25603158195679,8.988398739889277,20.48247022535093,38.12249479492673,36.1246518103292,40.17381375491465,5.716720917948762,44.34528480009389,41.38826445563389,31.00573831378522,33.63344448665637,30.60557781321101,44.25556864727521,28.62042373730167,43.04241464504292,17.49803142781787,16.24219620308906,33.90289018058279,11.13129342278586,34.22722998351207,45.74969862633268,21.7895887453395,33.35688014959409,24.82472937502152,11.37369996614654,35.49300862791824,20.50065233392387,37.64434287962379,37.6439698918057,22.52667708868753,19.70836908157629,42.45596210277584,38.69325546970382,37.52026240933501,28.53628106667962,38.97470828973282,42.49359840184403,42.71739838365081,38.75880637172599,27.46478219238659,38.82289078802117,39.20521723363263,30.88772821301056,43.73873006295727,34.84358772537675,32.58669111362173,30.76261473177043,36.32879824572566,17.27761951180775,39.01990847037465,22.80323538418398,28.86707931750489,15.74002656400758,24.27902894402211,22.5371155023664,44.48020718185766,30.18907685304584,27.10965212916176,45.97485693483848,27.98104270471178,9.757394374023711,39.82632553680501,10.5621283458218,46.7933042501086,25.20313715432214,34.89928997639493
52,33.66748068413792,25.56964016053396,31.92266404762093,8.570755040412855,18.76997994160861,35.1529733789335,20.6157622019989,11.66426972569316,35.1023925662863,32.87775460485231,31.76400529828192,39.05286881544061,27.96713878217981,38.15637898089842,6.606810767353717,32.36374274445143,16.95637890058457,25.45092097859365,0,33.3118989208613,13.50198560987117,39.94764688157132,37.21442316597473,25.22424999249602,43.5812684480451,23.26245561769715,33.92003751689885,37.95147150121542,12.91659109405538,33.61347888067229,22.11220038689607,19.35382612704974,34.71777210836569,17.94333545256477,8.121205240540119,22.73737109278382,5.214168963955013,36.46867422999844,24.89631479752335,28.91706457920154,28.01597188167613,27.36648902791271,33.64001643841799,21.89842215530481,24.62385219642765,27.08871792604462,26.45908820280766,28.33143376716426,20.43149574817875,13.766784265476,21.24782464547592,29.97837014529937,25.21230388010603,38.68365883430481,32.25242711178326,23.32754670376989,36.5519740327783,24.94582574700064,21.58861221797884,15.51449238412875,12.41025905040014,29.58537302044346,40.84831474586309,39.42577147791894,25.70321419520592,31.84377095576933,24.93799593095098,23.45392334882199,10.10239735686683,16.24008761709262,33.83049265729568,37.21061972221885,30.75662837949569,29.30208751647929,31.60822764504317,40.62539951914041,37.71959786166422,27.07079643377396,34.13587560596142,37.06791045504747,18.69338879544094,16.99608461294266,28.62594354019995,22.90052823342269,36.18998736566357,18.91715372579917,12.24180355631355,35.02425876262907,15.29712734192622,41.12640015081951,39.55505915505099,37.87840000019129,32.28119355810121,13.66045091471486,26.92719944575753,38.7774827319849,18.68175689236392,35.3612635703888,9.176946806725841,38.78211066289673
55,22.72897692169424,45.3693298912949,10.36556807183225,36.67344151164016,23.27768859591607,16.91370764856803,41.23898468011285,38.94017453001251,9.655797108392745,13.39660740280515,30.41031009792393,27.84902248559995,41.92114531477096,13.20658878016115,36.99724199207543,21.65724524695756,17.55117913677566,18.03852222229121,33.3118989208613,0,39.2648362338564,35.71112281137377,36.73979481727804,19.87586970806397,23.47086267527688,46.16475674934313,18.60468576082697,36.68826979308314,44.66176797695869,5.833291566576008,41.55252598766196,36.09494570675236,39.51467109899531,20.29567872121486,34.56136757059923,20.91879028985132,28.76733052551396,26.70382912113246,40.85348639381152,40.02407645110013,14.27496881672054,45.01122862815182,36.61093240148647,26.08302396406267,27.47425647046184,22.31918553174573,41.29277315648716,17.5262578570174,45.51762947867966,30.96336499077992,27.89774991686426,39.29757810870901,11.34497900585282,19.7588025595967,40.30961383136305,16.64926727066005,34.39527652034786,35.289004189631,27.44456300058075,36.21257796040014,26.4235025406319,28.55352932458374,29.57824982453009,11.02996907488377,32.11674191649713,44.0184566148785,33.28712901183548,33.14617521708292,39.5147799023807,41.03314222243645,33.4089886721158,40.56844540557394,41.84937147408816,34.62307312993997,28.8452712905769,27.90958390197355,30.10047993231073,39.24777667279184,36.19220090640123,21.22695931477378,29.34230169335227,44.01475215679474,18.38177120801069,37.5077877928608,12.4641931768981,39.29983362203399,27.72966986259727,27.41565226665396,35.68231630838314,33.83922223717876,19.86571657269173,23.96440387712185,45.55490012758183,30.99288023754677,8.80736338986725,34.89797377790362,26.72981560441055,41.49758167742746,37.48875360611243,19.45909866135475
92,31.56401501922489,15.21490118755621,36.67136329353033,15.85886919451614,30.89118713811852,37.8209015205722,13.2511664722405,9.619540376464279,39.03971669667705,38.42642392050829,30.52117091532621,37.97126769185391,17.01323273383012,39.92724180425396,8.640645414308977,36.11207396010949,26.05500397205704,34.20006473989456,13.50198560987117,39.2648362338564,0,32.6438206437425,29.82364914750262,34.3419809992381,41.91323225378573,9.949838990936428,36.51448480480676,30.4968540433454,9.156929990294636,39.85867479266127,18.44417829285255,19.01833256482162,28.6973955325742,29.34003897793177,20.47410499572743,28.40476452430021,17.26206490732087,33.38099188200653,14.78395333704733,17.89753094749778,35.03164500664266,14.57884951622037,24.96252129163374,19.88524126818116,28.96293889732303,32.71986969310643,19.23641557241386,31.6707933485309,10.53606915348088,20.76768215200587,24.32010448935944,23.06605703466957,34.28744250751192,38.39783546815872,24.12786812320951,31.57038997496648,31.44965560335178,23.81444937028285,28.69588622200711,18.89546463266521,24.70288842115403,29.89331355889844,36.21716869944133,42.79561560870397,27.72772298779411,20.36321607705123,23.64743702034136,25.69551255397445,13.47325049359546,10.88673903866841,29.52236470914778,27.70575551813879,20.89096244669159,26.1698338581952,32.03635050411881,36.82247993211618,34.33169250686271,24.4759478207397,27.43647266364087,35.26984286641353,26.09669647106442,7.743012333078247,30.25531696325149,13.88676880089174,38.17686456803723,16.01837097503203,24.60450448428755,34.34442721249648,19.29195048435842,35.67293456678978,38.72788420407069,36.7294367328448,19.91757698819592,24.02483278590833,34.67925426374423,31.70244249266759,27.71221374473185,25.87221214297269,18.25822863845425,39.61585819911619
70,17.40524009646883,31.39370046572153,33.41573609759107,42.31041892074934,46.55129069465371,31.13843380078861,32.95988817510595,37.15123247570072,31.42933070931548,36.27641611848122,29.38767365883257,25.33598470771367,21.90768243474426,26.20825315733033,38.15482357514689,36.08666983365816,37.39922073324179,42.56737159583054,39.94764688157132,35.71112281137377,32.6438206437425,0,11.08761507415802,43.28102046590289,18.6604124574588,31.17219066986485,30.27716000379996,11.58632245137463,41.78442909072663,36.93692142948814,36.07670514736098,36.53900602784097,24.09363082109641,43.47941386910411,45.95716443095374,36.22010354333346,39.57001990602227,15.74483588883353,25.8508814804089,17.3674734206928,38.72675239324149,25.03752563524675,8.997429052342934,22.57901311690734,37.21564050526494,37.7835163295453,28.76462685923214,30.1634217988253,35.12237982400985,40.63604147567577,35.28213170052931,26.02373653865098,40.59805820889048,21.56146060368969,21.07960459854457,39.09661368265697,20.43006381402112,34.58536268290441,42.27994895345314,39.90373665100493,43.83595828919638,30.00241761105927,9.457852910766302,32.10915919499385,37.75621311977378,20.57601527891716,30.83629247069268,37.18144900473455,42.16856427834098,35.69936804794799,21.1767913990732,11.16759690330407,22.12424362894455,29.3136868762949,30.7155858500053,11.76315410349311,20.69370067806311,34.2107064797942,18.67694128768361,15.76118043034278,41.64353911298243,36.56656739486937,27.0104230098449,23.49725522990065,26.62263800161466,36.42764425811312,44.80314729061882,28.13057477173125,41.05369901356926,12.10903671196721,19.85205894491492,22.88916947734385,20.36917161315201,44.52748576507815,38.09239432308631,6.016151408196415,43.53150821498204,15.521639494627,45.50155333940257,25.911944491202
