,1,1,1,1,1,1,1,1,1,1,1,1,1,1,1,1,1,1,1,1,2,2,2,2,2,2,2,2,2,2,2,2,2,2,2,2,2,2,2,2,2,2,2,2,2,2,2,2,2,2,2,2,2,2,2,2,2,2,2,2,2,2,2,2,2,2,2,2,2,2,2,2,2,2,2,2,2,1,1,1,1,1,1,1,1,1,1,1,1,1,1,1,1,1,1,1,1,1,1,1,1,1,1,1,1,1,1,1,1,1,1,1,1,1,1,1,1,1,1,1,1,1,1,1,1,1,1,1,1,1,1,1,1,1,1,1,1,1,1,1,1,1,1,1,1,1,1,1,1,1,1,1,1,1,1,1,1,2,2,2,2,2,2,2,2,2,2,2,2,2,2,2,2,2,2,2,2,2,2,2,2,2,2,2,2,2,2,2,2,2,2,2,2,2,2,2,2,2,2,2
1,0,0.336,0.452,0.471,0.527,1.117,1.464,1.703,2.562,2.598,2.267,2.096,1.795,3.648,3.741,4.916,8.308,8.238,10.216,10.585,13.734,11.554,14.438,16.586,17.943,18.453,19.618,19.936,19.746,20.091,20.306,20.438,20.500,20.617,20.713,20.825,20.911,20.986,21.011,20.976,20.691,20.680,21.162,21.029,20.973,20.903,20.696,20.570,20.740,20.707,20.674,20.735,20.713,20.596,20.441,20.437,20.375,20.532,20.758,20.667,20.632,20.701,20.247,20.181,20.107,20.141,20.423,20.390,21.194,21.263,21.160,20.986,21.048,21.181,21.219,21.371,21.674,14.110,14.065,13.992,13.243,13.026,13.128,12.781,12.580,12.370,12.294,11.929,11.607,11.567,11.266,10.871,10.704,10.963,10.719,10.401,9.769,10.203,10.285,10.191,9.931,9.586,9.490,9.278,9.119,8.887,9.284,8.269,8.049,8.214,8.379,8.281,8.390,8.858,8.714,7.557,6.779,6.084,6.037,5.429,5.064,4.730,4.052,3.621,3.406,3.114,3.024,2.949,2.545,2.046,2.601,3.009,4.036,3.866,4.031,4.420,4.536,5.111,5.141,5.178,5.837,5.727,7.744,8.393,8.981,10.537,11.478,11.850,13.114,14.010,13.652,12.355,11.765,1.071,1.642,6.667,8.942,14.077,14.578,15.019,15.723,16.134,16.282,16.598,16.865,16.927,17.197,17.198,16.932,16.962,17.740,17.943,17.926,18.055,18.156,18.432,18.707,18.941,19.238,19.467,19.683,19.891,19.965,19.861,19.075,19.770,14.121,13.694,13.308,12.680,12.300,14.812,10.489,10.485,9.530,9.661,9.240,10.616,11.508,9.642
1,0.336,0,0.137,0.408,0.692,0.879,1.181,1.407,2.239,2.365,2.136,2.052,1.997,3.656,3.569,4.737,8.172,8.158,10.111,10.511,13.533,11.308,14.236,16.452,17.808,18.304,19.516,19.833,19.659,20.002,20.230,20.373,20.443,20.561,20.650,20.763,20.837,20.908,20.925,20.889,20.615,20.608,21.085,20.962,20.914,20.851,20.656,20.534,20.690,20.672,20.642,20.699,20.679,20.568,20.424,20.418,20.359,20.506,20.718,20.627,20.593,20.656,20.217,20.157,20.094,20.128,20.398,20.368,21.133,21.199,21.101,20.936,20.993,21.120,21.154,21.296,21.584,14.106,14.071,14.022,13.307,13.082,13.173,12.835,12.654,12.426,12.332,11.972,11.643,11.601,11.318,10.930,10.754,10.998,10.733,10.426,9.825,10.285,10.370,10.281,10.027,9.682,9.587,9.369,9.220,9.008,9.421,8.386,8.157,8.315,8.453,8.347,8.449,8.907,8.796,7.616,6.868,6.160,6.141,5.545,5.151,4.832,4.180,3.719,3.520,3.223,3.059,2.974,2.470,2.128,2.775,3.247,4.353,3.907,4.057,4.420,4.552,5.137,5.183,5.236,5.849,5.717,7.733,8.417,8.964,10.640,11.556,11.921,13.196,14.069,13.663,12.334,11.752,0.792,1.321,6.827,9.125,14.089,14.572,14.994,15.698,16.124,16.287,16.593,16.843,16.893,17.183,17.187,16.954,16.985,17.760,17.951,17.932,18.052,18.139,18.439,18.711,18.934,19.226,19.442,19.650,19.855,19.936,19.838,19.085,19.724,14.091,13.679,13.275,12.665,12.296,14.739,10.430,10.420,9.480,9.564,9.139,10.511,11.380,9.414
1,0.452,0.137,0,0.369,0.716,0.748,1.045,1.272,2.112,2.231,2.023,1.966,2.009,3.582,3.445,4.611,8.053,8.053,10.000,10.408,13.401,11.172,14.105,16.333,17.688,18.182,19.405,19.722,19.551,19.893,20.125,20.271,20.343,20.461,20.549,20.661,20.733,20.803,20.817,20.781,20.510,20.505,20.980,20.860,20.814,20.752,20.562,20.441,20.592,20.579,20.550,20.605,20.586,20.477,20.336,20.330,20.271,20.416,20.623,20.532,20.499,20.559,20.126,20.067,20.008,20.041,20.308,20.278,21.032,21.098,21.001,20.838,20.894,21.019,21.052,21.191,21.475,14.022,13.991,13.950,13.248,13.019,13.106,12.772,12.598,12.364,12.263,11.906,11.574,11.531,11.255,10.869,10.690,10.928,10.657,10.353,9.764,10.232,10.319,10.232,9.981,9.635,9.541,9.321,9.175,8.973,9.391,8.349,8.116,8.271,8.398,8.289,8.389,8.843,8.744,7.557,6.821,6.108,6.100,5.509,5.104,4.791,4.151,3.678,3.487,3.188,2.996,2.907,2.372,2.087,2.770,3.273,4.430,3.844,3.988,4.342,4.479,5.068,5.119,5.178,5.773,5.635,7.649,8.345,8.878,10.597,11.503,11.865,13.144,14.008,13.585,12.246,11.667,0.656,1.192,6.809,9.116,14.011,14.488,14.904,15.608,16.039,16.206,16.509,16.754,16.800,17.096,17.101,16.880,16.911,17.685,17.871,17.852,17.969,18.051,18.359,18.630,18.850,19.140,19.352,19.558,19.762,19.845,19.748,19.006,19.627,13.999,13.592,13.182,12.579,12.213,14.635,10.330,10.320,9.384,9.455,9.028,10.399,11.262,9.280
1,0.471,0.408,0.369,0,0.398,0.689,1.076,1.329,2.243,2.146,1.798,1.662,1.652,3.253,3.270,4.445,7.841,7.790,9.758,10.139,13.265,11.101,13.969,16.120,17.477,17.984,19.162,19.479,19.295,19.640,19.860,19.998,20.064,20.181,20.274,20.386,20.467,20.539,20.561,20.525,20.245,20.236,20.716,20.588,20.536,20.470,20.270,20.146,20.308,20.284,20.253,20.311,20.290,20.177,20.029,20.024,19.964,20.115,20.332,20.240,20.207,20.272,19.827,19.765,19.699,19.732,20.006,19.975,20.756,20.823,20.723,20.554,20.613,20.743,20.779,20.926,21.222,13.707,13.670,13.617,12.900,12.674,12.766,12.428,12.246,12.019,11.926,11.566,11.237,11.195,10.911,10.522,10.347,10.592,10.331,10.021,9.418,9.878,9.963,9.874,9.622,9.276,9.182,8.963,8.815,8.607,9.024,7.984,7.753,7.910,8.045,7.939,8.041,8.500,8.389,7.209,6.462,5.753,5.738,5.144,4.745,4.428,3.783,3.315,3.120,2.822,2.652,2.568,2.095,1.723,2.403,2.924,4.159,3.500,3.651,4.019,4.148,4.732,4.776,4.829,5.446,5.319,7.336,8.013,8.569,10.235,11.149,11.514,12.789,13.662,13.262,11.940,11.356,0.700,1.332,6.440,8.747,13.687,14.174,14.602,15.306,15.728,15.886,16.195,16.450,16.504,16.787,16.791,16.551,16.581,17.357,17.550,17.531,17.654,17.744,18.038,18.311,18.537,18.830,19.050,19.261,19.467,19.546,19.446,18.684,19.340,13.700,13.284,12.885,12.270,11.897,14.368,10.051,10.044,9.097,9.206,8.783,10.158,11.043,9.180
1,0.527,0.692,0.716,0.398,0,1.021,1.426,1.684,2.615,2.389,1.903,1.642,1.305,3.145,3.405,4.582,7.907,7.783,9.781,10.122,13.415,11.317,14.118,16.176,17.535,18.059,19.176,19.494,19.290,19.638,19.842,19.966,20.022,20.139,20.239,20.351,20.446,20.523,20.556,20.521,20.227,20.213,20.699,20.557,20.496,20.422,20.207,20.079,20.257,20.216,20.181,20.244,20.221,20.100,19.940,19.937,19.874,20.036,20.270,20.179,20.143,20.216,19.753,19.684,19.604,19.638,19.926,19.892,20.718,20.790,20.684,20.504,20.569,20.706,20.747,20.907,21.222,13.604,13.555,13.473,12.718,12.502,12.606,12.257,12.053,11.846,11.773,11.407,11.087,11.048,10.742,10.346,10.181,10.444,10.206,9.885,9.245,9.677,9.758,9.664,9.404,9.060,8.964,8.751,8.593,8.363,8.763,7.745,7.523,7.688,7.853,7.755,7.866,8.336,8.187,7.033,6.252,5.558,5.510,4.904,4.537,4.203,3.528,3.094,2.880,2.588,2.510,2.440,2.112,1.522,2.093,2.559,3.762,3.348,3.519,3.918,4.026,4.597,4.622,4.655,5.328,5.228,7.243,7.877,8.482,10.010,10.951,11.324,12.588,13.485,13.140,11.857,11.263,1.074,1.715,6.154,8.442,13.564,14.073,14.523,15.227,15.630,15.772,16.091,16.367,16.435,16.694,16.694,16.416,16.445,17.224,17.432,17.415,17.548,17.655,17.920,18.197,18.435,18.734,18.970,19.190,19.400,19.470,19.363,18.563,19.286,13.628,13.193,12.817,12.178,11.794,14.348,10.017,10.015,9.052,9.219,8.802,10.181,11.096,9.371
1,1.117,0.879,0.748,0.689,1.021,0,0.408,0.666,1.608,1.488,1.335,1.422,2.016,3.054,2.706,3.867,7.326,7.371,9.292,9.728,12.654,10.440,13.357,15.603,16.958,17.445,18.696,19.012,18.855,19.194,19.437,19.594,19.674,19.792,19.874,19.987,20.047,20.113,20.120,20.083,19.822,19.821,20.291,20.181,20.142,20.088,19.912,19.795,19.931,19.934,19.908,19.959,19.941,19.841,19.712,19.704,19.648,19.781,19.971,19.880,19.849,19.902,19.486,19.434,19.390,19.422,19.674,19.648,20.359,20.422,20.329,20.175,20.227,20.345,20.374,20.504,20.775,13.420,13.403,13.398,12.752,12.509,12.578,12.261,12.121,11.857,11.726,11.378,11.035,10.988,10.744,10.370,10.177,10.388,10.087,9.799,9.263,9.775,9.868,9.792,9.554,9.207,9.117,8.886,8.759,8.601,9.051,7.970,7.720,7.861,7.934,7.813,7.899,8.333,8.295,7.071,6.397,5.664,5.715,5.154,4.697,4.419,3.850,3.323,3.175,2.876,2.539,2.434,1.748,1.793,2.637,3.288,4.713,3.370,3.483,3.787,3.950,4.546,4.624,4.712,5.221,5.051,7.052,7.797,8.269,10.181,11.036,11.384,12.681,13.503,13.006,11.624,11.056,0.199,0.755,6.540,8.883,13.431,13.883,14.274,14.978,15.427,15.614,15.904,16.127,16.158,16.479,16.488,16.312,16.345,17.114,17.282,17.261,17.365,17.429,17.769,18.035,18.240,18.524,18.719,18.916,19.116,19.207,19.118,18.418,18.969,13.364,12.976,12.544,11.966,11.613,13.951,9.665,9.650,8.731,8.755,8.325,9.691,10.537,8.538
1,1.464,1.181,1.045,1.076,1.426,0.408,0,0.258,1.201,1.234,1.337,1.583,2.390,3.171,2.546,3.675,7.177,7.299,9.179,9.656,12.406,10.135,13.109,15.442,16.793,17.263,18.573,18.889,18.751,19.086,19.346,19.518,19.607,19.726,19.801,19.914,19.958,20.020,20.015,19.978,19.732,19.736,20.199,20.103,20.073,20.027,19.868,19.755,19.873,19.895,19.873,19.919,19.903,19.812,19.696,19.685,19.633,19.753,19.925,19.835,19.805,19.850,19.455,19.410,19.379,19.411,19.647,19.625,20.287,20.346,20.259,20.116,20.163,20.272,20.297,20.414,20.665,13.428,13.424,13.450,12.849,12.596,12.650,12.347,12.232,11.947,11.793,11.453,11.101,11.052,10.832,10.468,10.264,10.454,10.128,9.855,9.362,9.903,10.000,9.930,9.702,9.354,9.267,9.031,8.915,8.784,9.250,8.151,7.891,8.023,8.062,7.932,8.008,8.427,8.431,7.187,6.557,5.815,5.900,5.360,4.876,4.620,4.095,3.547,3.423,3.128,2.718,2.604,1.815,2.082,2.965,3.650,5.115,3.520,3.610,3.871,4.052,4.649,4.746,4.854,5.294,5.098,7.076,7.863,8.279,10.334,11.156,11.493,12.800,13.593,13.035,11.616,11.061,0.393,0.406,6.782,9.135,13.460,13.888,14.254,14.958,15.425,15.630,15.907,16.110,16.125,16.470,16.483,16.349,16.384,17.147,17.300,17.277,17.369,17.415,17.786,18.048,18.239,18.516,18.694,18.881,19.077,19.177,19.095,18.437,18.916,13.340,12.972,12.517,11.965,11.627,13.870,9.611,9.590,8.693,8.655,8.220,9.577,10.390,8.259
1,1.703,1.407,1.272,1.329,1.684,0.666,0.258,0,0.946,1.107,1.388,1.716,2.627,3.256,2.460,3.560,7.080,7.251,9.103,9.605,12.243,9.936,12.945,15.331,16.680,17.139,18.486,18.801,18.677,19.009,19.279,19.460,19.555,19.675,19.744,19.858,19.893,19.951,19.940,19.902,19.665,19.673,20.131,20.043,20.020,19.978,19.830,19.720,19.827,19.861,19.841,19.884,19.869,19.783,19.676,19.664,19.613,19.726,19.886,19.796,19.768,19.807,19.425,19.384,19.363,19.394,19.621,19.601,20.232,20.289,20.205,20.069,20.112,20.217,20.238,20.347,20.586,13.426,13.430,13.476,12.903,12.643,12.689,12.394,12.295,11.996,11.828,11.493,11.136,11.085,10.881,10.524,10.313,10.491,10.149,9.884,9.419,9.979,10.077,10.013,9.789,9.443,9.357,9.117,9.009,8.895,9.370,8.261,7.996,8.121,8.139,8.003,8.074,8.483,8.513,7.257,6.656,5.910,6.016,5.490,4.991,4.750,4.252,3.694,3.584,3.293,2.843,2.726,1.888,2.274,3.174,3.877,5.367,3.624,3.698,3.931,4.123,4.718,4.826,4.946,5.342,5.130,7.090,7.901,8.282,10.426,11.225,11.556,12.868,13.641,13.047,11.605,11.057,0.636,0.298,6.932,9.290,13.471,13.884,14.234,14.937,15.415,15.632,15.901,16.090,16.096,16.456,16.472,16.363,16.399,17.160,17.302,17.278,17.362,17.398,17.788,18.046,18.229,18.502,18.668,18.850,19.043,19.148,19.071,18.440,18.873,13.317,12.962,12.493,11.958,11.629,13.811,9.572,9.548,8.666,8.587,8.150,9.499,10.290,8.077
1,2.562,2.239,2.112,2.243,2.615,1.608,1.201,0.946,0,1.280,2.004,2.479,3.558,3.840,2.539,3.449,6.967,7.324,9.052,9.646,11.821,9.363,12.519,15.121,16.458,16.872,18.363,18.675,18.600,18.921,19.231,19.446,19.564,19.685,19.736,19.850,19.849,19.895,19.858,19.818,19.617,19.638,20.077,20.023,20.022,19.999,19.891,19.792,19.857,19.935,19.923,19.954,19.943,19.879,19.801,19.785,19.742,19.826,19.942,19.854,19.830,19.850,19.515,19.491,19.503,19.533,19.723,19.712,20.228,20.275,20.206,20.095,20.125,20.210,20.220,20.299,20.490,13.628,13.662,13.776,13.300,13.020,13.035,12.770,12.724,12.383,12.167,11.851,11.478,11.421,11.271,10.936,10.705,10.837,10.445,10.213,9.842,10.457,10.562,10.512,10.308,9.964,9.885,9.634,9.550,9.488,9.992,8.856,8.575,8.681,8.632,8.480,8.531,8.904,9.019,7.736,7.226,6.475,6.644,6.161,5.625,5.426,5.006,4.429,4.357,4.080,3.544,3.422,2.506,3.135,4.056,4.790,6.313,4.247,4.279,4.424,4.644,5.221,5.361,5.515,5.770,5.510,7.383,8.270,8.527,10.953,11.679,11.985,13.313,14.020,13.298,11.780,11.263,1.543,0.921,7.649,10.010,13.719,14.077,14.368,15.068,15.586,15.843,16.083,16.222,16.192,16.608,16.633,16.619,16.658,17.405,17.510,17.484,17.541,17.536,17.993,18.241,18.393,18.650,18.776,18.935,19.118,19.242,19.183,18.648,18.917,13.446,13.139,12.621,12.148,11.852,13.803,9.658,9.620,8.799,8.573,8.130,9.440,10.142,7.594
1,2.598,2.365,2.231,2.146,2.389,1.488,1.234,1.107,1.280,0,0.900,1.478,2.876,2.595,1.369,2.453,5.974,6.183,8.006,8.529,11.178,8.956,11.881,14.224,15.574,16.036,17.382,17.697,17.579,17.909,18.186,18.375,18.476,18.596,18.660,18.774,18.801,18.857,18.841,18.803,18.572,18.582,19.037,18.956,18.939,18.902,18.766,18.660,18.754,18.802,18.784,18.823,18.809,18.732,18.636,18.622,18.575,18.676,18.820,18.731,18.705,18.737,18.371,18.337,18.329,18.360,18.572,18.555,19.149,19.204,19.124,18.994,19.034,19.133,19.152,19.255,19.486,12.420,12.440,12.528,12.027,11.751,11.773,11.501,11.447,11.112,10.907,10.586,10.217,10.161,9.999,9.661,9.433,9.574,9.197,8.954,8.564,9.176,9.282,9.233,9.030,8.686,8.607,8.355,8.274,8.224,8.736,7.593,7.308,7.410,7.352,7.200,7.251,7.626,7.740,6.456,5.959,5.208,5.398,4.940,4.387,4.215,3.866,3.281,3.253,3.002,2.388,2.265,1.335,2.242,3.158,3.963,5.693,3.018,3.028,3.149,3.372,3.945,4.090,4.252,4.490,4.235,6.131,7.000,7.295,9.675,10.399,10.708,12.034,12.751,12.068,10.584,10.051,1.587,1.379,6.451,8.807,12.491,12.873,13.196,13.898,14.394,14.631,14.886,15.052,15.043,15.427,15.447,15.388,15.426,16.179,16.301,16.275,16.346,16.363,16.785,17.038,17.206,17.472,17.621,17.794,17.983,18.095,18.025,17.439,17.803,12.276,11.943,11.451,10.945,10.633,12.725,8.511,8.482,7.622,7.497,7.058,8.401,9.184,7.049
1,2.267,2.136,2.023,1.798,1.903,1.335,1.337,1.388,2.004,0.900,0,0.587,2.061,1.876,1.505,2.680,6.043,6.039,7.976,8.395,11.514,9.470,12.216,14.322,15.679,16.186,17.381,17.698,17.530,17.871,18.107,18.262,18.340,18.458,18.541,18.653,18.717,18.784,18.796,18.759,18.493,18.490,18.962,18.849,18.808,18.753,18.578,18.461,18.596,18.601,18.575,18.625,18.607,18.509,18.384,18.375,18.320,18.450,18.636,18.546,18.515,18.568,18.154,18.104,18.064,18.096,18.343,18.318,19.025,19.089,18.995,18.840,18.893,19.011,19.041,19.175,19.453,12.102,12.093,12.113,11.518,11.262,11.314,11.013,10.907,10.614,10.456,10.117,9.764,9.714,9.499,9.139,8.931,9.118,8.792,8.517,8.033,8.591,8.690,8.626,8.405,8.058,7.974,7.732,7.628,7.529,8.017,6.895,6.624,6.744,6.751,6.615,6.686,7.097,7.127,5.869,5.280,4.531,4.662,4.162,3.639,3.426,3.011,2.431,2.378,2.116,1.541,1.418,0.510,1.362,2.266,3.078,4.854,2.262,2.319,2.543,2.735,3.330,3.440,3.567,3.959,3.760,5.743,6.526,6.952,9.043,9.837,10.168,11.480,12.259,11.702,10.299,9.736,1.515,1.680,5.645,8.006,12.127,12.564,12.944,13.649,14.104,14.301,14.584,14.799,14.826,15.153,15.164,15.014,15.048,15.813,15.970,15.948,16.045,16.102,16.457,16.720,16.918,17.199,17.388,17.583,17.783,17.875,17.788,17.107,17.634,12.033,11.653,11.212,10.643,10.299,12.620,8.330,8.315,7.397,7.432,7.005,8.376,9.247,7.495
1,2.096,2.052,1.966,1.662,1.642,1.422,1.583,1.716,2.479,1.478,0.587,0,1.510,1.636,1.929,3.069,6.281,6.146,8.140,8.489,11.874,9.925,12.575,14.541,15.901,16.433,17.535,17.853,17.653,18.000,18.210,18.342,18.405,18.522,18.617,18.729,18.816,18.891,18.919,18.884,18.595,18.584,19.067,18.933,18.877,18.810,18.608,18.485,18.647,18.623,18.591,18.650,18.629,18.517,18.371,18.366,18.307,18.455,18.670,18.579,18.545,18.610,18.166,18.105,18.043,18.076,18.346,18.316,19.098,19.167,19.065,18.893,18.954,19.085,19.123,19.276,19.583,12.056,12.026,11.997,11.333,11.093,11.166,10.845,10.700,10.440,10.318,9.966,9.627,9.583,9.327,8.951,8.760,8.981,8.696,8.398,7.844,8.354,8.447,8.372,8.137,7.789,7.701,7.468,7.344,7.203,7.667,6.570,6.313,6.449,6.513,6.391,6.478,6.915,6.875,5.650,4.984,4.247,4.318,3.778,3.295,3.038,2.543,1.979,1.883,1.602,1.135,1.023,0.486,0.777,1.681,2.492,4.277,1.950,2.061,2.382,2.534,3.129,3.202,3.292,3.817,3.669,5.683,6.392,6.913,8.766,9.615,9.963,11.259,12.086,11.622,10.282,9.701,1.621,1.977,5.217,7.576,12.048,12.522,12.942,13.646,14.073,14.241,14.543,14.791,14.843,15.131,15.136,14.921,14.953,15.725,15.907,15.887,16.003,16.087,16.395,16.665,16.884,17.175,17.390,17.600,17.806,17.885,17.786,17.042,17.679,12.039,11.627,11.224,10.614,10.247,12.717,8.394,8.389,7.437,7.577,7.161,8.540,9.461,7.925
1,1.795,1.997,2.009,1.652,1.305,2.016,2.390,2.627,3.558,2.876,2.061,1.510,0,2.386,3.416,4.515,7.502,7.155,9.216,9.434,13.235,11.395,13.932,15.675,17.034,17.610,18.538,18.856,18.596,18.955,19.110,19.195,19.226,19.341,19.460,19.570,19.705,19.796,19.858,19.826,19.493,19.464,19.968,19.790,19.704,19.611,19.353,19.215,19.436,19.349,19.305,19.381,19.354,19.212,19.021,19.024,18.953,19.144,19.421,19.329,19.289,19.382,18.872,18.786,18.674,18.709,19.032,18.989,19.932,20.013,19.893,19.686,19.765,19.922,19.976,20.169,20.536,12.666,12.588,12.440,11.605,11.410,11.540,11.168,10.921,10.753,10.726,10.348,10.049,10.016,9.663,9.252,9.109,9.412,9.231,8.884,8.164,8.534,8.608,8.503,8.231,7.891,7.791,7.592,7.415,7.145,7.520,6.538,6.334,6.512,6.738,6.659,6.786,7.279,7.050,5.961,5.112,4.460,4.341,3.716,3.424,3.059,2.332,2.000,1.744,1.490,1.720,1.710,1.938,0.813,0.826,1.282,2.819,2.439,2.654,3.123,3.162,3.672,3.645,3.625,4.429,4.405,6.377,6.893,7.615,8.822,9.811,10.200,11.436,12.381,12.158,10.976,10.360,2.159,2.770,4.883,7.148,12.580,13.138,13.644,14.342,14.701,14.801,15.146,15.469,15.574,15.773,15.764,15.397,15.423,16.208,16.449,16.435,16.594,16.741,16.936,17.221,17.488,17.802,18.076,18.319,18.538,18.587,18.462,17.572,18.458,12.766,12.288,11.970,11.275,10.863,13.628,9.280,9.294,8.292,8.629,8.237,9.612,10.610,9.374
1,3.648,3.656,3.582,3.253,3.145,3.054,3.171,3.256,3.840,2.595,1.876,1.636,2.386,0,2.005,2.686,5.171,4.769,6.831,7.060,10.997,9.411,11.686,13.293,14.651,15.236,16.158,16.477,16.230,16.585,16.757,16.859,16.904,17.020,17.129,17.240,17.356,17.441,17.493,17.460,17.140,17.118,17.615,17.453,17.380,17.298,17.070,16.939,17.130,17.076,17.039,17.105,17.081,16.957,16.795,16.792,16.729,16.892,17.134,17.042,17.006,17.084,16.611,16.540,16.460,16.494,16.783,16.748,17.605,17.681,17.568,17.378,17.448,17.594,17.640,17.818,18.167,10.462,10.419,10.369,9.698,9.457,9.532,9.209,9.069,8.804,8.685,8.332,7.995,7.951,7.691,7.316,7.125,7.349,7.078,6.771,6.209,6.733,6.829,6.760,6.534,6.187,6.101,5.862,5.753,5.656,6.153,5.023,4.749,4.868,4.891,4.763,4.846,5.280,5.260,4.020,3.404,2.655,2.805,2.352,1.791,1.644,1.501,0.997,1.166,1.146,0.670,0.712,1.369,1.684,1.884,2.578,4.484,0.441,0.443,0.774,0.899,1.493,1.575,1.691,2.193,2.084,4.099,4.763,5.338,7.169,7.988,8.332,9.632,10.450,10.009,8.713,8.118,3.252,3.541,3.880,6.224,10.434,10.930,11.380,12.083,12.486,12.636,12.949,13.222,13.295,13.550,13.550,13.299,13.330,14.105,14.298,14.280,14.407,14.510,14.786,15.060,15.292,15.590,15.826,16.049,16.261,16.328,16.219,15.431,16.156,10.487,10.048,9.678,9.034,8.651,11.267,6.921,6.930,5.942,6.243,5.853,7.227,8.235,7.345
1,3.741,3.569,3.445,3.270,3.405,2.706,2.546,2.460,2.539,1.369,1.505,1.929,3.416,2.005,0,1.178,4.632,4.817,6.643,7.162,10.010,7.996,10.713,12.902,14.255,14.739,16.029,16.344,16.216,16.548,16.820,17.007,17.107,17.227,17.292,17.405,17.434,17.491,17.479,17.442,17.206,17.215,17.671,17.588,17.570,17.534,17.400,17.296,17.386,17.438,17.422,17.458,17.445,17.371,17.281,17.266,17.221,17.316,17.454,17.366,17.339,17.370,17.009,16.978,16.978,17.008,17.212,17.197,17.781,17.835,17.755,17.626,17.665,17.765,17.784,17.889,18.126,11.090,11.122,11.247,10.819,10.527,10.525,10.277,10.270,9.897,9.655,9.349,8.969,8.909,8.792,8.475,8.229,8.332,7.919,7.701,7.395,8.063,8.176,8.145,7.968,7.631,7.561,7.298,7.251,7.281,7.829,6.662,6.358,6.428,6.276,6.106,6.132,6.463,6.676,5.376,5.029,4.296,4.593,4.254,3.658,3.600,3.496,2.950,3.040,2.887,2.181,2.086,1.477,2.620,3.361,4.183,6.074,2.436,2.340,2.254,2.505,2.993,3.187,3.400,3.393,3.084,4.864,5.791,5.991,8.617,9.251,9.534,10.870,11.525,10.761,9.244,8.724,2.849,2.742,5.793,8.089,11.181,11.539,11.843,12.545,13.052,13.304,13.547,13.698,13.683,14.079,14.102,14.081,14.120,14.866,14.972,14.945,15.006,15.011,15.455,15.704,15.861,16.122,16.263,16.431,16.619,16.734,16.668,16.110,16.436,10.922,10.603,10.097,9.610,9.312,11.357,7.149,7.118,6.270,6.130,5.691,7.039,7.845,6.002
1,4.916,4.737,4.611,4.445,4.582,3.867,3.675,3.560,3.449,2.453,2.680,3.069,4.515,2.686,1.178,0,3.535,3.924,5.604,6.213,8.833,6.882,9.536,11.772,13.121,13.588,14.946,15.260,15.163,15.488,15.787,15.998,16.116,16.237,16.287,16.401,16.404,16.452,16.423,16.384,16.173,16.191,16.634,16.574,16.573,16.552,16.452,16.357,16.411,16.501,16.492,16.518,16.509,16.454,16.393,16.373,16.335,16.403,16.502,16.415,16.392,16.406,16.087,16.072,16.103,16.132,16.302,16.295,16.779,16.827,16.757,16.649,16.677,16.762,16.772,16.854,17.061,10.302,10.370,10.583,10.299,9.980,9.933,9.733,9.808,9.373,9.063,8.789,8.391,8.324,8.292,8.020,7.745,7.773,7.291,7.126,6.985,7.732,7.855,7.851,7.715,7.394,7.338,7.065,7.067,7.201,7.784,6.614,6.295,6.321,6.041,5.850,5.836,6.084,6.449,5.166,5.044,4.375,4.781,4.586,3.993,4.049,4.153,3.682,3.838,3.754,3.077,3.009,2.596,3.704,4.347,5.142,7.059,3.048,2.876,2.591,2.829,3.140,3.372,3.624,3.280,2.910,4.325,5.345,5.326,8.359,8.847,9.086,10.425,10.969,10.036,8.435,7.958,3.999,3.825,6.075,8.248,10.450,10.738,10.976,11.671,12.219,12.515,12.725,12.823,12.771,13.224,13.256,13.341,13.385,14.111,14.175,14.145,14.175,14.138,14.654,14.890,15.013,15.258,15.358,15.505,15.684,15.817,15.767,15.309,15.474,10.052,9.787,9.228,8.817,8.563,10.354,6.249,6.203,5.438,5.126,4.682,5.994,6.737,4.861
1,8.308,8.172,8.053,7.841,7.907,7.326,7.177,7.080,6.967,5.974,6.043,6.281,7.502,5.171,4.632,3.535,0,1.434,2.124,2.936,5.909,5.055,6.580,8.280,9.637,10.153,11.411,11.725,11.633,11.955,12.269,12.501,12.639,12.760,12.795,12.909,12.888,12.930,12.892,12.852,12.654,12.680,13.113,13.072,13.089,13.085,13.031,12.950,12.954,13.096,13.100,13.109,13.106,13.080,13.069,13.041,13.016,13.036,13.075,12.990,12.973,12.962,12.708,12.719,12.808,12.833,12.941,12.947,13.289,13.329,13.270,13.187,13.202,13.270,13.271,13.335,13.527,7.281,7.440,7.884,8.031,7.652,7.475,7.427,7.746,7.156,6.661,6.508,6.088,6.003,6.246,6.142,5.811,5.594,4.944,4.980,5.401,6.285,6.422,6.504,6.515,6.293,6.289,6.031,6.184,6.616,7.211,6.230,5.930,5.821,5.214,5.001,4.863,4.784,5.550,4.662,5.231,4.964,5.512,5.738,5.341,5.635,6.163,5.962,6.216,6.289,5.803,5.797,5.800,6.719,7.053,7.692,9.528,5.289,5.050,4.561,4.649,4.449,4.645,4.867,3.917,3.651,3.084,4.024,3.229,7.061,7.044,7.122,8.369,8.559,7.194,5.432,5.111,7.476,7.352,6.741,8.223,7.573,7.671,7.747,8.418,9.046,9.440,9.569,9.551,9.431,9.989,10.040,10.369,10.421,11.090,11.056,11.018,10.983,10.860,11.518,11.725,11.776,11.986,12.013,12.122,12.285,12.446,12.424,12.169,12.034,6.834,6.711,6.035,5.839,5.726,6.880,3.122,3.031,2.666,1.763,1.347,2.496,3.213,3.164
1,8.238,8.158,8.053,7.790,7.783,7.371,7.299,7.251,7.324,6.183,6.039,6.146,7.155,4.769,4.817,3.924,1.434,0,2.086,2.358,6.887,6.423,7.516,8.550,9.904,10.524,11.402,11.720,11.508,11.855,12.072,12.224,12.308,12.427,12.504,12.617,12.680,12.750,12.774,12.738,12.457,12.452,12.927,12.811,12.775,12.728,12.583,12.478,12.576,12.620,12.605,12.641,12.628,12.556,12.479,12.461,12.420,12.503,12.638,12.549,12.522,12.557,12.194,12.167,12.184,12.214,12.400,12.388,12.990,13.051,12.961,12.818,12.864,12.976,13.003,13.138,13.438,6.396,6.489,6.798,6.772,6.408,6.277,6.173,6.426,5.871,5.432,5.235,4.816,4.735,4.904,4.764,4.439,4.275,3.665,3.640,3.977,4.859,4.995,5.074,5.081,4.859,4.857,4.600,4.760,5.210,5.799,4.856,4.567,4.440,3.808,3.597,3.450,3.350,4.131,3.328,4.018,3.889,4.427,4.765,4.474,4.820,5.456,5.382,5.655,5.790,5.437,5.462,5.695,6.431,6.581,7.109,8.836,4.768,4.535,4.047,4.059,3.700,3.847,4.024,3.027,2.872,1.722,2.598,1.826,5.631,5.664,5.773,7.053,7.353,6.184,4.524,4.084,7.543,7.542,5.560,6.863,6.588,6.824,7.053,7.750,8.295,8.604,8.803,8.903,8.869,9.300,9.331,9.459,9.505,10.216,10.259,10.227,10.251,10.218,10.736,10.968,11.089,11.336,11.452,11.615,11.802,11.920,11.859,11.391,11.623,6.129,5.869,5.305,4.913,4.700,6.582,2.334,2.300,1.536,1.484,1.140,2.473,3.561,4.590
1,10.216,10.111,10.000,9.758,9.781,9.292,9.179,9.103,9.052,8.006,7.976,8.140,9.216,6.831,6.643,5.604,2.124,2.086,0,1.071,5.164,5.533,5.727,6.467,7.824,8.438,9.405,9.722,9.574,9.907,10.185,10.396,10.524,10.645,10.687,10.801,10.801,10.853,10.837,10.799,10.571,10.587,11.033,10.971,10.977,10.967,10.907,10.827,10.833,10.972,10.977,10.985,10.982,10.960,10.959,10.929,10.906,10.917,10.951,10.866,10.849,10.840,10.587,10.602,10.705,10.729,10.822,10.831,11.180,11.225,11.160,11.067,11.087,11.162,11.169,11.253,11.486,5.359,5.576,6.170,6.627,6.224,5.960,6.032,6.512,5.847,5.246,5.204,4.809,4.718,5.160,5.204,4.872,4.480,3.783,3.997,4.811,5.660,5.788,5.924,6.039,5.918,5.952,5.743,5.978,6.545,7.074,6.344,6.105,5.927,5.219,5.038,4.847,4.546,5.439,5.009,5.861,5.862,6.379,6.778,6.530,6.886,7.537,7.467,7.740,7.871,7.496,7.514,7.674,8.476,8.660,9.195,10.912,6.849,6.614,6.123,6.143,5.783,5.924,6.091,5.095,4.956,3.498,3.987,2.829,6.448,6.062,6.011,7.100,7.026,5.403,3.599,3.447,9.454,9.384,7.399,8.328,5.743,5.710,5.690,6.344,7.006,7.448,7.533,7.464,7.321,7.915,7.974,8.423,8.480,9.110,9.028,8.986,8.921,8.766,9.479,9.672,9.695,9.891,9.898,10.001,10.162,10.326,10.310,10.125,9.911,4.793,4.766,4.025,4.003,4.018,4.762,1.459,1.323,1.773,0.608,0.981,0.400,1.514,4.208
1,10.585,10.511,10.408,10.139,10.122,9.728,9.656,9.605,9.646,8.529,8.395,8.489,9.434,7.060,7.162,6.213,2.936,2.358,1.071,0,5.905,6.567,6.404,6.470,7.797,8.498,9.106,9.425,9.173,9.526,9.721,9.866,9.952,10.071,10.147,10.260,10.327,10.402,10.438,10.403,10.106,10.097,10.578,10.454,10.418,10.374,10.245,10.146,10.224,10.289,10.280,10.308,10.298,10.242,10.193,10.171,10.137,10.192,10.297,10.209,10.184,10.209,9.875,9.863,9.916,9.943,10.092,10.087,10.633,10.694,10.604,10.465,10.508,10.618,10.646,10.787,11.109,4.365,4.555,5.111,5.562,5.158,4.890,4.970,5.470,4.797,4.185,4.159,3.773,3.682,4.165,4.252,3.929,3.493,2.801,3.069,3.999,4.804,4.925,5.077,5.228,5.150,5.197,5.016,5.276,5.883,6.369,5.769,5.566,5.364,4.644,4.489,4.285,3.901,4.802,4.610,5.551,5.688,6.166,6.639,6.483,6.861,7.564,7.577,7.854,8.021,7.730,7.764,8.044,8.738,8.811,9.267,10.882,7.010,6.786,6.311,6.288,5.849,5.953,6.081,5.113,5.052,3.284,3.486,2.303,5.576,5.082,4.999,6.050,5.955,4.358,2.558,2.376,9.901,9.894,7.043,7.695,4.710,4.743,4.821,5.501,6.112,6.506,6.634,6.644,6.563,7.069,7.115,7.449,7.503,8.159,8.120,8.082,8.054,7.957,8.583,8.792,8.859,9.082,9.151,9.293,9.472,9.605,9.560,9.234,9.275,3.903,3.785,3.099,2.965,2.951,4.228,0.451,0.317,1.262,1.175,1.596,1.029,2.085,5.279
2,13.734,13.533,13.401,13.265,13.415,12.654,12.406,12.243,11.821,11.178,11.514,11.874,13.235,10.997,10.010,8.833,5.909,6.887,5.164,5.905,0,3.133,0.703,4.539,5.540,5.576,8.065,8.315,8.711,8.882,9.538,10.062,10.398,10.514,10.369,10.473,10.114,10.040,9.762,9.711,9.870,10.014,10.221,10.491,10.720,10.895,11.230,11.265,10.869,11.407,11.492,11.384,11.424,11.602,11.884,11.813,11.863,11.606,11.222,11.166,11.193,10.994,11.240,11.410,11.803,11.808,11.553,11.639,10.832,10.784,10.860,11.032,10.922,10.798,10.690,10.463,10.211,8.612,8.996,9.920,10.922,10.524,10.147,10.398,11.048,10.349,9.671,9.775,9.450,9.363,9.951,10.104,9.793,9.308,8.644,8.956,9.901,10.708,10.827,10.981,11.131,11.041,11.082,10.886,11.130,11.707,12.227,11.505,11.258,11.086,10.381,10.197,10.008,9.706,10.602,10.119,10.894,10.765,11.307,11.602,11.237,11.540,12.069,11.843,12.089,12.136,11.593,11.569,11.391,12.428,12.876,13.558,15.421,11.160,10.923,10.442,10.546,10.357,10.549,10.766,9.796,9.552,8.544,9.144,7.993,11.475,10.877,10.717,11.547,11.062,9.075,7.563,7.795,12.764,12.464,12.440,13.492,9.240,8.722,8.141,8.494,9.306,9.982,9.771,9.245,8.787,9.760,9.889,11.066,11.136,11.490,11.107,11.045,10.746,10.247,11.425,11.478,11.209,11.218,10.845,10.708,10.741,11.064,11.218,11.955,10.225,7.606,8.065,7.251,7.853,8.158,6.067,6.353,6.221,6.931,5.681,5.824,4.955,3.822,4.260
2,11.554,11.308,11.172,11.101,11.317,10.440,10.135,9.936,9.363,8.956,9.470,9.925,11.395,9.411,7.996,6.882,5.055,6.423,5.533,6.567,3.133,0,3.697,7.589,8.660,8.707,11.143,11.404,11.738,11.935,12.548,13.029,13.332,13.451,13.339,13.446,13.140,13.082,12.834,12.784,12.894,13.020,13.266,13.491,13.685,13.828,14.086,14.095,13.780,14.241,14.308,14.226,14.256,14.389,14.603,14.541,14.573,14.381,14.089,14.025,14.043,13.882,14.017,14.150,14.472,14.483,14.317,14.385,13.815,13.781,13.835,13.960,13.873,13.783,13.692,13.508,13.308,10.349,10.667,11.443,12.107,11.701,11.399,11.523,12.037,11.364,10.742,10.727,10.337,10.247,10.689,10.712,10.376,10.009,9.312,9.500,10.191,11.071,11.204,11.318,11.384,11.204,11.215,10.973,11.156,11.630,12.214,11.274,10.979,10.860,10.229,10.019,9.868,9.719,10.542,9.716,10.262,9.925,10.467,10.599,10.119,10.345,10.716,10.364,10.571,10.546,9.910,9.857,9.465,10.586,11.202,11.969,13.887,9.677,9.457,9.025,9.190,9.173,9.400,9.649,8.795,8.469,8.128,9.004,8.035,11.863,11.584,11.544,12.616,12.431,10.616,8.874,8.881,10.517,10.116,11.742,13.274,10.881,10.578,10.209,10.700,11.491,12.098,11.998,11.621,11.251,12.132,12.241,13.169,13.235,13.713,13.436,13.380,13.157,12.759,13.812,13.915,13.737,13.805,13.535,13.459,13.525,13.815,13.928,14.395,13.061,9.489,9.752,8.921,9.244,9.391,8.398,6.986,6.848,7.145,5.794,5.695,5.550,4.882,2.074
2,14.438,14.236,14.105,13.969,14.118,13.357,13.109,12.945,12.519,11.881,12.216,12.575,13.932,11.686,10.713,9.536,6.580,7.516,5.727,6.404,0.703,3.697,0,4.203,5.086,5.035,7.663,7.899,8.358,8.504,9.195,9.751,10.107,10.220,10.054,10.155,9.756,9.666,9.360,9.308,9.514,9.672,9.845,10.153,10.407,10.603,10.984,11.034,10.591,11.173,11.267,11.146,11.190,11.392,11.707,11.632,11.690,11.402,10.969,10.918,10.950,10.730,11.037,11.225,11.650,11.653,11.356,11.451,10.506,10.446,10.539,10.742,10.618,10.470,10.349,10.086,9.777,8.821,9.218,10.171,11.244,10.852,10.461,10.739,11.411,10.713,10.031,10.159,9.850,9.764,10.375,10.551,10.247,9.746,9.095,9.425,10.402,11.191,11.308,11.466,11.629,11.553,11.599,11.411,11.662,12.250,12.759,12.070,11.831,11.653,10.943,10.764,10.572,10.251,11.151,10.714,11.510,11.402,11.942,12.250,11.896,12.205,12.743,12.525,12.773,12.824,12.286,12.263,12.091,13.125,13.567,14.244,16.101,11.844,11.606,11.123,11.224,11.024,11.213,11.426,10.452,10.214,9.152,9.714,8.551,11.949,11.298,11.116,11.890,11.340,9.331,7.897,8.176,13.467,13.166,13.057,14.046,9.467,8.895,8.256,8.556,9.366,10.059,9.812,9.236,8.748,9.747,9.883,11.137,11.209,11.517,11.099,11.036,10.709,10.174,11.394,11.426,11.122,11.105,10.688,10.522,10.537,10.876,11.050,11.900,9.996,7.788,8.295,7.501,8.164,8.501,6.126,6.847,6.719,7.479,6.265,6.434,5.490,4.323,4.948
2,16.586,16.452,16.333,16.120,16.176,15.603,15.442,15.331,15.121,14.224,14.322,14.541,15.675,13.293,12.902,11.772,8.280,8.550,6.467,6.470,4.539,7.589,4.203,0,1.360,2.044,3.557,3.827,4.172,4.349,5.002,5.547,5.907,6.019,5.851,5.952,5.575,5.503,5.245,5.195,5.331,5.478,5.685,5.958,6.204,6.402,6.813,6.879,6.396,7.014,7.119,6.982,7.032,7.264,7.633,7.550,7.625,7.283,6.792,6.745,6.782,6.543,6.923,7.140,7.627,7.623,7.248,7.357,6.305,6.250,6.337,6.542,6.414,6.270,6.155,5.928,5.736,6.478,6.906,7.931,9.355,9.028,8.584,9.008,9.779,9.145,8.495,8.772,8.611,8.548,9.255,9.582,9.363,8.791,8.320,8.750,9.886,10.454,10.536,10.726,10.979,11.031,11.110,11.008,11.304,11.952,12.320,11.990,11.842,11.619,10.914,10.794,10.585,10.122,10.975,11.031,12.001,12.158,12.635,13.107,12.928,13.299,13.976,13.930,14.204,14.338,13.954,13.968,14.065,14.922,15.127,15.652,17.329,13.316,13.081,12.590,12.608,12.231,12.359,12.509,11.521,11.410,9.752,9.873,8.727,11.076,10.079,9.754,10.085,9.167,7.206,6.478,7.025,15.750,15.594,13.457,13.743,7.159,6.338,5.459,5.455,6.181,6.901,6.505,5.751,5.169,6.216,6.371,7.892,7.964,8.069,7.528,7.460,7.046,6.402,7.725,7.688,7.279,7.189,6.668,6.442,6.425,6.787,6.999,8.136,5.849,5.437,6.153,5.609,6.544,7.041,3.426,6.775,6.705,7.730,7.066,7.441,6.077,5.081,8.138
2,17.943,17.808,17.688,17.477,17.535,16.958,16.793,16.680,16.458,15.574,15.679,15.901,17.034,14.651,14.255,13.121,9.637,9.904,7.824,7.797,5.540,8.660,5.086,1.360,0,0.934,2.623,2.831,3.431,3.500,4.276,4.918,5.340,5.439,5.200,5.287,4.780,4.657,4.302,4.249,4.549,4.742,4.827,5.225,5.549,5.814,6.364,6.475,5.857,6.596,6.727,6.552,6.616,6.915,7.373,7.281,7.380,6.952,6.322,6.292,6.346,6.043,6.611,6.875,7.443,7.431,6.939,7.072,5.603,5.512,5.654,5.958,5.784,5.564,5.408,5.063,4.691,7.372,7.792,8.802,10.290,9.990,9.543,9.995,10.774,10.169,9.542,9.847,9.720,9.662,10.374,10.724,10.524,9.950,9.519,9.956,11.097,11.623,11.698,11.889,12.154,12.226,12.309,12.222,12.520,13.170,13.513,13.237,13.102,12.874,12.177,12.065,11.856,11.381,12.220,12.329,13.307,13.484,13.955,14.437,14.268,14.641,15.323,15.283,15.558,15.694,15.313,15.327,15.424,16.282,16.484,17.003,18.670,14.672,14.437,13.947,13.963,13.581,13.706,13.853,12.867,12.761,11.082,11.166,10.033,12.212,11.162,10.812,11.028,10.024,8.139,7.613,8.193,17.104,16.941,14.748,14.945,8.036,7.164,6.240,6.096,6.735,7.435,6.973,6.148,5.537,6.555,6.715,8.339,8.409,8.387,7.781,7.713,7.249,6.540,7.898,7.804,7.314,7.151,6.519,6.208,6.133,6.528,6.794,8.216,5.500,6.383,7.125,6.675,7.634,8.148,4.422,8.087,8.023,9.053,8.421,8.799,7.432,6.440,9.375
2,18.453,18.304,18.182,17.984,18.059,17.445,17.263,17.139,16.872,16.036,16.186,16.433,17.610,15.236,14.739,13.588,10.153,10.524,8.438,8.498,5.576,8.707,5.035,2.044,0.934,0,3.092,3.224,3.993,3.981,4.814,5.498,5.947,6.036,5.760,5.836,5.251,5.092,4.666,4.613,5.037,5.258,5.247,5.729,6.099,6.399,7.017,7.149,6.469,7.262,7.404,7.212,7.282,7.609,8.103,8.007,8.115,7.655,6.965,6.944,7.005,6.675,7.326,7.608,8.202,8.188,7.652,7.794,6.121,6.006,6.183,6.543,6.344,6.079,5.897,5.472,4.937,8.293,8.714,9.727,11.208,10.902,10.455,10.903,11.680,11.068,10.434,10.731,10.592,10.532,11.242,11.582,11.373,10.799,10.347,10.780,11.918,12.469,12.547,12.738,12.997,13.058,13.138,13.041,13.338,13.987,14.346,14.032,13.886,13.662,12.958,12.838,12.629,12.165,13.017,13.072,14.038,14.182,14.665,15.129,14.935,15.302,15.969,15.904,16.175,16.300,15.893,15.900,15.953,16.846,17.087,17.633,19.333,15.278,15.041,14.549,14.577,14.218,14.353,14.510,13.518,13.393,11.776,11.915,10.765,13.074,12.044,11.702,11.944,10.951,9.055,8.471,9.037,17.584,17.393,15.499,15.773,8.960,8.092,7.170,7.030,7.665,8.363,7.896,7.064,6.453,7.462,7.623,9.257,9.326,9.285,8.668,8.600,8.128,7.407,8.767,8.660,8.150,7.966,7.301,6.961,6.862,7.267,7.552,9.060,6.215,7.294,8.032,7.557,8.510,9.018,5.316,8.813,8.740,9.760,9.043,9.401,8.055,7.001,9.615
2,19.618,19.516,19.405,19.162,19.176,18.696,18.573,18.486,18.363,17.382,17.381,17.535,18.538,16.158,16.029,14.946,11.411,11.402,9.405,9.106,8.065,11.143,7.663,3.557,2.623,3.092,0,0.318,0.945,0.891,1.726,2.427,2.891,2.971,2.675,2.747,2.170,2.035,1.698,1.647,1.949,2.166,2.204,2.638,3.010,3.323,3.995,4.155,3.412,4.253,4.409,4.196,4.273,4.639,5.190,5.088,5.215,4.698,3.931,3.922,3.992,3.633,4.399,4.712,5.359,5.337,4.713,4.870,3.029,2.919,3.090,3.466,3.257,2.988,2.811,2.441,2.191,7.319,7.683,8.586,10.153,9.933,9.501,10.003,10.768,10.269,9.737,10.104,10.085,10.048,10.741,11.149,11.019,10.461,10.184,10.629,11.751,12.107,12.155,12.350,12.648,12.788,12.884,12.851,13.154,13.795,14.039,13.979,13.900,13.662,13.012,12.938,12.735,12.220,12.974,13.332,14.341,14.640,15.058,15.599,15.522,15.910,16.635,16.677,16.955,17.126,16.828,16.858,17.074,17.830,17.916,18.349,19.885,16.117,15.892,15.416,15.394,14.946,15.037,15.148,14.201,14.157,12.303,12.169,11.138,12.570,11.392,10.983,10.877,9.705,8.117,8.173,8.819,18.856,18.761,15.667,15.473,7.887,6.973,6.053,5.630,6.008,6.594,6.049,5.184,4.613,5.428,5.580,7.254,7.313,7.058,6.377,6.314,5.799,5.044,6.345,6.163,5.574,5.305,4.548,4.135,3.981,4.394,4.720,6.489,3.322,6.555,7.284,7.120,8.062,8.590,5.015,9.294,9.264,10.291,9.958,10.379,9.006,8.222,11.645
2,19.936,19.833,19.722,19.479,19.494,19.012,18.889,18.801,18.675,17.697,17.698,17.853,18.856,16.477,16.344,15.260,11.725,11.720,9.722,9.425,8.315,11.404,7.899,3.827,2.831,3.224,0.318,0,0.988,0.802,1.663,2.381,2.857,2.926,2.604,2.666,2.032,1.868,1.471,1.419,1.829,2.067,2.025,2.523,2.926,3.261,3.977,4.151,3.371,4.241,4.403,4.180,4.261,4.644,5.216,5.112,5.245,4.709,3.906,3.904,3.979,3.603,4.425,4.747,5.407,5.383,4.732,4.894,2.919,2.792,2.988,3.402,3.177,2.876,2.682,2.254,1.909,7.599,7.959,8.851,10.419,10.205,9.775,10.279,11.041,10.550,10.024,10.393,10.380,10.343,11.035,11.444,11.317,10.762,10.490,10.935,12.055,12.404,12.451,12.646,12.945,13.087,13.184,13.153,13.456,14.097,14.336,14.284,14.207,13.969,13.321,13.249,13.045,12.530,13.281,13.645,14.655,14.956,15.372,15.915,15.839,16.227,16.952,16.996,17.273,17.444,17.147,17.177,17.392,18.148,18.234,18.667,20.201,16.435,16.210,15.734,15.712,15.264,15.355,15.465,14.519,14.476,12.621,12.483,11.454,12.860,11.678,11.266,11.141,9.959,8.396,8.479,9.125,19.172,19.076,15.977,15.769,8.159,7.246,6.331,5.893,6.246,6.817,6.269,5.407,4.847,5.631,5.781,7.448,7.506,7.224,6.537,6.475,5.958,5.204,6.484,6.290,5.689,5.404,4.631,4.200,4.029,4.441,4.777,6.599,3.374,6.849,7.575,7.424,8.363,8.891,5.329,9.612,9.583,10.609,10.276,10.696,9.323,8.534,11.934
2,19.746,19.659,19.551,19.295,19.290,18.855,18.751,18.677,18.600,17.579,17.530,17.653,18.596,16.230,16.216,15.163,11.633,11.508,9.574,9.173,8.711,11.738,8.358,4.172,3.431,3.993,0.945,0.988,0,0.394,0.847,1.505,1.957,2.043,1.774,1.858,1.404,1.354,1.266,1.231,1.159,1.320,1.540,1.804,2.121,2.406,3.053,3.210,2.479,3.309,3.464,3.253,3.329,3.694,4.249,4.147,4.275,3.754,2.991,2.979,3.048,2.694,3.457,3.774,4.427,4.404,3.770,3.928,2.175,2.095,2.224,2.550,2.359,2.136,1.995,1.781,1.942,6.939,7.274,8.120,9.686,9.496,9.076,9.587,10.336,9.879,9.387,9.769,9.789,9.759,10.435,10.858,10.754,10.210,9.991,10.432,11.532,11.825,11.863,12.057,12.363,12.526,12.625,12.612,12.914,13.546,13.753,13.770,13.712,13.472,12.846,12.787,12.587,12.063,12.779,13.225,14.237,14.580,14.974,15.536,15.495,15.886,16.623,16.699,16.976,17.161,16.899,16.936,17.201,17.910,17.947,18.343,19.819,16.162,15.943,15.475,15.438,14.967,15.044,15.139,14.214,14.196,12.290,12.074,11.094,12.239,11.031,10.607,10.397,9.186,7.726,7.984,8.638,19.020,18.957,15.510,15.177,7.458,6.556,5.670,5.168,5.439,5.969,5.414,4.566,4.039,4.746,4.890,6.539,6.595,6.277,5.587,5.525,5.006,4.256,5.515,5.313,4.707,4.417,3.643,3.214,3.048,3.461,3.794,5.615,2.391,6.279,6.978,6.921,7.829,8.349,4.973,9.317,9.302,10.309,10.100,10.532,9.178,8.494,12.104
2,20.091,20.002,19.893,19.640,19.638,19.194,19.086,19.009,18.921,17.909,17.871,18.000,18.955,16.585,16.548,15.488,11.955,11.855,9.907,9.526,8.882,11.935,8.504,4.349,3.500,3.981,0.891,0.802,0.394,0,0.861,1.580,2.056,2.124,1.805,1.870,1.281,1.163,0.941,0.899,1.058,1.279,1.341,1.748,2.131,2.461,3.178,3.356,2.569,3.443,3.607,3.381,3.464,3.852,4.434,4.330,4.466,3.920,3.106,3.105,3.182,2.803,3.645,3.974,4.641,4.615,3.947,4.112,2.140,2.027,2.204,2.602,2.381,2.098,1.920,1.582,1.583,7.333,7.668,8.512,10.078,9.889,9.469,9.980,10.729,10.273,9.782,10.164,10.182,10.152,10.829,11.251,11.146,10.602,10.379,10.820,11.922,12.218,12.257,12.450,12.757,12.918,13.017,13.003,13.305,13.938,14.146,14.160,14.100,13.861,13.232,13.172,12.972,12.449,13.167,13.605,14.618,14.955,15.353,15.912,15.866,16.257,16.992,17.063,17.340,17.523,17.255,17.290,17.546,18.264,18.310,18.711,20.196,16.522,16.302,15.833,15.798,15.331,15.410,15.507,14.579,14.557,12.658,12.453,11.466,12.633,11.425,11.002,10.787,9.573,8.120,8.371,9.024,19.358,19.288,15.896,15.571,7.852,6.950,6.064,5.561,5.824,6.345,5.789,4.946,4.425,5.112,5.255,6.894,6.949,6.610,5.917,5.857,5.337,4.592,5.826,5.612,4.997,4.691,3.902,3.455,3.268,3.677,4.021,5.897,2.621,6.670,7.371,7.308,8.218,8.740,5.339,9.678,9.660,10.671,10.439,10.869,9.510,8.800,12.357
