,0,89,98,27,39,21,80,78,67,60,26,81,41,44,43,72,73,63,52,55,92,70,10,93,85,13,94,42,49,25,22,45,28,34,90,1,96,91,56,16,61,38,77,14,12,7,57,6,18,86,65,75,31,99,29,83,84,71,95,11,47,48,76,88,30,58,15,69,19,62,23,53,50,33,68,54,51,79,97,40,46,20,24,5,9,66,37,87,4,35,8,64,82,17,74,3,2,32,36,59
0,0,21.415,34.693,30.186,35.714,29.648,32.812,28.026,23.747,34.673,34.027,19.762,36.147,22.328,21.042,34.287,25.881,26.625,40.147,34.902,42.284,35.223,33.833,31.912,33.428,32.742,35.494,28.270,31.679,23.580,37.656,31.407,39.125,38.037,28.298,35.901,26.383,31.494,21.725,26.121,40.205,19.702,36.338,36.479,23.946,26.854,34.330,39.072,19.068,34.034,33.501,32.134,40.702,35.413,35.733,31.352,35.824,31.417,23.410,26.949,33.488,33.443,31.501,21.481,26.185,36.621,36.994,19.806,20.919,35.812,24.411,40.979,42.794,37.251,38.347,21.954,19.835,32.354,39.491,34.462,30.075,26.615,31.257,35.531,42.487,36.378,40.090,31.701,27.152,25.659,34.486,37.903,20.939,41.029,19.674,28.236,39.467,39.541,20.268,41.634
89,21.415,0,38.412,25.538,40.642,28.236,38.811,39.709,22.509,40.388,36.107,26.094,38.402,14.642,25.574,34.356,28.225,28.833,39.792,34.662,40.058,35.043,24.133,41.039,29.710,35.532,34.132,34.408,29.275,21.536,45.418,19.780,37.316,41.134,27.712,24.244,35.658,38.594,29.946,24.834,44.510,30.590,27.689,28.874,20.734,19.703,37.847,31.956,29.835,28.715,25.542,34.153,35.287,36.082,32.368,31.864,34.177,32.149,20.271,38.752,41.126,35.139,39.641,22.387,37.370,22.237,33.376,34.886,31.865,40.016,35.321,42.056,40.135,34.334,29.661,23.842,20.797,37.823,43.799,31.020,43.006,35.269,30.868,24.051,35.749,29.126,37.177,38.376,28.143,27.217,37.946,33.698,23.616,43.996,25.780,33.156,37.697,43.548,33.424,35.676
98,34.693,38.412,0,19.359,21.002,39.517,26.412,18.406,30.320,33.695,34.491,35.377,26.570,40.043,27.415,34.099,22.181,26.704,38.908,20.160,32.877,42.311,40.919,38.541,33.355,28.669,33.096,26.548,37.519,39.593,26.830,37.731,31.687,27.046,42.884,27.066,34.400,35.069,31.592,36.277,28.605,21.038,42.116,32.741,27.062,34.521,37.470,32.167,32.817,37.426,28.129,28.650,30.315,43.340,26.446,33.171,23.329,27.473,35.586,20.283,23.383,23.689,33.080,29.360,37.324,33.659,35.302,38.072,40.821,37.825,38.892,36.659,27.368,34.945,27.697,27.398,37.967,23.406,33.528,20.326,30.775,21.927,39.057,41.047,35.837,42.740,16.982,29.921,46.331,40.320,41.556,36.635,39.369,18.631,39.018,31.808,36.162,31.505,27.790,29.472
27,30.186,25.538,19.359,0,31.533,34.126,29.671,29.772,19.366,35.196,35.756,33.391,29.510,29.415,21.006,34.678,22.354,27.931,39.259,28.151,34.975,40.104,34.407,43.122,24.772,35.781,33.681,24.852,38.740,36.503,39.032,26.691,30.036,35.350,39.076,20.084,34.175,37.827,32.528,29.938,39.440,24.865,39.063,31.186,15.740,29.772,40.695,25.750,35.266,34.297,21.673,32.928,31.022,43.027,19.867,31.502,22.245,29.438,26.409,27.131,33.069,28.545,40.131,25.212,43.114,21.737,34.520,40.849,38.512,42.336,39.462,43.025,30.445,37.948,22.374,24.518,33.803,26.032,40.445,18.992,39.819,28.062,32.031,33.294,35.548,38.544,21.017,38.533,44.007,36.549,43.924,31.553,32.443,29.721,36.802,30.257,38.636,36.338,28.856,31.956
39,35.714,40.642,21.002,31.533,0,42.984,20.317,25.490,40.034,31.959,30.126,26.134,32.285,36.977,26.813,19.046,33.698,22.554,33.094,19.778,27.259,39.344,32.852,30.218,36.916,28.156,37.809,34.883,30.928,37.012,17.749,43.416,24.672,31.207,36.876,32.671,40.027,39.822,35.513,28.355,20.958,29.437,38.387,31.280,35.213,37.430,31.091,31.530,35.629,42.154,27.362,24.995,22.271,31.754,33.228,36.370,35.550,37.848,37.029,20.730,29.612,24.362,34.076,37.100,27.596,37.040,26.565,35.636,36.224,22.554,34.301,29.536,27.884,23.351,28.542,24.744,35.636,27.871,24.163,32.208,25.625,17.598,38.168,39.446,33.602,40.139,20.733,17.833,39.623,41.618,38.296,42.607,43.371,24.723,33.296,28.806,38.118,34.997,29.154,31.793
21,29.648,28.236,39.517,34.126,42.984,0,34.540,32.849,27.797,33.384,20.976,35.950,37.379,26.593,33.615,37.957,27.255,36.471,27.818,40.839,40.308,26.706,31.388,36.841,20.882,32.397,32.852,25.284,35.032,34.584,36.785,18.972,35.601,27.139,19.220,33.274,18.302,24.903,21.515,35.160,39.290,36.410,26.559,38.802,22.183,24.429,40.409,32.768,30.403,17.751,41.652,43.811,40.923,31.275,35.830,12.349,22.685,30.449,35.815,40.400,35.600,30.167,34.606,33.703,34.599,27.645,30.214,28.367,26.779,40.580,23.208,34.827,30.652,36.551,30.972,41.084,25.061,26.569,31.409,38.046,32.528,42.239,30.716,31.082,26.026,25.357,36.689,42.794,29.231,29.486,20.953,19.612,17.307,38.069,36.385,40.172,25.799,26.226,30.848,33.051
80,32.812,38.811,26.412,29.671,20.317,34.540,0,25.878,34.771,23.164,21.821,26.530,33.498,30.642,18.838,19.804,35.165,28.502,25.562,34.401,30.244,34.194,31.892,29.876,23.473,37.110,41.354,24.216,40.110,43.045,22.979,38.872,14.792,33.397,30.390,37.404,30.284,36.411,33.397,23.640,30.453,33.634,41.302,40.256,28.208,40.244,36.913,26.142,39.284,41.620,33.584,36.953,29.740,28.102,29.334,28.787,31.093,42.291,35.958,17.785,33.491,25.959,39.459,40.956,31.986,34.235,24.647,33.355,26.089,27.699,23.923,35.866,25.485,32.819,27.462,31.568,34.901,14.511,21.298,37.705,23.183,24.588,28.094,39.511,33.659,39.383,23.249,32.509,40.291,41.073,36.111,35.416,36.192,28.014,35.785,27.081,40.009,28.611,20.678,38.474
78,28.026,39.709,18.406,29.772,25.490,32.849,25.878,0,31.605,31.152,28.621,32.663,29.815,39.662,28.905,35.946,20.016,27.632,36.807,27.221,38.280,38.735,43.059,31.896,34.173,24.306,33.528,22.830,36.116,37.509,20.792,38.761,36.281,20.921,36.743,35.895,23.022,25.851,20.581,38.035,27.392,18.088,40.981,38.891,28.018,33.126,36.177,39.036,23.438,34.234,38.532,32.625,38.585,39.646,34.597,26.813,24.730,25.897,38.269,19.196,19.136,22.643,25.152,29.725,27.050,40.463,35.844,25.008,32.090,35.983,27.353,33.878,31.584,36.131,35.309,31.943,32.469,20.174,28.564,30.270,17.677,24.430,39.016,44.164,37.188,41.715,28.916,28.104,40.131,36.374,32.170,35.860,32.963,23.735,35.696,33.806,33.077,26.270,20.938,34.262
67,23.747,22.509,30.320,19.366,40.034,27.797,34.771,31.605,0,28.888,37.892,35.776,24.119,26.110,25.819,40.452,25.943,37.281,36.586,36.144,35.264,30.479,36.005,36.473,24.486,38.559,26.043,18.255,39.222,32.241,42.296,19.352,36.094,37.796,36.158,30.122,24.954,26.994,31.387,30.146,40.769,24.124,38.434,32.259,20.102,30.341,34.790,28.258,29.333,29.009,28.420,33.080,36.804,40.403,19.082,31.908,24.712,26.123,17.587,30.862,29.263,37.985,33.558,19.212,41.543,26.575,41.399,32.195,30.150,41.831,35.663,41.686,34.525,42.717,34.157,28.685,33.907,29.439,42.249,22.124,37.573,30.161,23.088,28.302,39.000,32.249,32.715,41.425,36.727,22.822,38.010,23.901,17.736,32.761,29.670,25.455,34.269,32.293,22.983,34.920
60,34.673,40.388,33.695,35.196,31.959,33.384,23.164,31.152,28.888,0,31.271,36.994,19.957,32.970,30.566,31.848,40.229,42.732,19.067,39.348,21.814,18.959,35.389,18.658,25.850,41.066,29.389,18.879,41.523,41.338,29.021,33.896,24.934,36.510,33.958,42.541,25.451,23.919,39.198,27.650,27.874,35.084,41.608,36.658,35.493,43.434,25.369,23.853,37.584,37.193,35.306,33.357,30.738,26.755,22.268,34.685,31.973,38.489,29.246,26.731,25.501,40.117,31.026,37.579,35.895,36.306,37.499,28.941,22.923,26.474,29.269,30.822,25.258,38.624,38.127,36.641,42.378,24.263,26.078,34.516,24.387,26.462,16.123,32.095,36.123,31.046,30.594,36.666,35.921,28.429,31.206,25.494,28.205,24.263,30.915,18.640,32.352,19.724,18.295,36.246
26,34.027,36.107,34.491,35.756,30.126,20.976,21.821,28.621,37.892,31.271,0,29.341,39.443,29.532,29.628,24.504,31.117,28.413,21.577,35.524,35.434,30.636,27.507,32.957,22.744,28.793,39.265,29.197,32.852,38.710,23.188,32.355,24.329,22.982,16.930,34.066,26.206,32.368,24.210,30.889,30.725,38.155,28.105,39.390,26.793,30.250,39.392,30.459,35.241,29.321,40.057,41.784,33.808,23.244,37.886,13.343,26.781,37.744,41.376,33.636,35.924,19.505,36.707,41.289,27.345,30.785,15.554,30.319,27.019,30.850,17.705,29.219,23.847,26.774,24.460,38.844,25.845,19.560,15.613,41.342,24.122,36.941,33.876,36.254,20.748,30.764,28.941,34.447,32.182,39.010,22.047,29.707,31.707,33.384,37.933,38.984,29.927,25.432,30.108,32.445
81,19.762,26.094,35.377,33.391,26.134,35.950,26.530,32.663,35.776,36.994,29.341,0,41.659,20.826,18.302,19.214,33.140,17.278,37.090,31.310,38.682,38.038,24.711,32.018,34.914,32.124,42.283,36.678,27.241,26.356,32.595,38.007,30.800,39.442,24.509,34.490,37.027,41.499,28.462,18.037,36.737,29.332,33.452,35.058,28.931,29.801,34.801,36.233,29.820,40.094,29.768,31.460,32.975,27.745,39.100,33.435,41.079,40.583,29.736,26.971,39.895,28.513,38.200,32.870,21.956,35.547,25.471,28.179,24.597,26.874,24.722,38.008,40.222,26.663,32.137,18.850,18.766,33.212,33.252,39.618,30.487,25.170,34.391,35.906,38.247,37.233,35.936,24.664,27.436,35.717,36.499,44.021,33.779,42.078,22.182,29.690,42.910,43.351,27.208,41.025
41,36.147,38.402,26.570,29.510,32.285,37.379,33.498,29.815,24.119,19.957,39.443,41.659,0,38.026,35.453,38.601,34.036,42.245,29.933,30.156,20.025,25.453,39.062,26.268,32.912,35.675,15.938,22.836,37.491,36.288,32.273,30.875,33.836,33.642,41.980,34.823,30.868,22.513,39.576,34.449,25.070,27.904,39.924,26.373,35.602,38.732,21.665,26.053,32.794,32.435,28.415,23.323,27.711,36.935,16.709,38.547,27.861,26.456,25.668,29.878,15.525,40.368,24.006,27.134,39.482,33.817,42.802,33.278,35.230,32.202,40.429,29.203,25.721,38.070,37.616,32.677,44.132,31.176,34.393,19.035,31.480,24.076,25.993,29.056,36.223,30.585,27.006,33.978,38.612,24.391,35.170,25.340,30.434,16.492,31.140,20.832,26.913,23.531,25.489,26.881
44,22.328,14.642,40.043,29.415,36.977,26.593,30.642,39.662,26.110,32.970,29.532,20.826,38.026,0,20.632,25.597,34.628,29.673,31.022,37.975,35.234,28.658,16.764,34.354,23.713,38.493,36.976,31.657,31.222,26.875,40.998,23.211,28.146,41.790,19.674,30.655,33.203,37.835,32.063,14.185,41.633,35.046,28.502,32.185,23.102,27.370,35.048,26.351,34.127,32.478,27.223,35.767,31.904,25.644,30.999,29.972,35.957,39.164,21.081,35.218,41.805,34.917,40.823,31.088,33.892,23.320,27.164,32.013,22.533,32.434,27.564,39.182,36.294,31.794,28.578,25.824,22.047,33.053,36.598,36.783,37.856,33.148,22.390,23.093,33.442,26.725,35.686,37.217,24.845,28.248,34.405,32.136,23.132,42.742,23.536,28.073,38.346,39.714,28.642,38.034
43,21.042,25.574,27.415,21.006,26.813,33.615,18.838,28.905,25.819,30.566,29.628,18.302,35.453,20.632,0,23.870,29.755,22.583,35.391,33.484,36.297,37.474,29.264,35.233,24.268,37.825,40.858,25.414,37.624,35.096,34.672,33.442,24.050,39.260,30.241,31.971,31.574,39.034,30.027,17.326,39.185,26.501,40.019,37.272,19.170,33.564,38.380,28.535,34.175,40.328,26.599,34.372,32.714,33.643,27.832,30.872,32.745,39.093,25.672,18.486,36.964,28.262,41.014,31.454,33.558,29.911,28.835,32.692,25.083,33.757,26.839,42.821,35.013,35.324,27.450,20.326,27.115,23.125,34.802,33.406,31.883,22.862,26.942,36.026,38.872,39.565,28.540,33.709,37.382,36.481,40.892,37.436,30.598,36.020,29.059,24.448,43.738,38.098,19.789,40.925
72,34.287,34.356,34.099,34.678,19.046,37.957,19.804,35.946,40.452,31.848,24.504,19.214,38.601,25.597,23.870,0,39.261,23.922,26.547,30.069,27.532,33.886,18.647,30.118,31.085,34.040,41.405,37.246,29.226,34.844,26.433,38.746,17.038,37.284,25.489,33.163,40.661,42.860,36.952,16.986,29.296,38.107,31.784,32.172,33.531,35.641,32.593,26.254,39.730,40.814,27.318,31.850,20.964,19.648,34.873,33.659,39.156,44.324,34.355,29.465,39.712,27.776,40.681,41.012,27.869,31.211,16.075,36.053,29.761,18.660,29.106,30.949,29.103,19.416,24.871,26.738,30.019,30.188,23.149,39.571,30.651,26.801,31.812,32.503,29.313,33.434,26.686,25.539,32.081,40.064,35.377,40.413,39.729,35.374,30.082,29.225,39.411,37.948,31.466,35.015
73,25.881,28.225,22.181,22.354,33.698,27.255,35.165,20.016,25.943,40.229,31.117,33.140,34.036,34.628,29.755,39.261,0,23.880,41.490,24.917,42.211,40.965,38.819,41.580,32.389,21.133,31.262,27.748,31.250,30.400,33.357,28.580,40.215,22.083,34.829,23.163,27.256,30.276,15.529,38.693,35.832,18.362,32.993,33.402,18.431,18.773,40.720,38.215,20.964,24.838,33.964,33.886,38.884,43.294,34.456,22.955,19.654,16.924,34.866,31.093,27.588,20.526,29.976,20.839,33.134,30.935,34.474,31.393,37.530,43.100,33.442,37.600,34.021,34.938,28.827,29.595,24.675,27.545,37.338,24.404,32.699,32.309,41.137,38.324,33.180,37.578,29.689,33.370,38.119,34.194,34.008,32.946,29.243,31.535,36.252,39.196,30.934,33.597,30.303,29.227
63,26.625,28.833,26.704,27.931,22.554,36.471,28.502,27.632,37.281,42.732,28.413,17.278,42.245,29.673,22.583,23.922,23.880,0,41.036,22.263,40.809,44.491,29.726,40.117,36.025,23.939,41.942,37.794,26.113,29.360,29.948,38.233,32.910,31.551,30.464,25.547,38.895,43.035,24.199,28.885,35.050,26.396,32.237,33.514,25.163,24.291,40.396,37.667,29.490,37.274,29.194,32.029,32.464,36.121,39.775,29.720,34.641,34.784,36.390,28.040,37.928,16.346,38.370,31.528,26.185,32.922,22.968,34.623,35.951,33.981,31.189,37.785,36.852,24.269,24.743,20.991,19.289,31.083,33.476,34.482,32.802,27.736,42.559,39.599,33.929,40.523,29.180,24.030,35.700,41.514,38.466,44.246,38.915,37.940,32.615,37.413,40.632,42.741,32.863,35.001
52,40.147,39.792,38.908,39.259,33.094,27.818,25.562,36.807,36.586,19.067,21.577,37.090,29.933,31.022,35.391,26.547,41.490,41.036,0,38.963,21.091,15.860,26.221,24.191,23.476,37.278,31.825,28.512,35.914,40.506,27.217,30.765,20.785,31.859,24.608,38.528,30.076,28.803,38.415,28.577,26.234,43.085,30.695,34.501,36.075,38.845,29.165,20.727,40.887,31.246,37.020,37.768,26.598,16.240,29.893,28.239,31.245,40.436,36.227,37.123,33.169,35.553,34.805,42.901,34.453,30.461,26.440,33.269,27.068,24.056,28.033,23.168,17.910,29.681,30.969,41.274,38.511,26.610,16.984,39.353,27.985,35.809,22.935,27.290,22.336,22.080,29.188,37.061,31.239,32.710,23.020,22.721,31.293,28.698,35.179,30.836,25.951,19.814,30.456,29.985
55,34.902,34.662,20.160,28.151,19.778,40.839,34.401,27.221,36.144,39.348,35.524,31.310,30.156,37.975,33.484,30.069,24.917,22.263,38.963,0,30.066,40.330,33.505,36.070,40.359,17.817,28.680,37.743,21.622,27.461,26.432,36.909,35.586,26.744,39.031,21.262,41.239,37.359,32.095,34.847,22.684,24.139,30.655,19.815,33.294,26.369,30.003,34.297,28.133,32.833,22.960,18.041,23.167,38.064,33.403,35.933,31.445,24.705,34.341,31.055,26.280,24.550,28.089,26.152,30.223,32.408,31.304,36.755,42.535,30.718,41.045,27.327,30.045,21.329,27.608,22.692,32.470,35.165,33.002,21.284,33.380,23.560,42.608,34.188,30.545,35.465,22.674,17.847,36.942,36.283,36.989,39.958,40.808,25.555,32.290,34.016,30.702,37.297,35.520,20.825
92,42.284,40.058,32.877,34.975,27.259,40.308,30.244,38.280,35.264,21.814,35.434,38.682,20.025,35.234,36.297,27.532,42.211,40.809,21.091,30.066,0,23.177,28.630,25.191,32.687,37.223,25.266,32.929,33.660,37.518,29.714,34.032,23.792,36.731,37.438,34.040,39.910,33.619,45.176,28.172,21.040,38.919,34.535,22.840,40.020,40.664,20.132,17.846,41.282,36.137,24.886,24.600,13.418,26.300,21.961,40.022,34.723,37.563,29.993,34.854,28.649,39.614,32.668,37.619,38.503,30.299,33.691,39.039,36.423,21.543,40.837,22.906,19.900,28.243,31.986,33.697,44.201,34.059,27.388,28.843,34.121,27.216,25.786,23.798,28.775,25.731,23.508,31.299,35.973,31.578,34.674,29.634,37.901,21.904,32.055,22.915,28.758,28.119,32.913,24.679
70,35.223,35.043,42.311,40.104,39.344,26.706,34.194,38.735,30.479,18.959,30.636,38.038,25.453,28.658,37.474,33.886,40.965,44.491,15.860,40.330,23.177,0,28.221,20.202,28.017,37.993,23.560,27.979,33.736,33.528,34.313,25.562,31.282,35.899,26.317,39.735,27.754,22.045,38.148,29.096,29.601,39.748,29.685,30.865,37.102,36.499,22.009,25.128,35.064,27.064,36.140,33.801,30.603,20.161,28.721,32.549,33.758,35.692,28.304,39.634,30.366,42.206,28.708,35.807,34.390,32.011,35.625,27.830,23.969,26.344,30.426,24.426,27.234,33.855,38.082,39.275,37.779,33.611,28.117,36.432,30.723,35.335,18.446,20.757,29.336,15.324,36.379,37.699,23.984,19.635,21.562,20.061,22.501,32.289,27.369,26.855,23.161,23.290,28.863,30.957
10,33.833,24.133,40.919,34.407,32.852,31.388,31.892,43.059,36.005,35.389,27.507,24.711,39.062,16.764,29.264,18.647,38.819,29.726,26.221,33.505,28.630,28.221,0,34.263,28.413,35.073,36.403,38.877,24.841,27.923,36.977,27.256,24.388,39.269,19.928,27.451,40.691,41.428,37.224,17.866,35.417,41.158,20.375,26.009,31.193,28.011,32.437,23.077,38.878,32.041,25.192,33.510,22.162,19.085,33.745,31.979,37.792,41.037,29.015,40.293,42.873,33.165,41.186,37.023,33.340,21.168,18.933,37.635,31.060,25.990,32.969,31.108,30.563,20.351,23.464,29.320,26.421,36.456,30.969,37.771,39.150,35.311,28.648,19.148,24.138,21.565,31.522,33.144,24.463,33.166,32.322,33.824,33.164,40.496,27.941,32.394,34.288,39.567,36.756,30.818
93,31.912,41.039,38.541,43.122,30.218,36.841,29.876,31.896,36.473,18.658,32.957,32.018,26.268,34.354,35.233,30.118,41.580,40.117,24.191,36.070,25.191,20.202,34.263,0,37.491,34.863,28.933,30.843,32.257,32.983,25.165,39.154,33.284,36.244,31.298,45.028,30.485,24.770,37.230,28.773,22.176,33.777,37.109,33.737,41.833,40.852,15.154,34.011,30.610,37.235,37.264,27.040,31.601,21.450,34.332,38.156,40.293,37.818,31.148,30.327,25.290,40.798,22.712,36.170,23.622,42.723,37.576,20.110,21.455,16.028,27.529,23.275,33.082,32.108,43.408,34.068,38.129,33.861,25.066,38.563,19.446,24.746,26.659,32.931,37.731,29.370,37.769,26.107,25.527,24.836,25.559,34.929,30.691,30.491,21.783,21.941,30.919,27.730,22.949,36.453
85,33.428,29.710,33.355,24.772,36.916,20.882,23.473,34.173,24.486,25.850,22.744,34.914,32.912,23.713,24.268,31.085,32.389,36.025,23.476,40.359,32.687,28.017,28.413,37.491,0,40.390,36.316,19.234,41.752,41.755,36.656,21.909,20.773,34.047,26.384,31.310,24.983,32.531,32.566,26.808,39.332,37.812,35.191,38.449,18.656,33.971,40.945,18.796,40.336,30.595,33.835,42.725,33.302,31.028,23.505,21.056,21.505,37.848,31.668,32.971,37.153,30.800,42.102,37.495,41.497,20.593,27.439,37.012,27.943,38.459,28.036,39.005,23.357,37.931,22.978,37.350,33.468,18.157,30.394,34.620,34.969,36.731,21.114,30.065,27.669,30.416,26.286,44.282,38.536,35.310,33.546,19.555,25.334,32.662,38.536,32.184,34.183,26.040,26.845,34.704
13,32.742,35.532,28.669,35.781,28.156,32.397,37.110,24.306,38.559,41.066,28.793,32.124,35.675,38.493,37.825,34.040,21.133,23.939,37.278,17.817,37.223,37.993,35.073,34.863,40.390,0,29.328,37.573,17.678,25.571,23.702,35.420,40.575,16.523,31.844,27.079,34.493,31.132,21.384,39.589,23.693,26.513,24.241,27.668,33.078,19.917,32.838,40.350,20.484,24.602,35.556,27.938,33.171,35.534,41.310,27.412,29.701,21.090,39.989,36.224,26.430,20.834,22.554,28.200,22.159,36.051,29.728,29.046,38.873,32.798,33.634,23.272,32.057,21.461,31.562,31.813,25.408,34.394,29.004,30.630,27.943,32.287,45.144,36.721,26.896,32.453,31.371,20.813,30.520,34.385,25.568,37.567,36.091,30.703,33.387,41.015,23.793,33.530,36.040,22.321
94,35.494,34.132,33.096,33.681,37.809,32.852,41.354,33.528,26.043,29.389,39.265,42.283,15.938,36.976,40.858,41.405,31.262,41.942,31.825,28.680,25.266,23.560,36.403,28.933,36.316,29.328,0,29.894,29.184,27.754,35.241,25.004,40.384,30.359,38.301,30.995,31.836,20.059,36.001,37.801,26.183,29.434,30.221,20.029,36.226,30.228,20.631,30.788,26.931,21.648,30.427,23.053,29.877,36.121,26.126,36.196,28.302,18.294,26.888,39.187,18.870,40.119,18.399,22.319,36.958,31.825,42.097,31.386,37.215,33.959,41.173,24.181,28.917,34.154,37.967,34.443,39.284,37.534,36.381,19.996,34.782,31.633,31.463,23.186,31.650,22.054,32.580,33.281,31.038,17.409,28.643,23.545,27.014,24.864,29.090,29.674,16.971,26.788,32.688,20.040
42,28.270,34.408,26.548,24.852,34.883,25.284,24.216,22.830,18.255,18.879,29.197,36.678,22.836,31.657,25.414,37.246,27.748,37.794,28.512,37.743,32.929,27.979,38.877,30.843,19.234,37.573,29.894,0,42.783,40.550,32.291,27.529,29.657,30.820,33.980,36.510,14.585,21.028,29.046,31.933,34.625,26.929,41.579,39.009,22.590,36.489,35.452,27.471,31.953,31.607,35.985,37.173,37.265,36.310,21.144,25.718,19.823,30.308,29.261,23.734,24.081,33.165,31.756,30.516,37.844,32.137,37.701,28.372,25.264,38.047,27.263,37.704,27.094,42.240,33.799,35.159,36.693,15.601,31.662,29.030,26.363,28.895,22.324,35.571,36.136,35.002,28.672,40.220,39.529,29.553,32.725,21.316,21.593,24.904,34.857,26.210,32.379,19.542,14.930,35.813
49,31.679,29.275,37.519,38.740,30.928,35.032,40.110,36.116,39.222,41.523,32.852,27.241,37.491,31.222,37.624,29.226,31.250,26.113,35.914,21.622,33.660,33.736,24.841,32.257,41.752,17.678,29.184,42.783,0,14.553,31.417,33.229,39.489,30.613,27.754,27.191,40.742,36.246,30.088,32.373,27.277,32.261,16.186,19.797,36.590,19.578,26.655,37.542,24.584,26.773,29.672,23.508,27.839,28.576,41.215,34.162,38.397,28.849,33.579,40.881,34.023,30.445,27.031,28.292,22.313,33.153,28.496,30.594,36.686,26.479,35.884,22.541,35.814,14.501,32.720,27.329,23.403,41.672,32.707,33.367,34.446,32.591,41.223,27.317,27.694,24.997,35.668,19.518,19.854,29.442,27.210,39.414,35.283,37.895,24.487,37.269,26.959,40.227,38.734,24.402
25,23.580,21.536,39.593,36.503,37.012,34.584,43.045,37.509,32.241,41.338,38.710,26.356,36.288,26.875,35.096,34.844,30.400,29.360,40.506,27.461,37.518,33.528,27.923,32.983,41.755,25.571,27.754,40.550,14.553,0,39.197,29.854,43.497,37.392,30.018,29.601,38.620,34.798,29.876,30.602,35.160,27.670,23.091,21.798,34.246,19.359,26.633,39.272,19.748,27.747,28.553,23.158,33.586,33.239,39.216,37.142,39.992,27.254,25.054,40.178,34.641,36.771,27.254,19.672,26.294,33.942,36.371,27.648,33.502,31.874,36.544,31.605,41.970,26.735,37.826,23.091,22.319,43.751,40.748,31.542,37.572,31.558,37.781,25.797,36.285,26.609,40.700,25.666,17.935,21.793,31.653,39.225,28.748,41.854,16.895,33.495,31.640,43.338,35.525,31.331
22,37.656,45.418,26.830,39.032,17.749,36.785,22.979,20.792,42.296,29.021,23.188,32.595,32.273,40.998,34.672,26.433,33.357,29.948,27.217,26.432,29.714,34.313,36.977,25.165,36.656,23.702,35.241,32.291,31.417,39.197,0,42.980,29.557,20.983,33.000,38.417,32.327,30.832,30.602,35.824,14.168,32.459,36.102,36.143,37.771,37.433,30.667,35.639,32.457,36.634,38.783,31.408,30.084,28.636,38.084,29.973,32.246,35.147,42.941,26.643,24.380,23.891,26.904,40.018,22.234,41.134,27.735,28.864,33.214,23.137,27.783,21.447,24.795,25.256,33.606,35.962,35.912,24.881,13.054,37.155,14.292,26.639,39.409,41.558,29.531,37.022,26.715,21.465,36.589,39.688,26.901,37.851,40.100,22.451,36.227,34.704,29.901,24.816,28.751,30.269
45,31.407,19.780,37.731,26.691,43.416,18.972,38.872,38.761,19.352,33.896,32.355,38.007,30.875,23.211,33.442,38.746,28.580,38.233,30.765,36.909,34.032,25.562,27.256,39.154,21.909,35.420,25.004,27.529,33.229,29.854,42.980,0,35.156,34.183,28.049,24.320,28.840,29.012,31.542,31.816,40.198,35.205,25.024,28.129,22.122,22.744,36.166,24.941,32.917,16.931,30.489,37.138,33.828,34.605,26.018,25.764,23.340,26.978,25.283,42.200,35.423,36.061,35.807,26.290,41.659,16.239,34.274,35.858,33.420,41.098,36.049,35.913,29.840,36.183,27.929,35.442,30.217,33.243,38.903,27.680,41.287,39.724,26.266,18.404,26.823,19.756,32.954,43.207,30.690,23.792,30.615,16.307,18.537,36.363,33.167,34.849,25.727,31.551,33.960,27.172
28,39.125,37.316,31.687,30.036,24.672,35.601,14.792,36.281,36.094,24.934,24.329,30.800,33.836,28.146,24.050,17.038,40.215,32.910,20.785,35.586,23.792,31.282,24.388,33.284,20.773,40.575,40.384,29.657,39.489,43.497,29.557,35.156,0,37.369,30.185,33.719,37.095,40.576,40.491,20.863,32.038,40.915,37.387,35.824,30.595,40.532,36.545,15.736,45.340,40.580,28.886,37.508,21.941,24.880,25.907,31.721,32.455,44.958,34.722,29.059,38.607,30.615,43.924,43.530,38.536,26.632,21.332,40.773,31.476,27.264,31.829,34.653,20.628,30.051,21.800,33.731,38.055,22.614,23.534,37.294,33.098,30.242,25.150,32.343,28.079,34.026,20.194,36.498,40.177,41.461,37.800,32.496,38.321,29.864,37.592,28.125,38.766,31.002,29.687,34.714
34,38.037,41.134,27.046,35.350,31.207,27.139,33.397,20.921,37.796,36.510,22.982,39.442,33.642,41.790,39.260,37.284,22.083,31.551,31.859,26.744,36.731,35.899,39.269,36.244,34.047,16.523,30.359,30.820,30.613,37.392,20.983,34.183,37.369,0,32.723,30.777,27.589,26.088,22.181,43.119,24.155,31.469,29.796,35.109,31.323,27.261,37.801,37.515,28.200,23.111,41.223,36.645,36.099,36.713,38.691,19.938,20.086,23.223,44.407,36.036,24.259,19.551,25.888,34.817,29.783,35.456,30.099,31.573,38.852,37.114,31.574,24.639,24.155,29.363,30.116,40.480,32.366,25.870,23.636,32.479,25.214,36.704,43.152,39.730,23.025,33.672,27.808,31.514,37.569,37.830,23.004,30.122,35.180,24.646,41.448,43.106,20.297,22.422,34.510,22.643
90,28.298,27.712,42.884,39.076,36.876,19.220,30.390,36.743,36.158,33.958,16.930,24.509,41.980,19.674,30.241,25.489,34.829,30.464,24.608,39.031,37.438,26.317,19.928,31.298,26.384,31.844,38.301,33.980,27.754,30.018,33.000,28.049,30.185,32.723,0,35.353,28.993,33.636,25.903,25.664,36.346,39.419,21.762,36.745,28.659,26.277,36.173,32.418,32.478,27.497,38.624,40.503,35.402,17.818,40.147,20.691,34.782,39.076,35.263,39.158,40.593,29.460,36.946,38.115,25.393,30.103,20.157,26.774,21.301,29.537,17.673,31.072,33.054,26.546,30.137,36.145,18.834,30.866,25.876,43.563,30.238,38.777,30.530,29.360,25.530,24.040,37.752,35.154,19.696,31.881,20.678,31.288,25.476,42.078,29.538,37.290,31.457,33.660,31.808,35.738
1,35.901,24.244,27.066,20.084,32.671,33.274,37.404,35.895,30.122,42.541,34.066,34.490,34.823,30.655,31.971,33.163,23.163,25.547,38.528,21.262,34.040,39.735,27.451,45.028,31.310,27.079,30.995,36.510,27.191,29.601,38.417,24.320,33.719,30.777,35.353,0,40.750,40.434,32.474,33.554,36.027,31.723,25.372,21.447,23.394,19.213,39.233,27.834,34.587,26.367,20.994,30.953,25.878,39.829,29.757,30.322,25.180,26.386,32.004,39.025,36.345,25.434,38.651,26.753,40.522,16.030,28.220,43.217,43.950,40.203,42.716,35.546,28.799,26.923,16.313,27.630,29.541,34.813,38.662,21.325,43.190,35.026,39.320,27.177,24.818,31.006,22.380,34.704,38.369,36.803,39.041,32.666,36.316,33.065,37.355,38.570,31.315,39.141,39.681,20.413
96,26.383,35.658,34.400,34.175,40.027,18.302,30.284,23.022,24.954,25.451,26.206,37.027,30.868,33.203,31.574,40.661,27.256,38.895,30.076,41.239,39.910,27.754,40.691,30.485,24.983,34.493,31.836,14.585,40.742,38.620,32.327,28.840,37.095,27.589,28.993,40.750,0,15.882,21.863,36.837,36.280,29.267,38.654,42.822,25.850,33.697,37.413,36.219,26.823,27.452,43.877,41.402,43.826,35.284,33.290,20.775,23.523,29.548,35.049,30.798,26.446,33.155,28.600,32.206,32.726,37.437,38.297,20.775,22.105,39.589,20.487,36.436,32.629,42.468,38.790,40.090,32.206,20.967,31.030,36.562,23.097,35.408,28.939,38.542,36.214,33.993,37.249,40.768,34.489,28.335,24.698,23.465,17.285,32.249,34.956,34.245,29.728,20.319,19.351,38.135
91,31.494,38.594,35.069,37.827,39.822,24.903,36.411,25.851,26.994,23.919,32.368,41.499,22.513,37.835,39.034,42.860,30.276,43.035,28.803,37.359,33.619,22.045,41.428,24.770,32.531,31.132,20.059,21.028,36.246,34.798,30.832,29.012,40.576,26.088,33.636,40.434,15.882,0,28.323,39.734,28.789,29.284,35.808,35.848,34.236,34.046,27.853,36.100,24.165,23.497,41.929,34.285,39.961,34.623,31.977,28.629,26.037,23.350,33.560,35.085,17.348,37.996,17.126,29.028,32.249,38.836,42.133,20.581,27.877,35.778,29.544,27.792,30.730,39.835,42.051,40.420,37.285,29.470,31.122,31.831,23.909,33.981,30.233,33.994,34.765,28.242,37.339,36.854,31.379,20.822,20.847,21.694,20.272,26.992,32.018,32.344,20.198,17.143,24.433,31.276
56,21.725,29.946,31.592,32.528,35.513,21.515,33.397,20.581,31.387,39.198,24.210,28.462,39.576,32.063,30.027,36.952,15.529,24.199,38.415,32.095,45.176,38.148,37.224,37.230,32.566,21.384,36.001,29.046,30.088,29.876,30.602,31.542,40.491,22.181,25.903,32.474,21.863,28.323,0,37.309,36.364,24.023,31.054,39.164,22.095,20.271,40.755,41.760,18.261,25.506,40.998,38.477,42.890,37.304,41.202,17.426,26.367,25.284,38.067,32.325,31.267,20.694,29.407,27.853,24.376,36.203,31.339,22.570,29.484,39.881,21.971,36.069,37.007,33.885,33.379,33.480,17.138,26.979,32.660,35.994,26.175,35.109,40.546,40.419,33.442,36.421,36.678,32.686,31.374,33.665,26.267,34.661,25.873,37.308,33.789,40.840,31.575,32.900,28.139,35.196
16,26.121,24.834,36.277,29.938,28.355,35.160,23.640,38.035,30.146,27.650,30.889,18.037,34.449,14.185,17.326,16.986,38.693,28.885,28.577,34.847,28.172,29.096,17.866,28.773,26.808,39.589,37.801,31.933,32.373,30.602,35.824,31.816,20.863,43.119,25.664,33.554,36.837,39.734,37.309,0,36.170,34.523,33.985,30.964,29.043,34.815,30.025,23.030,37.173,39.438,22.660,30.464,24.940,22.499,27.867,35.568,38.950,42.550,21.044,28.341,39.365,35.441,40.298,34.304,32.279,27.884,26.629,33.106,22.795,23.924,29.169,36.792,33.753,29.230,29.255,21.481,29.219,31.577,32.635,36.087,34.286,24.777,20.492,25.998,35.454,30.647,31.308,31.593,28.843,31.497,37.524,36.291,30.733,38.125,21.806,19.663,40.839,39.037,25.454,38.422
61,40.205,44.510,28.605,39.440,20.958,39.290,30.453,27.392,40.769,27.874,30.725,36.737,25.070,41.633,39.185,29.296,35.832,35.050,26.234,22.684,21.040,29.601,35.417,22.176,39.332,23.693,26.183,34.625,27.277,35.160,14.168,40.198,32.038,24.155,36.346,36.027,36.280,28.789,36.364,36.170,0,33.121,32.877,27.059,41.330,36.902,21.128,32.613,32.279,33.661,33.944,23.215,23.544,28.359,34.243,35.616,33.467,31.383,38.841,32.031,20.071,31.379,21.407,36.527,26.419,38.999,32.350,31.197,36.702,19.899,35.663,12.494,22.969,23.000,35.172,34.885,39.693,32.203,19.373,31.491,22.269,25.798,37.633,34.798,28.080,30.934,26.322,19.709,34.041,34.085,26.903,35.216,39.766,18.512,32.989,31.476,23.688,25.037,32.214,22.727
38,19.702,30.590,21.038,24.865,29.437,36.410,33.634,18.088,24.124,35.084,38.155,29.332,27.904,35.046,26.501,38.107,18.362,26.396,43.085,24.139,38.919,39.748,41.158,33.777,37.812,26.513,29.434,26.929,32.261,27.670,32.459,35.205,40.915,31.469,39.419,31.723,29.267,29.284,24.023,34.523,33.121,0,40.058,32.171,26.799,28.674,32.522,39.512,16.911,34.240,30.399,24.335,37.594,42.707,31.709,34.511,30.203,21.317,27.525,21.694,21.783,30.307,24.683,15.452,29.704,38.187,40.844,25.855,33.297,37.551,34.235,38.049,38.691,37.192,37.495,20.808,29.988,30.928,39.368,22.670,28.758,19.727,37.505,39.141,42.263,40.431,32.857,26.788,36.876,29.326,37.961,38.404,29.799,30.099,27.103,28.608,36.161,36.124,22.205,34.986
77,36.338,27.689,42.116,39.063,38.387,26.559,41.302,40.981,38.434,41.608,28.105,33.452,39.924,28.502,40.019,31.784,32.993,32.237,30.695,30.655,34.535,29.685,20.375,37.109,35.191,24.241,30.221,41.579,16.186,23.091,36.102,25.024,37.387,29.796,21.762,25.372,38.654,35.808,31.054,33.985,32.877,40.058,0,24.037,33.777,17.753,33.363,33.247,31.804,18.818,33.651,34.327,29.840,26.610,40.486,27.738,34.082,31.216,36.238,46.949,38.952,31.139,33.570,33.635,30.923,25.665,24.745,35.215,37.234,32.508,35.413,24.372,31.628,19.112,28.111,36.185,24.245,40.198,32.012,36.476,38.876,41.445,38.761,22.239,18.098,16.821,35.656,32.741,21.096,30.723,23.179,31.604,32.098,40.073,32.113,41.941,22.494,37.135,42.018,22.286
14,36.479,28.874,32.741,31.186,31.280,38.802,40.256,38.891,32.259,36.658,39.390,35.058,26.373,32.185,37.272,32.172,33.402,33.514,34.501,19.815,22.840,30.865,26.009,33.737,38.449,27.668,20.029,39.009,19.797,21.798,36.143,28.129,35.824,35.109,36.745,21.447,42.822,35.848,39.164,30.964,27.059,32.171,24.037,0,36.065,26.411,22.374,27.623,31.864,28.034,17.383,16.373,18.010,33.282,28.519,39.377,34.631,26.749,25.488,39.901,30.421,36.562,29.207,24.698,35.940,25.770,34.417,38.321,41.008,29.148,44.248,25.157,30.119,22.819,30.102,25.440,35.140,41.344,37.090,20.733,40.228,29.270,35.006,18.210,28.490,22.886,28.269,26.707,29.858,26.577,35.197,33.551,35.621,30.491,26.776,30.052,26.221,37.935,38.282,17.504
12,23.946,20.734,27.062,15.740,35.213,22.183,28.208,28.018,20.102,35.493,26.793,28.931,35.602,23.102,19.170,33.531,18.431,25.163,36.075,33.294,40.020,37.102,31.193,41.833,18.656,33.078,36.226,22.590,36.590,34.246,37.771,22.122,30.595,31.323,28.659,23.394,25.850,34.236,22.095,29.043,41.330,26.799,33.777,36.065,0,23.443,42.967,29.112,31.075,28.464,30.536,38.885,36.586,38.375,28.131,19.860,20.046,29.708,29.451,29.665,35.661,23.502,39.430,27.074,37.729,21.740,29.019,34.447,31.160,42.284,29.153,42.141,31.714,36.728,21.987,28.858,23.571,21.833,36.733,28.919,35.792,33.422,31.139,33.591,31.958,35.289,27.678,39.717,37.861,34.745,36.466,28.305,24.674,35.263,35.595,34.688,36.219,33.913,26.733,34.346
7,26.854,19.703,34.521,29.772,37.430,24.429,40.244,33.126,30.341,43.434,30.250,29.801,38.732,27.370,33.564,35.641,18.773,24.291,38.845,26.369,40.664,36.499,28.011,40.852,33.971,19.917,30.228,36.489,19.578,19.359,37.433,22.744,40.532,27.261,26.277,19.213,33.697,34.046,20.271,34.815,36.902,28.674,17.753,26.411,23.443,0,37.543,36.707,22.457,17.977,31.479,32.928,35.220,36.262,38.343,24.195,28.222,21.947,32.543,40.778,35.418,25.201,31.796,22.532,30.616,25.457,29.093,32.154,36.728,39.197,34.038,33.162,35.647,26.574,27.114,29.393,16.201,36.354,37.562,29.699,37.874,37.367,40.268,28.641,26.807,27.297,34.431,32.259,26.768,29.913,29.063,32.883,27.736,39.177,31.085,40.913,27.348,38.584,37.115,25.724
57,34.330,37.847,37.470,40.695,31.091,40.409,36.913,36.177,34.790,25.369,39.392,34.801,21.665,35.048,38.380,32.593,40.720,40.396,29.165,30.003,20.132,22.009,32.437,15.154,40.945,32.838,20.631,35.452,26.655,26.633,30.667,36.166,36.545,37.801,36.173,39.233,37.413,27.853,40.755,30.025,21.128,32.522,33.363,22.374,42.967,37.543,0,32.229,29.994,34.592,29.637,16.584,25.475,26.622,31.206,42.467,40.584,32.984,26.120,35.142,24.286,42.947,20.636,30.293,28.935,39.006,39.951,27.538,31.150,18.421,37.739,20.932,33.266,29.177,42.078,30.022,39.633,40.161,32.062,31.063,29.722,24.098,29.256,25.788,36.602,25.250,36.002,23.906,25.296,20.486,29.993,35.031,32.859,29.427,19.144,21.317,27.891,32.590,29.986,29.713
6,39.072,31.956,32.167,25.750,31.530,32.768,26.142,39.036,28.258,23.853,30.459,36.233,26.053,26.351,28.535,26.254,38.215,37.667,20.727,34.297,17.846,25.128,23.077,34.011,18.796,40.350,30.788,27.471,37.542,39.272,35.639,24.941,15.736,37.515,32.418,27.834,36.219,36.100,41.760,23.030,32.613,39.512,33.247,27.623,29.112,36.707,32.229,0,43.320,33.482,22.822,33.611,18.496,27.938,15.753,32.837,28.005,38.560,27.237,34.502,35.341,35.548,40.599,37.111,42.835,17.453,28.151,41.593,34.093,30.853,37.668,32.827,18.004,31.759,21.811,33.217,39.496,27.643,30.243,28.831,38.248,31.851,19.610,21.192,25.493,25.758,19.767,39.209,37.982,33.756,36.793,23.141,32.908,27.399,35.330,25.591,32.327,28.963,31.521,27.646
18,19.068,29.835,32.817,35.266,35.629,30.403,39.284,23.438,29.333,37.584,35.241,29.820,32.794,34.127,34.175,39.730,20.964,29.490,40.887,28.133,41.282,35.064,38.878,30.610,40.336,20.484,26.931,31.953,24.584,19.748,32.457,32.917,45.340,28.200,32.478,34.587,26.823,24.165,18.261,37.173,32.279,16.911,31.804,31.864,31.075,22.457,29.994,43.320,0,26.437,37.034,27.362,40.643,37.942,39.434,31.089,33.062,19.004,31.069,32.746,24.152,31.890,17.486,17.570,21.874,39.983,39.679,16.983,30.256,35.746,29.903,32.190,40.619,33.764,40.830,28.135,23.760,35.884,37.301,30.589,26.993,29.079,39.445,36.511,38.812,33.767,39.958,26.054,25.941,23.286,27.511,36.865,24.934,35.849,23.685,34.663,29.291,35.387,27.385,33.445
86,34.034,28.715,37.426,34.297,42.154,17.751,41.620,34.234,29.009,37.193,29.321,40.094,32.435,32.478,40.328,40.814,24.838,37.274,31.246,32.833,36.137,27.064,32.041,37.235,30.595,24.602,21.648,31.607,26.773,27.747,36.634,16.931,40.580,23.111,27.497,26.367,27.452,23.497,25.506,39.438,33.661,34.240,18.818,28.034,28.464,17.977,34.592,33.482,26.437,0,37.143,36.124,36.113,34.506,35.016,21.998,22.405,19.368,34.689,44.359,30.286,31.828,27.170,27.211,35.187,26.100,33.757,31.464,36.169,39.676,34.596,27.386,29.113,31.667,31.298,39.329,28.543,34.612,34.167,29.856,36.149,41.346,36.044,25.368,22.000,19.139,34.737,38.273,27.693,25.016,20.586,20.049,22.969,33.988,35.056,40.998,13.964,27.760,36.886,20.780
65,33.501,25.542,28.129,21.673,27.362,41.652,33.584,38.532,28.420,35.306,40.057,29.768,28.415,27.223,26.599,27.318,33.964,29.194,37.020,22.960,24.886,36.140,25.192,37.264,33.835,35.556,30.427,35.985,29.672,28.553,38.783,30.489,28.886,41.223,38.624,20.994,43.877,41.929,40.998,22.660,33.944,30.399,33.651,17.383,30.536,31.479,29.637,22.822,37.034,37.143,0,20.574,17.293,35.890,22.133,40.815,35.339,34.177,20.327,32.372,35.232,35.560,38.392,26.593,39.907,22.961,33.186,41.800,39.408,31.519,43.721,36.213,31.884,28.500,25.800,16.851,35.580,37.277,39.766,20.757,42.005,23.647,30.911,23.580,34.574,32.218,23.832,30.194,36.975,32.800,43.721,37.000,37.268,32.100,27.931,23.950,37.890,41.651,34.089,28.375
75,32.134,34.153,28.650,32.928,24.995,43.811,36.953,32.625,33.080,33.357,41.784,31.460,23.323,35.767,34.372,31.850,33.886,32.029,37.768,18.041,24.600,33.801,33.510,27.040,42.725,27.938,23.053,37.173,23.508,23.158,31.408,37.138,37.508,36.645,40.503,30.953,41.402,34.285,38.477,30.464,23.215,24.335,34.327,16.373,38.885,32.928,16.584,33.611,27.362,36.124,20.574,0,22.788,35.062,29.997,43.188,38.610,28.217,24.816,30.961,24.176,37.632,23.666,23.146,30.346,36.447,39.041,32.586,37.703,24.808,41.961,27.089,34.861,26.939,37.399,19.569,36.947,40.120,36.700,22.191,33.539,17.559,35.731,29.103,37.882,32.283,30.772,17.875,31.761,26.806,37.588,39.885,37.171,28.051,21.337,23.194,32.330,38.387,31.653,27.167
31,40.702,35.287,30.315,31.022,22.271,40.923,29.740,38.585,36.804,30.738,33.808,32.975,27.711,31.904,32.714,20.964,38.884,32.464,26.598,23.167,13.418,30.603,22.162,31.601,33.302,33.171,29.877,37.265,27.839,33.586,30.084,33.828,21.941,36.099,35.402,25.878,43.826,39.961,42.890,24.940,23.544,37.594,29.840,18.010,36.586,35.220,25.475,18.496,40.643,36.113,17.293,22.788,0,27.077,25.464,38.631,35.075,37.377,30.271,34.779,33.500,33.671,36.358,36.102,36.783,25.263,26.654,41.568,39.104,22.165,41.417,25.161,21.895,20.174,24.052,27.646,38.799,35.025,28.693,27.640,37.055,26.591,31.215,23.359,25.535,27.389,19.325,27.131,35.445,35.548,37.251,34.536,40.638,26.346,31.813,26.892,31.761,34.952,36.110,22.318
99,35.413,36.082,43.340,43.027,31.754,31.275,28.102,39.646,40.403,26.755,23.244,27.745,36.935,25.644,33.643,19.648,43.294,36.121,16.240,38.064,26.300,20.161,19.085,21.450,31.028,35.534,36.121,36.310,28.576,33.239,28.636,34.605,24.880,36.713,17.818,39.829,35.284,34.623,37.304,22.499,28.359,42.707,26.610,33.282,38.375,36.262,26.622,27.938,37.942,34.506,35.890,35.062,27.077,0,37.275,32.004,40.102,43.458,34.552,37.995,38.232,36.077,35.348,42.205,26.073,33.969,23.240,29.487,22.949,15.973,24.869,23.697,29.298,23.249,33.795,36.276,31.722,33.768,20.299,43.622,28.354,34.243,26.739,26.967,26.884,22.369,35.643,30.818,21.239,31.811,23.230,33.450,32.556,37.527,27.213,30.638,31.465,31.932,31.959,34.504
29,35.733,32.368,26.446,19.867,33.228,35.830,29.334,34.597,19.082,22.268,37.886,39.100,16.709,30.999,27.832,34.873,34.456,39.775,29.893,33.403,21.961,28.721,33.745,34.332,23.505,41.310,26.126,21.144,41.215,39.216,38.084,26.018,25.907,38.691,40.147,29.757,33.290,31.977,41.202,27.867,34.243,31.709,40.486,28.519,28.131,38.343,31.206,15.753,39.434,35.016,22.133,29.997,25.464,37.275,0,36.749,25.925,33.024,21.790,29.398,28.559,38.827,36.732,29.862,44.971,24.163,38.583,39.855,35.281,36.128,40.759,37.406,24.515,39.343,29.668,30.361,42.571,27.847,37.144,19.985,38.054,26.772,20.000,26.296,35.119,32.000,22.081,39.928,41.958,30.125,41.003,23.924,30.469,23.370,34.137,20.266,34.225,28.905,26.397,30.377
83,31.352,31.864,33.171,31.502,36.370,12.349,28.787,26.813,31.908,34.685,13.343,33.435,38.547,29.972,30.872,33.659,22.955,29.720,28.239,35.933,40.022,32.549,31.979,38.156,21.056,27.412,36.196,25.718,34.162,37.142,29.973,25.764,31.721,19.938,20.691,30.322,20.775,28.629,17.426,35.568,35.616,34.511,27.738,39.377,19.860,24.195,42.467,32.837,31.089,21.998,40.815,43.188,38.631,32.004,36.749,0,18.983,30.645,39.996,35.929,34.351,19.557,35.386,35.802,31.872,28.077,23.659,30.312,29.897,39.203,21.599,33.538,26.652,32.571,24.978,39.541,23.689,20.100,25.797,37.344,28.668,39.693,35.343,36.011,22.556,30.855,30.680,38.904,33.850,36.360,22.956,24.919,26.105,34.174,39.467,41.569,27.388,25.212,30.641,31.111
