0,0,35.90067524576273,39.46692272537693,28.23618475861401,27.15189446655373,35.53142058293049,39.07152610113447,26.85415374341127,34.48596344073442,42.48666894203567,33.83272978755228,26.94850256374808,23.9457002132534,32.74161494466939,36.47940556598694,36.99408792187469,26.12053961481242,41.02909116362398,19.06750047935196,20.91902262287182,26.61514248643715,29.64831915989217,37.65637822494437,24.41088123092262,31.25708854795922,23.5803641493637,34.02695388521796,30.18592356993961,39.12530325988737,35.73255872680612,26.18454256505086,40.70173956661618,39.54141948483893,37.25058187044878,38.03699124505511,25.6589065600795,20.26788622905468,40.09011312541423,19.70210827001402,35.71446618166043,34.46150103800375,36.14722401503492,28.26958812090897,21.0417637277239,22.32843037584507,31.40749216406073,30.07477762976006,33.48830762744775,33.4433460861684,31.67876105349075,42.79356260246688,19.83462940678036,40.14726877956652,40.97877769516551,21.95449727676524,34.90224584007088,21.72546731010931,34.32976841018246,36.62059962468757,41.63413902046107,34.67266199306425,40.20460985393157,35.81212241052991,26.62515641095611,37.90323962998875,33.50126795183585,36.37770963667472,23.7466751361345,38.34720053232545,19.80554969200864,35.22345016451449,31.4170381431047,34.28655918982225,25.88080631400844,19.67370331976105,32.1340502380988,31.50085024305911,36.33794808650913,28.02636955878152,32.35384926655715,32.8115652310444,19.76224510218457,20.93882194079388,31.35186300141371,35.82391486332712,33.4283709535985,34.03436497692073,31.70062525234306,21.48078830806632,21.4148016795119,28.297988581245,31.49388590023278,42.28385501240376,31.91197319895221,35.49383684120185,23.41014772277105,26.38303399094785,39.49095374452813,34.69259263987031,35.41328000312937
89,35.90067524576273,0,31.31535683967737,38.57045408697669,38.36914916146305,27.17716524746216,27.8336606174541,19.21254499496441,39.04118765301043,24.81825431774795,27.45124820568707,39.02475594903429,23.39401417943162,27.07850208043816,21.44729124595591,28.22027977714414,33.55441000675741,33.06534493256736,34.58684633055545,43.94993547026207,35.02633165214904,33.27448176641821,38.41700093221535,42.7158661146229,39.31987809146947,29.60130519900427,34.06632556337715,20.08394658216296,33.71860772094013,29.75712065387003,40.52166680685182,25.87771811196524,39.14105577638199,26.92268340317822,30.77670484820437,36.8032497182219,39.68098299687351,22.38036723206845,31.72271867722766,32.67077951639208,21.324857050356,34.82348501505549,36.50991152661331,31.97145880809204,30.65498864728316,24.31983597481734,43.19027248337196,36.34451638839328,25.43391279181941,27.19085044018809,28.7985183952609,29.54102723340615,38.52794368220663,35.54556911122223,27.63015724301713,21.26227920908119,32.47443004882265,39.23271738007175,16.03039231259715,20.41327020951007,42.54132386132685,36.02667709929051,40.20274572270625,25.54735215858446,32.66580957424826,20.99420166105698,31.00604546799852,30.12220243228599,16.31279791318458,43.21719605354716,39.73522977519703,26.38582849094954,33.16327462823615,23.16326568001562,37.35487325402017,30.95328459841699,38.6513864320796,25.37216515695007,35.89505534988847,34.81294939132304,37.4042693424292,34.49001004342551,36.31572386412945,30.32187877205617,25.18003903248326,31.30952357370566,26.36669296927322,34.70433203762536,26.75303540274655,24.24414696557726,35.35298372526504,40.43363377244471,34.04047765121933,45.02813656771765,30.99548671503342,32.00413347430634,40.75002778824004,38.66203625694458,27.06559725931083,39.82881841398131
98,39.46692272537693,31.31535683967737,0,38.78638802653728,29.27802372283606,26.76011107877141,32.32716426605967,27.34767760331242,17.40609763993706,20.53751938745615,34.28770129307356,43.21158951937209,36.21947017796454,23.79287129348262,26.22100363174973,34.84563169214333,40.8392466066909,26.62705681939139,29.29086395819547,37.3932798151597,38.71759242105149,25.79867337010884,29.90149228334884,36.30745527022306,36.13946222985695,31.64027330862268,29.92745679671309,38.6363653064096,38.7658541735012,34.22454402973587,33.5759254897396,31.76114788454146,21.36256242089462,29.10771799593417,20.29665531121802,26.0640161411178,36.72975023824186,32.2809135159757,36.16060357884738,38.11788792995783,29.99370746475162,26.91322305923428,32.37935833467478,43.73847804163329,38.34594654096795,25.72697775146516,31.63825002685919,24.04455317612967,33.9542447106365,26.95932840781727,23.5576190612427,36.00542582769049,25.95096237519949,16.77783200010153,41.38375386954823,30.70200362050965,31.57457840405608,27.89097166322588,31.43608764348448,15.83841939247772,32.35227947552976,23.68848983725167,33.67736023951609,40.6319939808195,21.09746313576481,37.88992827810404,18.57615324869419,34.26877467989149,34.20476196715357,31.3555938373618,23.16051655817098,21.84320528785834,39.41120685266812,30.93361487598784,35.63699838091206,32.32988232872587,21.29301398035951,22.4943693289225,33.07713327302883,34.62760925268546,40.00897743130366,42.90961889941622,29.20112696011513,27.38845472688908,25.07106564585538,34.18312891166849,13.96367755260874,34.28508250151734,31.89080848509817,37.69696749296374,31.45678804892233,20.19814644771904,28.75792957046665,30.91912390037851,16.97060367055881,37.46728694471317,29.72823253534714,27.98338277495785,36.16186615220488,31.4649533589796
27,28.23618475861401,38.57045408697669,38.78638802653728,0,34.21497892397634,29.11571047280703,25.5913335286103,40.91327926671319,39.36179123180023,41.7474298934241,32.39432192048574,23.10349059648638,34.68813630151595,41.01536502452617,30.05167633843212,39.45232121149895,19.66333344989956,29.70172242952964,34.66332788704337,25.59508492306204,16.07899448778153,40.17235327685255,34.70415694349929,34.98932854213639,18.18985649480547,33.4950796329789,38.98445091689048,30.25708710029162,28.12548572645431,20.26616171922755,35.30246650622583,26.89153904809277,34.08566704412588,36.80954268072475,43.10578273578349,25.74896307766877,18.99424393107376,31.61758077067486,28.60832975393353,28.80622182825668,29.15083223596107,20.83238398525565,26.21048866079234,24.44751294389844,28.07330491302068,34.84943085247885,31.20338928631917,28.51632589385235,41.77064938071928,37.26893464796134,33.71269684894254,39.5407255393327,30.83557230580035,35.53824824137354,23.17269226551161,34.0162630764098,40.84011429395844,21.31715138479198,35.22634979662566,37.86941308063265,18.64025874859696,31.4758156874394,25.13538966241974,37.41349927154997,34.58942416289897,23.9500813371221,33.66160952727694,25.4545041282667,38.27885825053087,30.67892021592239,26.85460706547209,37.89461654521649,29.22516643551366,39.19601620194505,20.82570696629608,23.19395951295479,32.40963164127038,41.94140474741218,33.80551551296438,32.26783398695657,27.08110657559911,29.69035292360186,30.27918289317929,41.56860579950914,37.98293676482253,32.1840141343959,40.99791591115191,31.1332627062623,29.82836920850654,33.15588782515033,37.29001636372011,32.34407936511124,22.91461401152117,21.9410699795589,29.67419898545839,16.82604943919143,34.24465822157103,35.48186419354086,31.80811551355103,30.63841846442343
39,27.15189446655373,38.36914916146305,29.27802372283606,34.21497892397634,0,25.2471262632377,37.98189087273716,26.767993474847,21.48254054488739,33.17138031380577,24.46303492517997,42.69804589274461,37.86142122285037,30.52045550356863,29.8580071790307,33.06260453406458,28.84345388135329,43.62329346039176,25.94145124957077,24.73869535574004,36.39263656610648,29.23096928228833,36.5892776089812,28.21930506039099,32.87974869966165,17.93492647205549,32.18204355846449,44.00711609300046,40.17726644770055,41.95844743738831,22.43072370635223,35.44450661128802,38.48163062842552,26.76597861344611,37.5686870639253,21.2508318051718,34.25392274118435,43.91546809946249,36.87602383089202,39.62336176388297,41.23280617405294,38.61157775734888,39.52870823860191,37.38237852155333,24.84540117522907,30.68986967137296,32.77982185324888,37.25077117211728,39.2402900137044,19.85394528302636,39.8267530260571,23.92402747517829,31.23949721706413,27.06761936663823,33.19527231990613,36.94240878331588,31.37426011667495,25.29560401720452,36.54257578948304,34.90627331607933,35.92072347782985,34.04102010660257,26.10813909193791,35.70003871184412,35.77688329208735,36.97453654767902,20.19603587190838,36.7269713001956,40.2945078061227,22.43353529151196,23.98430448046333,35.42160968747214,32.08129620221453,38.11947070742075,18.21023057857241,31.76131272606532,28.5158179263884,21.09616641278368,40.1313279553802,41.84732974771847,40.29075628465285,27.43588962745051,25.54244826457938,33.84978432851586,41.97517210858094,38.53631988289151,27.69337920109472,29.85435992602011,31.92952737508078,28.14309098205293,19.69633134606775,31.37893890729791,35.97316963179338,25.52689945438567,31.03813623796603,30.13441531805201,34.48899889529073,33.65117449580192,46.33113714068783,21.23871581800021
21,35.53142058293049,27.17716524746216,26.76011107877141,29.11571047280703,25.2471262632377,0,21.19175592487544,28.64111392303124,31.90909798238756,26.93553603497055,19.14787113868395,43.55898606005807,33.59127661098654,36.72052632481535,18.20968213575219,33.32960135398685,25.99756725021802,36.41986637312354,36.51115353624299,34.31121573302595,36.02454635404163,31.08199945783231,41.5576038212624,39.99767253191421,24.35820936317094,25.79658702005961,36.25445912704831,33.29358255310437,32.34332727279021,26.29601081828623,39.51377196602657,23.35948408521452,35.69105531068735,29.00069500239978,39.73037439928536,21.94331551739762,36.83968922263235,33.14602460097979,39.14103351483455,39.44600324293535,29.34758187054705,29.05589598115132,35.57117422661921,36.02614956665118,23.09321679049889,18.40405209305937,42.1198028424052,36.6600887537037,41.09517172677779,27.31692551487066,29.83054677575236,34.45412775740974,27.29005287860225,29.34973811625558,32.01508121851247,34.18750011379425,40.418859703718,25.78795869846948,19.93214253707843,25.14148184640342,32.09538182388867,34.79833221677408,30.99489063242977,39.59943889119739,25.04395903938161,23.57961238154041,12.28377369030764,28.30175527755232,30.55173197284699,37.56997437575017,20.75682584182776,33.43644370651177,32.50297188841088,38.32420889993261,26.56535114152632,29.10254467915997,35.06743469379757,22.23875022335354,44.16426293277159,39.93605346889504,39.51110490191682,35.905609312339,27.39904096444329,36.01092770139719,34.56570773941723,30.06510064564677,25.3681715550472,37.26006623477124,29.93923484854044,24.05057368739143,29.3603243533153,33.99415427948968,23.79814117747768,32.93118275299355,23.18631183397837,21.65710881870704,38.54193865207981,37.13016411140882,41.04685600515982,26.96745565635944
80,39.07152610113447,27.8336606174541,32.32716426605967,25.5913335286103,37.98189087273716,21.19175592487544,0,36.70715740149625,36.79308221504724,25.49330882805135,23.07692354168851,34.50150094413809,29.11167256587697,40.34993447827897,27.62346400020662,28.1514643738368,23.03047522142619,27.39884461463424,43.31951614353053,34.09281713195809,31.85102812239518,32.76842008321158,35.63900476703981,37.66786610413304,19.61007361619016,39.27155883708233,30.45857908480924,25.75014225410041,15.73614059446202,15.75327146040947,42.83489293731521,18.49624500161964,28.96295151134894,31.75917170674779,37.51475732913272,33.75622667525712,31.52108135823067,19.76670899320374,39.51192757204412,31.52967406715478,28.83144686642936,26.05315459622791,27.47055222016401,28.53466381802607,26.35119328352863,24.940636021867,38.24819005102646,35.34112599039027,35.54785865268006,37.54159666951389,18.00408376162894,39.49554036970049,20.7265736150744,32.82744889255489,33.21650065025379,34.29683370431903,41.75998915513205,32.22941576496655,17.45339536540666,27.64613173703357,23.8530268968648,32.61287266320732,30.85325290451147,37.66737737126264,23.14139606379199,22.82202509474579,25.75805162459338,28.25799290551239,21.81057906955178,41.59294863475876,25.12848315786125,38.55956039268852,26.25381433372209,38.21518008995422,35.32967778773569,33.61147490831372,40.5991318217103,33.24741566068669,39.03608500244645,27.64287348840308,26.14179933267829,36.23342608964094,32.90755963161344,32.83749212873345,28.00471219359472,18.79574237081052,33.48150994542381,39.20886743930055,37.1106506586226,31.95622455042554,32.41831772800541,36.09991602934551,17.84572777625897,34.01124914061509,30.78773358124759,27.23715740573337,36.21873770842792,30.24296631920798,32.16748654399037,27.93841282859267
78,26.85415374341127,19.21254499496441,27.34767760331242,40.91327926671319,26.767993474847,28.64111392303124,36.70715740149625,0,29.06295559897574,26.80746945967045,28.01105406101692,40.77845203466021,23.44326047774134,19.91708243620192,26.41142139703435,29.09341730780427,34.81545081012664,39.17687249285276,22.45714757353487,36.72800342566583,37.36655590358597,24.42918536683225,37.43293838859096,34.03796789879844,40.26779088159337,19.35909187485864,30.24960425844419,29.77244342755166,40.53235535590138,38.34328444862631,30.61640968544011,35.22014310870259,38.58370150614391,26.57446158778043,27.26068479964193,29.91252422878566,37.1152881603299,34.43137046413369,28.67387157461291,37.42960277911546,29.69931271024412,38.73241133141651,36.4893558578672,33.56413564212201,27.37007711914882,22.74431592915239,37.8740291354654,35.41778250417616,25.20073811888917,19.5777836355785,35.64730410915635,16.20137645901469,38.84495022974074,33.16179376929247,29.39348307903319,26.36942983234406,20.27052060047689,37.54265458451953,25.45668515434119,25.72380479344979,43.43369778707775,36.90157618569681,39.19678456303183,24.29122643341448,32.88268903894628,31.47854782064736,27.29689307434411,30.34051382368506,27.1136039429677,32.15361059636106,36.49931642348342,21.94745632404846,35.64084961873476,18.77338339402185,31.08450782771617,32.92823581988035,31.79639597640694,17.75294840474933,33.1259617106647,36.35377552176406,40.2436442614886,29.80147501885422,27.73561720983563,24.19473588911265,28.22229749018115,33.97099041237465,17.97679885642918,32.25932133069455,22.53239674418833,19.70308826039425,26.27745305575109,34.04573248414387,40.66370023365953,40.85240137744569,30.22750780217133,32.54345955663109,33.69697679170072,37.56209742159189,34.5212135890526,36.26242382484467
67,34.48596344073442,39.04118765301043,17.40609763993706,39.36179123180023,21.48254054488739,31.90909798238756,36.79308221504724,29.06295559897574,0,24.43862862799101,32.32208249317627,41.47933006521941,36.46562031720089,25.56810898487253,35.19741214584398,30.8145160452805,37.52394342311427,34.5470835924614,27.5111815633489,27.33757978517277,39.45764076954087,20.95336016106761,26.90105497281914,23.74038659190819,35.04709705869467,31.65347496495423,22.04663171092128,43.92428884683156,37.80048037586429,41.0030709674031,23.99476758022952,37.25121657594672,23.29366311607659,28.74763531600233,23.00409564467449,27.47900068283439,32.92443503629878,38.64580387847214,37.96094037868504,38.29646244472348,40.69581751103679,35.16966133604263,32.72526314517933,40.89167625424709,34.40549353738576,30.61543763067404,24.00794163335574,29.83256108197167,32.73304600122732,27.21028585717036,29.64700321134558,29.56743412925017,23.02003095532099,19.44934537211407,42.31429940552541,36.9885147835242,26.26703960409708,29.99275404641082,37.07226397891885,29.09046661007974,31.20593991286586,26.90288123502603,29.60268703875851,38.46634606160305,26.87665615874585,43.72057422014094,21.46426077335737,38.01039725885931,37.5901034729661,21.97192553784683,21.56244218668958,30.98499167170711,35.37734394217916,34.00783769711152,32.41783348453267,37.5876438226182,23.76701250465563,23.17913117997883,32.1700247916478,32.59295599493336,36.11090538814917,36.49851058265107,26.18445935821225,22.95571348048442,31.55336988421135,33.5456793844419,20.58562903804588,33.17459593509981,36.86419650939268,37.94574100298771,20.67770792640187,20.84724943479041,34.67438167333233,25.55858306690921,28.64335175930748,39.7714692385052,24.69754569138748,22.2533315023401,41.55628560491784,23.23021516192037
60,42.48666894203567,24.81825431774795,20.53751938745615,41.7474298934241,33.17138031380577,26.93553603497055,25.49330882805135,26.80746945967045,24.43862862799101,0,24.1384920738205,43.32871393527966,31.95761907718427,26.8955226667306,28.49029469424591,19.31938206872237,35.45428067812101,30.82323690750016,38.81192281021336,39.15154618645607,40.92994719064336,26.02609758959102,29.5311256882134,35.09641083123996,36.8764807673322,36.28517377153912,20.74759403258049,35.54811164658622,28.07937753580257,35.11899694025247,35.88940752672865,25.53516017907567,27.65933756238778,21.30886098160445,23.02503180552392,37.58470553720485,40.36175283024222,24.88959607727831,42.26294320970798,33.60160627980505,35.00493568986916,36.22299978021878,36.13633460370371,38.87230751011101,33.44171931684319,26.82298490573411,35.791293781205,36.09900234413304,25.68161488211411,27.69389981319175,17.25451373000049,32.52991444341765,22.33573912471714,22.5753854103692,40.55059139769459,30.54496104208517,33.44202723054092,36.60247493093869,22.30806097618552,17.59917539907726,36.12340384138233,28.07970387126637,32.78949477312867,33.92887195419431,25.54545747412278,34.57374215831248,21.69365353989076,39.00005995602636,19.6789611049227,39.6795473944545,29.33647239538615,33.37953378485921,29.31253030701471,33.18015727079439,40.46240648830188,37.88183880078266,36.39411383107485,18.09802970416401,37.18800699480182,30.99667080057257,33.65894990744457,38.24655576686876,35.95160372127756,22.55600187573979,25.49130607128458,27.66928090672429,21.99953263272302,35.83834988181616,39.7528860016748,35.74856573147171,25.52963238533193,34.76531075773143,28.7750615297558,37.73067478698719,31.65038864758743,40.85909248178358,36.21360797538333,22.9840725571909,35.83697370825107,26.88438972380328
26,33.83272978755228,27.45124820568707,34.28770129307356,32.39432192048574,24.46303492517997,19.14787113868395,23.07692354168851,28.01105406101692,32.32208249317627,24.1384920738205,0,40.29300182058595,31.19267357083388,35.07307036840487,26.00884148981315,18.93320647908047,17.86615350831699,40.49631961646296,38.87840662566363,31.06037693572217,35.31064001244027,31.388385822377,36.97693175925867,32.96940967016163,28.648381700995,27.92315350405454,27.50689608547108,34.40651491211047,24.38750836008964,33.74548379230626,33.33984025117078,22.16193533786188,39.56682078861731,20.35090160010228,39.2692061457274,33.16570440339652,36.75584179742726,31.52154452331283,41.15774093885273,32.85207047444884,37.77094101772151,39.06204260976451,38.87698283850062,29.26384835190751,16.76441405754226,27.25594669822712,39.15025295850052,42.87257361454122,33.16479790221488,24.84056798864363,30.5634998211403,26.42082406456675,26.22056369518366,31.10839790807779,29.31982239479412,33.50516738161753,37.22385834168212,32.43727233278977,21.16785536439742,30.81806937312907,35.38918935916823,35.41695870419669,25.99014078315216,29.72620271726223,33.82405002644693,25.19237515700356,21.56451608217033,36.00476309605116,23.46375285818231,37.63530541402081,28.22115310964262,41.03696362826388,18.64730053498203,38.8186973421736,27.94063587288064,33.51036579116489,41.18551259139038,20.37495082038068,43.05912993258909,36.45561624857089,31.89155336889528,24.71097472882972,33.16386550668204,31.9785621199034,37.79229251150762,28.41281088340319,32.04088112771274,33.14370058366534,37.02322173071794,24.13260445010813,19.92848576092205,41.42751141233595,28.62975515541752,34.26279982854776,36.40324678922823,29.01519877840503,40.69050537442407,30.96877948052852,40.91897036084323,19.08484008607427
81,26.94850256374808,39.02475594903429,43.21158951937209,23.10349059648638,42.69804589274461,43.55898606005807,34.50150094413809,40.77845203466021,41.47933006521941,43.32871393527966,40.29300182058595,0,29.6650902852261,36.22445968498224,39.90111967903177,36.52497905693691,28.34144200888548,27.60182326914938,32.74637003039236,28.93996818654878,14.47767139209617,40.4001772205452,26.64277002471081,29.71385134609859,32.4981588066825,40.17794251000174,33.63592460419181,27.13088531253591,29.05942433398969,29.39813755637239,31.65323302469663,34.77875336148033,33.6964252512912,38.38802688594105,36.0362742360903,38.56086623456299,15.1206009911598,28.14745226422473,21.69365634962515,20.72992256472053,32.36540271481698,29.87756936261657,23.73358601834266,18.48635821201808,35.21786290637437,42.1996772526773,23.39299126860505,27.5190938343438,30.24341631350553,40.88074878298913,34.5821770845035,36.5351742332201,37.1227838202293,40.14855016916275,24.84914684616151,31.05482391108068,32.32475130919286,35.14157193253067,40.48072961912754,41.3898532721718,26.73089971703212,32.03053602345636,32.12767791543033,28.04020913433919,40.74775619430837,32.37211820935835,45.03642071302651,30.86183451730044,35.85201406149615,30.28979501231328,39.63434856979954,37.49081824442848,29.46486417988216,31.09255758517584,32.1368047783893,30.96079070446859,34.69406030599378,46.94914431221995,19.19644292202352,21.72847888567245,17.78500471073877,26.97142770559956,36.24748533675404,35.92926736266078,33.65505880915393,32.97138506942547,44.35897878845272,29.12961247532217,33.28037048000694,38.75195266949616,39.15781453255721,35.08464999189213,34.8537752670294,30.32729120114535,39.18672060574737,32.21045707389253,30.79827291427024,32.20195843129799,20.28293998850802,37.99499154307148
41,23.9457002132534,23.39401417943162,36.21947017796454,34.68813630151595,37.86142122285037,33.59127661098654,29.11167256587697,23.44326047774134,36.46562031720089,31.95761907718427,31.19267357083388,29.6650902852261,0,33.07810705038718,36.06497734083599,29.01932533590655,29.04252190122594,35.26324084376521,31.0748665447261,31.15993973732209,33.42239000704703,22.18253184881665,37.7707333182647,29.1529608073194,31.13904374768674,34.24600437045019,26.79335635242787,15.74011086182026,30.59475344619363,28.13130648448381,37.72946606649995,36.58568341053095,33.91333680636239,36.72829737370034,31.32330505931575,34.74541430459841,26.73336468607266,27.6777749359712,26.79859047011976,35.21345551936052,28.91869349384895,35.60196405311242,22.58993492978121,19.17037703599891,23.10177333574741,22.12177641093226,35.7918018231841,35.6608417996454,23.50181651066159,36.58972539447652,31.71359882692236,23.57133513711095,36.07534970138195,42.14114170175721,28.8580901420271,33.29379258664571,22.0949550701951,42.96732037880784,21.73990221340451,34.34621682703742,35.49338579303722,41.33049509637249,42.28357255847925,25.16331650172055,28.30480574439729,30.53597829869447,35.28942908947383,20.10212734167899,21.98703029748711,34.44721634491489,37.10205215039192,29.70812539275247,33.53090959171277,18.43094188848916,35.59464196004997,38.88485074972248,39.42957948963536,33.77726589742949,28.01805930639074,21.8332434740105,28.20781734627485,28.93144393967756,24.6735534515218,19.85988533493259,20.04592534141814,18.6559103536957,28.46397799372973,39.7167200208521,27.07444943162125,20.73431089082036,28.65883867392846,34.23643178363508,40.01988541394734,41.83296969779494,36.22573800346727,29.45063402989673,25.84992918757084,36.73312163433286,27.06186546547623,38.37527978097088
44,32.74161494466939,27.07850208043816,23.79287129348262,41.01536502452617,30.52045550356863,36.72052632481535,40.34993447827897,19.91708243620192,25.56810898487253,26.8955226667306,35.07307036840487,36.22445968498224,33.07810705038718,0,27.66777634943055,29.72833139789867,39.58890559353416,30.7032314245838,20.48375168933674,38.87344528564433,32.28737309632607,32.39667552885101,23.70165552547729,33.63385766033837,45.14413957649363,25.5706405851795,28.79335415983973,35.78119110128669,40.57537867212755,41.30983568201805,22.15853418684922,33.17123718913953,33.53012705244886,21.46100674672472,16.52296953550928,34.38499584208125,36.0402658012425,31.37146284969996,26.51348092381215,28.15570883305841,30.63015000730144,35.67503357131806,37.57293279602423,37.82505853754638,38.49309357037507,35.41954448847871,27.94271828720338,26.43028967120812,20.83376991908957,17.67782822412265,32.05697753077204,25.40769526460758,37.27831148289728,23.27154325902729,31.81287585933056,17.81677771720372,21.38361162996994,32.83795075392189,36.0507380416714,22.32122223289246,41.06624968247223,23.69309377674537,32.79811640727578,23.93899929436619,37.56733851638829,35.55594075562622,32.45272184862344,38.55946259803407,31.56231938932534,29.04596170363719,37.99290483920228,21.09009465381502,34.03958168180934,21.13346914071132,33.38713213049545,27.93781443795158,22.55383145749794,24.24141309715428,24.30622118094115,34.39370200123797,37.10977693125681,32.12360697235918,36.0913597279892,27.41235291193588,29.70146805010621,40.39041063648631,24.60244776321913,20.81312938494209,28.20039838555705,35.53217894329448,31.84402540814253,31.13191812845925,37.2229253509769,34.86335481323182,29.32765209859581,39.98940688734951,34.49321931551825,29.0038713780778,28.66938306433591,35.53394783178307
43,36.47940556598694,21.44729124595591,26.22100363174973,30.05167633843212,29.8580071790307,18.20968213575219,27.62346400020662,26.41142139703435,35.19741214584398,28.49029469424591,26.00884148981315,39.90111967903177,36.06497734083599,27.66777634943055,0,34.41698633745381,30.96355388031215,30.49062633509502,31.86439297035464,41.00782463888309,29.27033158169642,38.80151738927634,36.14257574930216,44.2476408593224,35.0061381473491,21.79784584048056,39.39010561344138,31.18621271001371,35.82402392742386,28.51902009030513,35.93952085675485,18.01016263878164,37.93500600354522,22.81850833113806,35.10948008950869,26.57718078479541,38.28193400637456,28.26896175410845,32.17113452529829,31.28006811975862,20.73269855525752,26.37281428006959,39.0091952359255,37.27156252932416,32.18531702941983,28.12922033381794,40.22779326924393,30.42144327172006,36.56165250622253,19.79665459963173,30.11907674365418,35.13958314045523,34.50091017679792,25.15678872860483,25.43957727127706,19.81511874505688,39.16447745590907,22.37443617979629,25.76952293895971,17.50448048427862,36.65790095981603,27.05888755524999,29.14807373843713,33.51400610409027,33.55103764492609,17.38315532368669,22.8858399433048,32.25854477058506,30.10217944580429,38.32149512311201,30.86467998426406,26.74929459202348,32.17224399663085,33.40195903967789,26.77627552955004,16.37276995728816,29.20684709259855,24.03699835747898,38.89050793647404,41.34358242625071,40.25642745124726,35.05818535017039,35.62073798811802,39.37715989786255,34.63136536387891,38.44939303852317,28.03441238710531,26.70699475485947,24.6977903263209,28.87386011031077,36.74468057291642,35.84825289671539,22.84002521339786,33.73726987893986,20.02901513558387,25.48777642370439,42.82176993742251,37.08957677196543,32.74113857850344,33.28217939817245
72,36.99408792187469,28.22027977714414,34.84563169214333,39.45232121149895,33.06260453406458,33.32960135398685,28.1514643738368,29.09341730780427,30.8145160452805,19.31938206872237,18.93320647908047,36.52497905693691,29.01932533590655,29.72833139789867,34.41698633745381,0,26.62886057779827,36.97155093836053,39.67857622505898,33.85247662075093,36.47933217441386,30.21356410972867,27.73458256647086,28.01452132281155,36.9113955107794,36.37059795613519,15.55436720510176,34.52036518351418,21.33207432967847,38.58305244210899,30.22692971713604,26.65433642166035,35.74856446997752,18.52663708190614,30.09877021175495,42.60170361410661,36.70431295965361,26.25113270497446,40.84444290270634,26.56488363304137,40.78048230748983,42.80185879258651,37.700837416501,28.83493244326053,27.16355725917743,34.2737578117103,33.1630193871697,41.81430464466845,19.69040884775038,28.49615953742185,25.96362205683099,25.38600690594225,26.44045667000051,30.78639285267386,34.18909089702224,31.30391220748056,31.33932309968059,39.95086649783602,26.38529254334731,30.96801568764394,37.49949279879459,32.35017900498625,28.8661520587291,22.96794228483769,36.38159963281905,33.18637107291653,31.29634891674813,41.39898987581071,17.16567604654868,38.21509150004638,35.62543669346964,41.42587135061306,16.07481138858564,34.47416883638623,37.51353822316555,39.04050851654104,42.21163563273431,24.74532856424143,35.84431425322111,28.15350331949473,24.64739248632326,25.47058468661831,38.65087664187434,23.65858028413502,32.96781503555987,27.43854458371321,33.75719505557273,31.77555920539115,42.26191989447244,33.37552516074129,20.15656499992164,42.13328270540147,33.69074936422299,37.57629243250699,42.09711506551891,40.42527629273786,38.29667801297158,21.74529124604542,35.30225167048816,23.24009195687897
73,26.12053961481242,33.55441000675741,40.8392466066909,19.66333344989956,28.84345388135329,25.99756725021802,23.03047522142619,34.81545081012664,37.52394342311427,35.45428067812101,17.86615350831699,28.34144200888548,29.04252190122594,39.58890559353416,30.96355388031215,26.62886057779827,0,38.12484516041614,37.17280345037759,22.79488687957201,24.77728933395473,35.15950036244371,35.82354229308972,29.16883225452152,20.49229374230998,30.6022448963335,30.8887108947287,29.93765874928379,20.86301051650848,27.86697510654386,32.27949630802604,24.93981159735979,39.0365133730421,29.23002407011292,43.11907859900062,31.4970634510182,25.45375001734207,31.30792104226946,34.52286099867776,28.35499202418406,36.08706007313487,34.44946628654989,31.9333324406047,17.32610940486341,14.18456670201224,31.81600644718575,34.28592623004419,39.36524680200838,35.44118351688762,32.37332293391356,33.75316769718009,29.21854541346681,28.57721050901849,36.7922229131488,21.4809782444883,34.84727100348541,37.30855898728714,30.02510062120191,27.88373845364972,38.42181072321957,27.64972615706382,36.1695832143258,23.92441157826113,28.88531721200172,36.29119903462428,22.66049164755897,30.6470330733402,30.14633984552049,29.25538103259187,33.105793552535,29.09572562652822,42.5499668512499,16.98624971537888,38.69332264207532,21.80631936192598,30.46426853806657,40.29789317633242,33.98508959001341,38.03541345359609,31.576781781513,23.64025101482557,18.03669180985308,30.73262547761386,35.56816325410255,38.94957901181062,26.80755399510664,39.43835716659109,31.5934716176241,34.30402180481104,24.8344245439895,25.66371691575412,39.73406820966056,28.17236910691009,28.77340644858041,37.80082709288406,21.04396966298673,36.83680972577922,32.63483262247794,36.27727103231117,22.4992301942183
63,41.02909116362398,33.06534493256736,26.62705681939139,29.70172242952964,43.62329346039176,36.41986637312354,27.39884461463424,39.17687249285276,34.5470835924614,30.82323690750016,40.49631961646296,27.60182326914938,35.26324084376521,30.7032314245838,30.49062633509502,36.97155093836053,38.12484516041614,0,35.8489274288625,39.43675860437745,25.75354193279078,38.06945041948365,22.45051163782788,39.21183104182009,34.24872553573704,41.85443039940545,33.38361152981273,29.72080837898669,29.86389593187322,23.37003882414913,37.93292780059599,26.34629910825792,19.39878993526495,34.15754604991793,24.64579303639563,35.86498162628571,28.76949041398507,18.03451490258086,30.09897570954719,24.72313085780479,22.86617879801873,16.49220642893155,24.90355645600932,36.01955679912923,42.74240458832833,36.36330833035777,27.3449110837236,15.85909447888104,31.57392296047409,37.89492628229508,17.56490610465058,44.17132639211897,28.69830635915962,26.41380661898562,36.00589799228124,25.55547115193165,37.30781321085968,29.4267811251314,34.78083611059307,23.4972296838511,24.26312974217187,18.51219750648636,32.24785955280131,37.93965149282824,28.73359312515492,32.09974166601535,35.51314500442288,32.76139084588831,32.05173336914337,36.65621652140124,32.28903621076833,28.25610006791057,35.3735014459179,31.53501784856941,39.14132040887949,28.05071892532958,27.09467205324976,40.07289592076987,23.73469725855447,24.74472641163461,28.01437794652511,42.07759955901137,37.96423547062794,34.17373194805885,23.19354847494889,32.66226266571793,33.98835834336363,31.52269029133358,34.31434388117999,43.99559996892247,42.07787608425974,26.99208676161464,21.90350203478384,30.49130409935393,24.86402132471421,36.79790071418856,32.24893899700291,26.49788672778781,18.63147238623595,37.52696026506568
52,19.06750047935196,34.58684633055545,29.29086395819547,34.66332788704337,25.94145124957077,36.51115353624299,43.31951614353053,22.45714757353487,27.5111815633489,38.81192281021336,38.87840662566363,32.74637003039236,31.0748665447261,20.48375168933674,31.86439297035464,39.67857622505898,37.17280345037759,35.8489274288625,0,30.25583057372053,29.07866433689235,30.40269936658295,32.45741553748976,29.90337237234611,39.44484227618441,19.74836878697905,35.24053689939615,35.26610149493237,45.33971627098374,39.43413635273333,21.87404777006358,40.64280112774112,35.38719050653238,33.76409100329591,28.19992610111514,23.28606128514175,27.38540256406947,39.95785610293078,16.91086120466341,35.62943203632219,30.58853000923008,32.79384706958177,31.95276887571277,34.17461771498387,34.12682366294226,32.91700975101738,26.99300069462796,24.15185899668376,31.89015828387431,24.58412932075402,40.61943431576106,23.76034666718754,40.88737555945499,32.19013946783287,28.13463514519023,28.13280165101354,18.26139675912609,29.99414086209136,39.9831410919072,33.44510465593212,37.58356888394583,32.27890292233437,35.74639362078208,29.48990387978774,36.86542643043971,37.03446638933757,33.76700705445923,29.33347175182334,40.82955613774391,16.98309065659167,35.06430773738231,19.00366079855605,39.73003183738624,20.96374081494226,23.68485049599082,27.36248047772659,17.48630882889332,31.80354273280872,23.43780222163376,35.88419878575183,39.28431324247649,29.8195607669026,24.93391693152122,31.08876644891402,33.06164992628079,40.33634404929563,26.43657686114283,26.05426765607013,17.57029591456797,29.83462189194918,32.47807831091949,24.16492081929758,41.28193750170366,30.60997471518609,26.93114509785752,31.06908459012681,26.8231431339179,37.30083486407042,32.81681892903035,37.94154972810136
55,20.91902262287182,43.94993547026207,37.3932798151597,25.59508492306204,24.73869535574004,34.31121573302595,34.09281713195809,36.72800342566583,27.33757978517277,39.15154618645607,31.06037693572217,28.93996818654878,31.15993973732209,38.87344528564433,41.00782463888309,33.85247662075093,22.79488687957201,39.43675860437745,30.25583057372053,0,30.30992105708916,26.77872757865758,33.21390353877633,14.17098669170805,21.55964563876013,33.50208645021147,27.01889413636585,38.51243059516125,31.47643560984411,35.28103954738532,25.87422290747109,39.10445270326032,31.5024528291864,37.26869578867625,38.85181127776742,26.6572608479689,17.06749938887279,40.5472068372321,33.29650953637232,36.22393364465904,42.47140053653977,35.22994109016062,25.26437504228845,25.08262097767224,22.53264200458495,33.42033901535941,23.39873918588804,34.77341870405998,37.50769253424163,36.68576118146338,37.38195630968123,28.44412421981173,27.06843680893859,36.10383269329343,33.2508244130624,42.53543735468829,29.48408229715588,31.1497632464345,38.54743899622427,43.34367266924965,22.92261210289108,36.70202873725253,28.11877771747533,35.95141204138709,32.96431486462055,39.40795052759329,31.8345661534697,30.14999857216763,40.08280216172463,17.55306434250206,23.9691977650067,40.40034713890131,29.76058109974435,37.53023431798336,22.98264232164625,37.70254294764666,33.26914725963807,37.2343149382757,32.09009132572595,28.1391083794992,26.08936012580879,24.59669619561615,20.60502227321069,29.89746907884778,37.6890424351124,27.94345801322533,36.16916375016341,35.35059115464231,35.54230271395717,31.86472735036622,21.30095027374998,27.87727862210071,36.42252178063425,21.45547417865626,37.21549199562158,28.64672027541269,22.10457918532853,29.79778927719094,40.82109569672408,22.94914909082614
92,26.61514248643715,35.02633165214904,38.71759242105149,16.07899448778153,36.39263656610648,36.02454635404163,31.85102812239518,37.36655590358597,39.45764076954087,40.92994719064336,35.31064001244027,14.47767139209617,33.42239000704703,32.28737309632607,29.27033158169642,36.47933217441386,24.77728933395473,25.75354193279078,29.07866433689235,30.30992105708916,0,42.23892886346527,26.63872025802189,34.20207484423875,30.93348892057803,31.55765615090955,36.94106703107095,28.06154781716629,30.24182700256654,26.77236449584326,28.57604651085652,26.59128287095702,35.27664898665857,31.80474478139752,36.70440556618617,31.74776117545842,19.75417301797783,27.43574737220949,19.72652592361113,17.59789133224057,26.34578077522922,24.0763051022391,28.89463724532957,22.86208942572318,33.14790943033567,39.72361340547454,25.86989682472511,23.9257689817646,33.31311151324635,32.5906975090632,33.74349709351323,35.78721490025163,35.80897023085884,33.46913500543998,16.75732779309364,23.5602321693121,35.10896654549947,24.09796192472707,37.96509397712664,35.28868830144232,26.46184781241519,25.79762162232809,24.49711680326605,27.73585757276348,40.2000728321559,23.64737577371291,38.86431214825402,30.1606339900182,35.75483126486866,29.1709219758682,35.33483130066319,33.54652019285664,26.80093306136444,32.30896020932646,23.24600768279471,17.55920935711723,28.56107233911575,41.44463217079017,24.43015096388365,30.0370813491155,24.58774104934671,25.17002055780972,35.67361009737547,39.69263440818204,36.25031218687282,36.73108614173376,41.34587131632078,20.27699410988209,27.27494209854132,35.26949077305759,38.77700017417583,33.9808942568821,27.21628529487061,24.7462154115766,31.63347960900279,25.14543092099229,35.40777845287746,32.72161830661658,21.92714498110682,34.24268179443317
70,29.64831915989217,33.27448176641821,25.79867337010884,40.17235327685255,29.23096928228833,31.08199945783231,32.76842008321158,24.42918536683225,20.95336016106761,26.02609758959102,31.388385822377,40.4001772205452,22.18253184881665,32.39667552885101,38.80151738927634,30.21356410972867,35.15950036244371,38.06945041948365,30.40269936658295,26.77872757865758,42.23892886346527,0,36.78508527272663,23.20848825809246,30.71625989026202,34.58443456710958,20.9756154059777,34.12599537213929,35.6011891284066,35.83042671127186,34.59924137078651,40.92297464107497,26.22551564531147,36.5512069454994,27.13936058788876,29.48605794911896,30.84764210956656,36.68911422228991,36.40957312306571,42.98410186213124,38.04575587638774,37.37857180452939,25.28410568617388,33.61517747762643,26.59349664391936,18.97243188463529,32.52795807321131,35.59995485348679,30.16697773632597,35.03176289229097,30.65186810483602,25.06107273692563,27.81786353536897,34.82712463371902,41.08380557504928,40.83888090150702,21.51493086057225,40.40927675872528,27.64492602645129,33.05107370687971,33.38370975617914,39.28971987692144,40.57978053878169,36.47137783575811,19.61204465185131,41.65245100424838,25.35697221463636,27.79682917074237,30.97150998085811,28.36735190661598,26.70649358609812,30.44909623162138,37.95682867205781,27.25523796516619,36.38543944501546,43.81113773802096,34.6059757663566,26.55943388202987,32.84894881447682,26.56908437102972,34.54041796204366,35.94999505204962,17.30726030748948,12.34930504467164,22.68480960661755,20.88249969045832,17.75077675164522,42.79414761458946,33.70295160868421,28.23602364838948,19.21996809851041,24.90274319260874,40.30774329599824,36.84059931543013,32.85242353329925,35.81536100471403,18.30183490163645,31.40853402643608,39.51714924900392,31.27481143005189
