,0,89,98,27,39,21,80,78,67,60,26,81,41,44,43,72,73,63,52,55,92,70,10,93,85,13,94,42,49,25,22,45,28,34,90,1,96,91,56,16,61,38,77,14,12,7,57,6,18,86,65,75,31,99,29,83,84,71,95,11,47,48,76,88,30,58,15,69,19,62,23,53,50,33,68,54,51,79,97,40,46,20,24,5,9,66,37,87,4,35,8,64,82,17,74,3,2,32,36,59
0,0,30.095,36.182,31.246,42.427,31.125,42.534,24.196,28.463,26.887,29.562,43.795,17.301,35.289,30.986,22.292,35.687,41.338,35.898,33.434,40.029,7.372,36.336,34.112,34.122,28.341,25.152,24.699,36.036,41.474,42.401,34.641,25.520,32.362,38.398,32.615,27.649,43.348,37.174,32.489,31.509,22.140,35.133,16.301,26.079,21.553,26.385,27.192,41.098,29.294,15.954,15.500,11.506,39.794,16.221,32.872,30.836,23.283,15.985,21.565,18.872,22.649,32.600,38.171,32.999,34.335,39.037,39.692,27.438,40.492,31.614,38.267,36.952,27.102,21.696,21.101,42.238,35.402,34.414,36.276,39.335,28.930,30.141,14.010,35.271,31.922,21.391,29.508,40.557,15.747,23.375,22.069,34.169,34.166,33.474,16.347,25.108,19.536,18.441,19.676
89,30.095,0,40.659,45.613,34.224,33.067,32.756,42.196,42.830,15.210,43.561,38.506,38.668,38.864,27.422,36.678,44.371,43.357,40.409,17.145,25.404,29.125,33.341,32.178,20.307,35.034,34.447,26.687,40.345,24.766,34.609,16.019,46.129,29.724,26.602,36.572,41.408,33.784,42.189,38.454,28.410,14.381,41.973,37.990,17.593,36.457,18.669,19.559,36.183,32.397,18.328,23.434,37.193,35.775,32.477,38.342,38.161,38.672,24.496,36.932,28.127,33.940,44.033,25.368,17.111,32.842,29.457,38.220,29.853,43.479,43.568,19.336,31.869,26.299,42.501,21.443,36.943,34.434,22.651,26.678,19.866,28.431,25.624,30.021,30.843,23.704,31.533,13.522,46.810,30.114,21.429,44.018,13.090,46.407,35.074,21.058,40.245,33.757,31.500,15.194
98,36.182,40.659,0,31.136,35.730,42.467,25.412,26.474,15.086,30.367,31.751,30.908,24.922,36.669,44.436,29.657,19.436,28.270,38.383,38.119,23.762,39.985,11.936,30.342,25.017,26.893,43.151,19.611,24.602,39.349,20.153,30.740,32.924,22.001,38.212,37.536,41.108,25.970,10.442,10.047,45.375,41.730,23.584,31.208,43.535,35.215,40.446,34.408,26.728,21.832,35.678,39.312,36.538,34.788,27.196,36.139,40.644,35.664,44.465,44.350,36.883,43.818,20.774,29.125,44.989,11.474,38.911,18.739,19.798,32.116,33.201,32.725,39.716,44.101,36.276,28.112,35.917,24.092,28.348,35.662,32.948,36.294,31.764,40.758,42.913,42.767,31.108,42.829,24.556,40.418,34.178,25.386,37.703,22.092,31.507,34.490,19.244,25.198,19.300,41.883
27,31.246,45.613,31.136,0,29.170,23.710,32.680,13.459,19.807,42.062,13.383,30.611,23.315,27.054,33.006,20.457,14.180,18.127,18.669,42.942,41.156,30.184,33.105,40.269,43.315,36.319,24.285,37.615,31.098,39.907,37.089,40.945,17.937,42.242,32.289,36.302,16.290,36.058,23.469,30.397,31.382,42.065,18.127,27.546,35.720,30.445,35.825,35.089,26.048,28.633,41.002,39.469,24.350,34.552,36.423,14.771,25.764,16.505,35.036,30.839,27.348,23.860,25.446,35.595,39.089,37.863,39.550,33.441,35.088,20.087,26.768,43.863,27.939,36.704,13.052,40.946,29.814,24.615,43.938,42.168,39.935,25.313,34.213,27.931,27.996,36.782,36.823,43.629,19.400,33.796,43.137,21.970,39.418,17.791,19.715,36.567,29.614,29.765,30.434,37.972
39,42.427,34.224,35.730,29.170,0,21.466,15.228,35.242,36.304,36.731,30.079,15.630,40.923,25.898,24.823,34.561,26.657,16.304,19.026,29.955,27.060,39.707,29.804,36.573,34.120,40.023,29.261,39.412,32.785,17.331,25.882,27.528,39.117,40.098,10.905,36.410,30.027,20.113,29.003,35.460,23.142,37.418,27.336,42.035,28.023,39.576,29.926,29.664,12.235,32.011,42.261,42.077,40.744,24.804,45.913,19.242,28.907,32.750,37.646,39.674,33.384,31.532,36.312,20.772,24.550,36.900,25.867,29.122,37.929,18.442,36.296,27.654,12.457,32.668,35.617,41.609,13.366,21.583,34.936,31.697,19.573,22.247,30.767,37.020,16.345,25.793,42.100,33.159,25.567,40.173,41.601,42.160,21.858,32.607,18.762,39.266,42.002,40.795,39.453,35.095
21,31.125,33.067,42.467,23.710,21.466,0,30.810,27.846,35.838,36.272,27.272,31.969,33.735,29.402,20.030,24.740,30.742,25.506,18.324,34.535,38.719,26.063,37.773,42.677,40.684,42.608,16.833,40.570,40.170,29.266,40.402,32.537,33.273,45.707,17.444,38.516,18.127,36.619,36.293,41.443,15.084,32.264,27.587,36.068,17.596,35.425,20.365,24.473,25.716,30.877,35.900,35.416,29.329,34.742,41.699,10.852,25.565,18.554,24.911,29.750,19.425,12.013,40.032,28.448,19.895,43.471,34.316,40.863,37.719,27.101,36.831,37.515,17.153,27.971,23.291,40.023,27.221,25.346,42.138,38.887,30.338,11.853,27.180,20.559,7.393,25.469,40.524,32.013,33.893,31.758,40.750,37.488,25.589,35.715,15.840,30.774,42.002,34.455,37.199,24.635
80,42.534,32.756,25.412,32.680,15.228,30.810,0,34.091,31.028,29.872,34.752,19.173,37.610,32.992,34.368,32.895,24.083,18.800,29.801,30.790,15.570,42.301,17.101,34.643,24.796,37.448,38.177,31.223,31.428,22.298,16.986,20.159,41.769,32.468,18.096,39.608,38.429,15.229,20.916,28.130,33.747,38.880,23.339,42.212,33.030,41.912,31.008,26.715,8.425,24.176,39.226,42.720,43.194,28.942,41.264,26.844,37.328,35.305,42.208,45.768,34.306,38.626,34.053,12.393,30.357,25.547,30.320,23.446,28.509,25.224,39.342,23.650,24.975,39.130,39.796,35.653,22.442,15.377,29.129,32.066,15.027,25.449,25.527,39.965,27.240,33.090,40.573,35.689,26.133,43.482,38.908,40.446,22.675,31.912,20.802,36.167,37.441,35.222,33.663,36.743
78,24.196,42.196,26.474,13.459,35.242,27.846,34.091,0,12.742,35.075,21.533,37.382,11.574,34.634,37.596,10.359,17.325,25.659,29.055,43.304,38.958,25.706,28.459,40.671,38.713,34.897,29.256,29.918,34.038,43.605,37.990,37.158,20.602,38.000,35.251,39.615,23.940,39.132,22.109,27.485,36.202,39.513,15.581,24.350,34.917,30.906,32.024,29.570,29.257,20.212,33.588,35.714,21.093,40.282,27.943,21.505,32.905,12.553,33.255,32.979,21.161,24.970,26.710,33.538,39.755,31.983,43.823,35.119,25.465,30.149,31.487,43.523,34.958,39.169,14.413,33.452,37.640,22.479,41.649,43.798,39.774,24.354,27.625,23.044,32.680,40.231,33.814,43.139,27.000,32.617,38.990,16.866,39.112,22.029,21.057,28.005,24.632,17.685,21.823,33.847
67,28.463,42.830,15.086,19.807,36.304,35.838,31.028,12.742,0,33.556,23.298,34.173,13.542,34.254,41.303,19.358,13.735,25.744,32.846,41.637,33.455,31.910,21.248,34.913,33.402,28.781,35.654,23.977,27.263,42.889,30.427,35.696,22.291,30.121,38.104,37.086,31.363,33.629,13.383,16.925,41.299,40.906,17.393,23.850,40.285,30.335,37.421,32.992,28.336,19.997,34.294,36.593,26.337,37.189,24.570,28.708,35.411,24.274,38.667,37.071,29.340,34.627,19.077,32.901,43.845,22.860,41.782,26.759,21.719,29.619,29.070,39.745,37.727,41.435,23.678,30.240,36.836,23.085,35.968,40.104,38.275,31.167,30.470,31.853,38.765,41.936,30.276,43.813,22.707,35.029,36.145,14.417,40.016,16.575,26.426,31.074,16.638,18.785,16.943,38.522
60,26.887,15.210,30.367,42.062,36.731,36.272,29.872,35.075,33.556,0,42.252,39.816,29.779,42.087,35.944,29.392,38.284,40.719,42.929,25.629,20.810,29.221,23.178,32.736,13.362,32.481,38.894,15.219,38.398,32.316,31.162,12.704,43.220,23.498,30.573,39.757,42.940,33.376,33.962,30.642,36.461,22.615,34.566,34.653,25.438,36.780,20.677,15.700,33.449,21.592,14.286,25.830,35.210,39.430,24.268,38.088,42.242,34.896,29.823,40.517,25.114,36.198,39.231,21.689,27.272,21.793,36.161,34.628,15.925,43.700,43.283,23.147,37.427,34.527,40.095,12.687,40.537,28.057,21.807,31.649,22.295,27.887,18.265,29.348,35.723,33.107,29.729,25.151,43.580,32.892,21.583,37.352,20.991,41.692,32.259,14.310,32.708,22.484,21.662,20.133
26,29.562,43.561,31.751,13.383,30.079,27.272,34.752,21.533,23.298,42.252,0,26.125,26.272,16.200,27.314,28.508,19.196,22.907,15.459,36.575,40.301,28.350,35.398,30.895,41.372,27.242,19.672,36.078,21.641,35.867,33.774,41.863,10.383,37.021,34.248,24.388,13.889,32.311,26.398,26.818,27.924,36.994,27.947,20.507,35.517,19.974,38.754,38.912,30.126,34.930,39.209,33.346,20.682,25.302,33.319,21.519,15.410,24.921,31.365,22.194,32.225,26.036,17.839,39.116,38.439,37.140,31.114,27.822,38.256,16.356,13.899,39.413,25.014,28.635,15.377,38.430,24.890,31.654,38.329,33.588,39.581,31.120,39.871,30.260,30.214,30.070,28.496,38.029,16.773,26.169,36.794,19.324,38.317,13.031,27.701,38.223,24.803,33.983,29.226,37.529
81,43.795,38.506,30.908,30.611,15.630,31.969,19.173,37.382,34.173,39.816,26.125,0,41.337,18.268,27.605,40.081,24.832,18.873,20.478,27.883,26.286,42.463,29.284,26.825,32.927,31.250,32.025,37.349,20.642,18.950,17.459,32.744,34.950,33.499,24.340,27.437,32.213,11.251,25.754,27.797,28.961,38.587,32.107,37.857,36.333,33.932,39.569,38.292,19.056,36.962,44.119,40.946,40.452,13.502,43.270,27.738,25.519,39.229,40.900,38.038,41.109,38.662,26.857,28.952,33.706,33.134,19.113,17.519,39.915,12.981,27.320,25.243,18.066,31.821,37.402,40.702,7.572,28.774,29.604,24.268,24.885,33.298,39.359,43.070,28.525,26.275,36.140,34.158,17.635,38.459,38.241,38.260,28.576,25.240,28.834,44.031,35.592,43.448,37.371,41.265
41,17.301,38.668,24.922,23.315,40.923,33.735,37.610,11.574,13.542,29.779,26.272,41.337,0,37.224,39.256,13.962,24.371,33.852,35.637,40.836,37.704,21.904,27.864,37.008,34.363,29.790,32.123,22.460,33.414,45.152,38.126,35.591,22.090,31.876,39.489,37.767,29.521,40.688,25.300,24.620,39.019,34.965,23.542,18.908,35.127,27.480,31.982,28.933,35.108,20.441,26.013,29.319,17.977,41.512,17.609,30.005,35.391,19.308,30.597,31.748,21.611,28.566,26.098,35.402,40.711,27.609,43.896,34.957,20.441,36.538,31.640,41.519,39.560,37.964,19.493,25.248,42.045,27.583,37.192,41.472,40.389,28.917,27.811,22.287,38.103,40.423,27.170,40.225,32.672,28.456,31.978,13.134,39.107,25.455,28.447,22.290,18.504,10.707,13.138,30.956
44,35.289,38.864,36.669,27.054,25.898,29.402,32.992,34.634,34.254,42.087,16.200,18.268,37.224,0,19.182,38.749,28.562,26.998,14.991,26.793,36.672,32.904,38.013,23.108,38.438,24.909,20.034,38.148,17.822,25.284,29.243,39.522,23.579,34.672,30.897,14.683,21.218,25.345,32.724,29.856,22.252,32.276,37.108,26.908,33.319,20.223,39.611,40.820,30.917,41.417,40.143,31.702,29.009,11.526,37.975,27.385,8.925,35.469,30.981,22.335,38.291,31.073,22.747,38.586,33.513,38.781,17.183,24.304,43.267,15.350,13.868,31.055,17.929,20.349,28.327,39.024,15.120,36.490,32.049,22.262,34.196,34.664,43.570,36.290,28.817,19.632,27.460,29.973,21.202,25.593,33.156,31.044,32.623,22.480,33.042,41.792,31.065,42.406,34.942,37.149
43,30.986,27.422,44.436,33.006,24.823,20.030,34.368,37.596,41.303,35.944,27.314,27.605,39.256,19.182,0,36.727,37.413,33.369,19.573,20.902,36.797,25.823,41.201,30.396,36.912,33.181,13.296,38.923,32.412,20.110,36.441,33.241,32.971,38.861,22.848,24.099,21.772,31.769,41.022,39.380,5.725,21.595,39.818,31.906,17.765,26.064,27.217,31.775,32.876,40.100,33.059,26.045,28.971,22.639,39.161,25.630,15.444,32.436,19.132,20.604,30.058,21.802,36.619,34.256,17.680,42.939,19.004,35.663,42.404,27.208,28.884,28.565,13.322,10.471,30.060,36.346,21.590,36.127,32.867,24.338,28.791,26.523,36.879,27.527,18.367,7.337,31.129,18.492,35.146,22.116,30.693,38.677,22.135,36.227,30.456,34.041,39.553,41.125,37.305,24.009
72,22.292,36.678,29.657,20.457,34.561,24.740,32.895,10.359,19.358,29.392,28.508,40.081,13.962,38.749,36.727,0,23.604,28.740,32.104,41.679,36.876,23.276,27.716,43.143,35.965,38.470,29.949,28.529,39.339,42.105,39.586,31.789,28.479,38.777,31.518,43.203,27.151,40.468,26.316,31.798,34.552,36.262,16.275,28.721,29.252,34.800,24.007,21.351,28.835,14.866,28.898,34.325,23.584,43.229,28.294,21.424,36.344,9.474,30.305,35.143,12.806,22.102,33.858,28.685,34.496,32.125,44.782,38.908,21.399,34.857,37.864,41.713,34.879,38.882,19.181,30.652,39.688,19.508,41.002,44.551,36.093,18.020,19.184,17.704,29.470,39.278,35.995,40.214,33.655,33.277,37.894,24.325,34.513,30.295,17.987,20.887,29.899,13.329,22.489,27.531
73,35.687,44.371,19.436,14.180,26.657,30.742,24.083,17.325,13.735,38.284,19.196,24.832,24.371,28.562,37.413,23.604,0,12.951,24.139,40.767,32.275,36.582,22.428,35.845,36.151,32.770,32.937,31.838,25.503,37.122,26.682,35.826,24.110,35.090,31.555,36.352,27.567,27.428,10.074,21.096,36.801,43.537,13.233,30.333,39.392,33.286,37.926,34.430,19.079,23.759,41.067,41.628,31.475,31.618,34.906,21.321,31.265,24.940,40.985,38.171,32.037,33.548,20.294,29.802,41.127,28.038,37.506,23.814,29.203,18.635,27.948,38.254,29.968,40.433,24.528,37.708,27.569,18.859,37.792,38.766,34.686,28.320,32.135,35.138,32.379,38.795,35.901,44.014,12.210,38.467,41.283,23.131,37.556,13.211,20.409,37.336,25.510,28.550,26.988,41.040
63,41.338,43.357,28.270,18.127,16.304,25.506,18.800,25.659,25.744,40.719,22.907,18.873,33.852,26.998,33.369,28.740,12.951,0,18.601,39.232,31.771,40.170,26.542,38.808,38.232,38.797,31.510,38.414,29.720,30.802,26.882,34.525,31.398,40.534,23.566,38.268,27.256,24.311,18.571,29.598,31.818,44.288,16.848,37.977,36.499,38.259,36.165,33.970,11.402,28.086,45.102,45.227,37.366,29.223,43.254,16.258,30.203,27.591,41.947,40.428,33.617,32.642,28.762,26.326,36.195,34.342,34.343,26.788,35.327,13.306,32.364,36.496,22.401,39.347,29.148,43.041,20.204,17.723,39.737,38.356,30.187,25.077,32.476,37.334,24.971,35.353,41.866,42.621,14.571,41.828,45.168,33.705,33.389,21.974,16.208,40.923,35.648,36.168,35.541,41.128
52,35.898,40.409,38.383,18.669,19.026,18.324,29.801,29.055,32.846,42.929,15.459,20.478,35.637,14.991,19.573,32.104,24.139,18.601,0,33.582,38.664,32.195,37.562,34.971,42.133,35.446,16.368,41.701,28.305,27.220,33.822,38.689,25.113,42.393,23.986,28.454,13.789,29.256,31.227,34.967,18.419,36.541,29.286,32.044,29.626,28.871,34.424,36.210,24.436,36.885,42.342,37.330,29.518,22.789,42.319,14.610,14.380,26.692,31.381,26.518,32.048,23.193,29.361,34.332,30.134,42.003,26.675,31.296,42.316,11.542,24.156,36.382,12.438,26.268,22.788,43.059,15.623,29.504,39.728,32.853,33.473,25.632,38.065,31.449,18.734,23.904,36.485,34.776,20.694,31.042,40.759,32.913,31.692,24.392,22.770,40.295,36.588,40.110,37.495,35.569
55,33.434,17.145,38.119,42.942,29.955,34.535,30.790,43.304,41.637,25.629,36.575,27.883,40.836,26.793,20.902,41.679,40.767,39.232,33.582,0,24.218,32.168,33.907,18.923,21.748,25.440,30.575,28.636,28.476,15.850,26.514,23.672,40.474,24.485,27.461,22.864,37.543,24.228,39.163,32.711,24.775,15.885,43.477,33.699,24.272,28.409,29.862,30.679,34.361,38.324,26.568,22.574,36.060,21.088,33.415,37.761,28.549,42.143,26.593,31.257,35.980,36.346,35.498,30.107,22.115,32.067,13.578,28.129,35.982,34.732,32.738,11.299,25.272,17.965,41.308,25.608,26.443,37.216,15.016,10.335,20.533,33.945,35.649,35.918,31.396,14.077,24.865,9.271,38.675,26.059,18.258,40.957,16.737,39.131,37.378,31.631,35.687,39.815,32.318,25.364
92,40.029,25.404,23.762,41.156,27.060,38.719,15.570,38.958,33.455,20.810,40.301,26.286,37.704,36.672,36.797,36.876,32.275,31.771,38.664,24.218,0,41.390,15.032,27.946,10.913,31.582,42.360,22.205,30.463,23.405,13.952,13.502,44.812,21.402,26.237,37.285,44.880,16.553,25.870,24.913,37.899,32.881,32.300,40.350,33.721,40.004,31.598,26.337,22.929,25.784,31.891,36.842,43.565,29.987,34.754,37.146,40.979,41.321,40.812,46.129,36.536,43.503,34.472,16.086,31.445,17.102,28.824,21.833,23.782,34.691,40.515,14.265,32.346,37.811,44.834,25.989,29.911,24.380,17.263,26.013,13.139,32.061,26.531,41.449,35.514,32.876,34.360,30.129,34.030,40.867,29.485,40.875,20.828,36.379,31.126,32.049,34.112,33.562,28.894,34.110
70,7.372,29.125,39.985,30.184,39.707,26.063,42.301,25.706,31.910,29.221,28.350,42.463,21.904,32.904,25.823,23.276,36.582,40.170,32.195,32.168,41.390,0,39.061,35.459,36.555,31.130,19.428,29.529,37.279,38.900,43.699,35.046,25.928,36.170,35.223,31.917,23.306,43.348,39.408,36.101,25.807,20.443,35.822,19.266,21.382,21.870,23.724,26.633,40.225,31.584,18.961,16.059,11.471,38.356,22.820,29.574,27.181,21.540,10.084,17.724,17.043,16.680,34.933,37.922,28.687,38.420,37.016,41.316,31.597,38.628,31.546,38.240,32.874,23.005,19.886,25.554,39.690,35.573,36.259,35.835,38.386,26.028,30.553,9.822,30.452,27.935,24.404,27.125,40.616,13.873,25.779,25.795,31.983,35.457,31.651,18.478,29.836,24.178,23.968,16.688
10,36.336,33.341,11.936,33.105,29.804,37.773,17.101,28.459,21.248,23.178,35.398,29.284,27.864,38.013,41.201,27.716,22.428,26.542,37.562,33.907,15.032,39.061,0,32.381,18.483,31.532,42.065,18.760,29.743,33.270,18.055,20.523,38.436,23.334,30.190,40.119,41.563,22.692,14.219,18.198,41.399,38.141,21.292,35.872,37.196,38.841,32.748,25.871,20.392,15.610,32.421,38.699,38.865,34.881,30.085,33.055,41.563,34.010,42.051,45.746,32.340,41.094,28.786,18.148,37.548,10.931,36.818,21.843,15.084,32.756,38.413,26.840,35.726,42.382,38.162,26.049,33.576,16.818,25.711,34.293,23.518,29.689,22.890,38.052,36.997,39.326,34.298,38.228,28.493,41.217,33.381,32.188,29.366,28.960,25.980,29.777,27.109,24.202,21.919,36.335
93,34.112,32.178,30.342,40.269,36.573,42.677,34.643,40.671,34.913,32.736,30.895,26.825,37.008,23.108,30.396,43.143,35.845,38.808,34.971,18.923,27.946,35.459,32.381,0,25.178,10.099,34.642,25.697,14.280,27.926,22.271,33.735,32.623,15.920,38.499,13.555,38.201,23.324,33.406,21.542,34.893,26.635,43.227,25.888,37.602,20.655,41.670,40.352,37.494,40.339,31.728,24.973,33.565,17.438,27.890,41.661,27.570,44.565,34.008,30.612,42.406,42.516,22.221,38.192,37.760,26.978,17.920,17.820,36.337,32.030,21.697,20.924,32.609,24.988,39.640,26.207,28.585,40.399,14.561,10.660,31.779,42.218,43.189,41.463,41.440,25.344,15.599,25.247,31.473,25.980,18.214,32.053,31.861,29.214,42.208,37.731,23.883,39.396,27.232,36.696
85,34.122,20.307,25.017,43.315,34.120,40.684,24.796,38.713,33.402,13.362,41.372,32.927,34.363,38.438,36.912,35.965,36.151,38.232,42.133,21.748,10.913,36.555,18.483,25.178,0,27.393,41.838,14.680,31.244,27.705,20.479,13.667,43.637,15.093,31.270,35.433,45.422,23.982,29.883,24.384,38.653,26.722,35.962,35.947,32.089,36.292,29.928,24.897,30.656,26.013,23.452,29.722,39.698,32.692,27.225,40.520,41.335,41.140,36.296,42.952,34.343,42.628,34.452,21.688,31.550,14.922,30.232,25.204,20.117,39.819,39.936,14.712,36.247,35.275,43.999,16.508,35.536,29.123,12.040,24.626,18.640,33.727,26.300,38.157,38.667,32.432,28.229,26.090,38.730,35.850,21.117,38.226,21.864,38.192,35.082,25.984,30.482,29.502,23.464,29.478
13,28.341,35.034,26.893,36.319,40.023,42.608,37.448,34.897,28.781,32.481,27.242,31.250,29.790,24.909,33.181,38.470,32.770,38.797,35.446,25.440,31.582,31.130,31.532,10.099,27.393,0,33.585,22.101,13.990,34.650,26.271,36.166,26.035,15.376,41.594,15.436,35.611,28.728,30.778,17.290,37.070,27.800,40.341,17.692,38.753,15.252,41.678,39.936,38.976,37.457,29.038,22.389,27.163,23.459,20.384,40.631,27.631,40.426,32.377,27.561,39.425,40.274,16.620,40.126,40.840,25.142,25.623,19.926,32.915,32.963,18.120,27.718,35.883,27.163,34.364,23.303,33.049,39.557,19.663,19.531,36.414,41.626,42.086,37.822,43.070,29.757,8.901,29.433,30.293,22.542,17.613,23.552,35.969,24.738,41.353,34.694,15.003,33.748,20.664,36.211
94,25.152,34.447,43.151,24.285,29.261,16.833,38.177,29.256,35.654,38.894,19.672,32.025,32.123,20.034,13.296,29.949,32.937,31.510,16.368,30.575,42.360,19.428,42.065,34.642,41.838,33.585,0,39.273,32.999,30.822,40.897,38.557,23.634,41.698,28.165,26.378,9.928,37.517,38.809,38.404,12.479,26.612,35.377,25.608,21.558,22.265,28.601,32.877,34.335,37.871,33.493,26.404,19.615,28.474,36.139,20.480,12.423,23.663,17.154,13.804,25.342,13.061,33.290,37.982,25.398,44.066,28.509,38.091,41.295,26.118,25.218,37.298,18.940,16.745,18.427,37.476,26.809,35.072,38.999,32.382,36.342,24.816,36.774,20.692,20.140,19.230,30.590,27.624,32.506,19.011,33.945,30.980,30.447,31.209,27.799,32.644,35.662,36.433,34.313,25.529
42,24.699,26.687,19.611,37.615,39.412,40.570,31.223,29.918,23.977,15.219,36.078,37.349,22.460,38.148,38.923,28.529,31.838,38.414,41.701,28.636,22.205,29.529,18.760,25.697,14.680,22.101,39.273,0,29.133,36.535,26.377,22.834,35.095,13.238,37.083,33.992,41.147,30.975,26.280,18.274,40.522,27.277,32.153,25.931,34.044,29.802,31.107,25.945,34.108,21.754,18.052,24.885,30.526,35.982,13.956,39.072,39.506,34.893,32.999,37.815,29.734,38.997,27.925,28.274,36.753,11.758,35.725,26.419,13.010,39.979,35.006,26.029,39.714,35.683,36.304,8.907,39.778,29.224,19.051,29.679,29.258,33.635,26.266,32.294,41.187,36.031,21.199,30.703,36.579,30.313,18.644,26.831,30.090,32.225,34.589,20.473,19.345,18.773,10.193,28.805
49,36.036,40.345,24.602,31.098,32.785,40.170,31.428,34.038,27.263,38.398,21.641,20.642,33.414,17.822,32.412,39.339,25.503,29.720,28.305,28.476,30.463,37.279,29.743,14.280,31.244,13.990,32.999,29.133,0,31.028,20.014,37.747,24.811,22.498,37.865,16.303,32.804,20.970,24.760,15.836,35.731,35.369,36.006,24.295,41.150,20.906,44.292,42.330,31.949,37.915,38.305,32.460,31.907,15.685,30.727,35.787,24.217,40.107,38.153,31.174,42.145,40.916,10.871,38.126,41.727,27.084,22.516,11.181,36.572,22.228,13.994,28.446,30.367,30.141,33.815,32.779,23.925,35.873,24.435,20.803,34.750,40.508,43.520,41.755,39.774,29.961,21.464,34.397,18.854,29.873,28.746,25.765,36.482,16.777,37.373,41.266,19.879,38.240,27.215,41.699
25,41.474,24.766,39.349,39.907,17.331,29.266,22.298,43.605,42.889,32.316,35.867,18.950,45.152,25.284,20.110,42.105,37.122,30.802,27.220,15.850,23.405,38.900,33.270,27.926,27.705,34.650,30.822,36.535,31.028,0,24.207,24.034,43.197,33.684,17.262,29.645,36.075,18.193,36.798,36.191,21.727,27.937,39.270,41.301,25.311,36.307,30.361,31.164,25.204,38.136,37.053,34.942,41.932,19.138,43.362,31.497,28.690,41.279,33.710,37.278,37.480,36.100,38.230,24.729,19.837,36.079,13.987,28.140,39.706,27.537,36.013,15.314,16.085,24.649,42.186,36.224,16.377,32.029,24.824,19.254,14.697,29.922,34.949,39.361,23.596,16.185,36.190,20.793,34.057,35.436,32.381,45.588,14.421,38.650,31.146,38.077,42.190,44.174,39.320,31.226
22,42.401,34.609,20.153,37.089,25.882,40.402,16.986,37.990,30.427,31.162,33.774,17.459,38.126,29.243,36.441,39.586,26.682,26.882,33.822,26.514,13.952,43.699,18.055,22.271,20.479,26.271,40.897,26.377,20.014,24.207,0,25.700,39.119,20.989,30.165,30.865,41.784,7.661,20.860,18.543,38.403,37.343,32.231,37.282,39.491,35.760,39.686,35.470,22.229,31.296,38.453,38.996,42.469,21.758,36.154,36.353,35.806,42.689,43.620,43.723,41.714,45.138,25.519,25.009,37.539,18.960,24.629,9.552,30.334,26.568,32.261,18.741,30.384,37.220,42.657,31.635,23.514,27.500,19.262,22.921,21.684,36.710,35.452,45.104,37.580,32.794,32.140,34.215,24.218,40.299,31.981,36.876,28.398,27.712,33.032,39.505,29.706,37.744,30.001,40.923
45,34.641,16.019,30.740,40.945,27.528,32.537,20.159,37.158,35.696,12.704,41.863,32.744,35.591,39.522,33.241,31.789,35.826,34.525,38.689,23.672,13.502,35.046,20.523,33.735,13.667,36.166,38.557,22.834,37.747,24.034,25.700,0,45.756,27.415,21.394,40.525,42.397,26.112,31.668,32.076,33.107,26.907,31.838,40.279,24.124,40.635,19.945,14.911,25.057,22.068,24.862,32.813,40.422,35.377,33.664,34.009,41.082,35.939,33.850,43.571,27.757,36.656,40.381,11.346,22.497,23.688,32.031,31.799,21.235,38.576,44.192,17.874,31.116,34.960,42.097,23.141,33.568,22.691,22.354,30.025,10.853,24.275,16.976,33.408,29.748,30.399,35.637,25.387,39.979,37.828,28.398,42.025,13.332,41.300,27.267,22.964,37.729,29.273,28.769,23.924
28,25.520,46.129,32.924,17.937,39.117,33.273,41.769,20.602,22.291,43.220,10.383,34.950,22.090,23.579,32.971,28.479,24.110,31.398,25.113,40.474,44.812,25.928,38.436,32.623,43.637,26.035,23.634,35.095,24.811,43.197,39.119,45.756,0,37.098,41.715,26.363,18.453,39.232,29.959,27.380,33.987,37.793,31.830,14.117,39.143,17.134,41.679,41.609,37.777,36.579,37.615,31.358,15.377,32.118,28.659,28.554,21.170,25.986,31.275,20.911,33.040,28.381,17.956,44.540,43.577,38.079,37.165,32.269,38.154,26.419,15.035,44.052,33.683,31.529,14.055,36.988,34.260,36.693,40.592,37.453,45.579,35.815,42.480,29.618,37.408,35.309,25.671,40.934,24.240,24.008,35.850,12.359,43.622,15.997,33.659,37.370,20.720,31.705,26.453,38.685
34,32.362,29.724,22.001,42.242,40.098,45.707,32.468,38.000,30.121,23.498,37.021,33.499,31.876,34.672,38.861,38.777,35.090,40.534,42.393,24.485,21.402,36.170,23.334,15.920,15.093,15.376,41.698,13.238,22.498,33.684,20.989,27.415,37.098,0,40.013,27.771,44.316,26.011,29.121,16.438,41.965,28.747,39.355,28.144,39.033,28.398,39.035,35.005,36.724,32.180,25.923,26.794,35.662,29.607,20.813,44.009,38.183,43.478,37.290,38.710,39.487,45.263,25.313,33.287,39.988,14.310,29.566,19.846,25.006,38.807,31.598,21.349,39.697,34.361,42.002,16.521,36.837,35.981,11.029,21.749,30.037,41.035,36.304,40.795,44.987,34.243,18.516,29.679,35.470,31.612,16.758,31.081,32.002,32.090,41.055,31.276,20.469,31.047,19.194,35.486
90,38.398,26.602,38.212,32.289,10.905,17.444,18.096,35.251,38.104,30.573,34.248,24.340,39.489,30.897,22.848,31.518,31.555,23.566,23.986,27.461,26.237,35.223,30.190,38.499,31.270,41.594,28.165,37.083,37.865,17.262,30.165,21.394,41.715,40.013,0,38.948,31.093,25.574,33.056,38.360,20.117,31.950,28.498,42.102,19.519,40.332,20.477,21.353,16.822,28.871,36.305,38.228,39.222,30.093,43.655,19.919,31.575,30.125,32.365,38.859,26.988,27.338,40.857,16.122,15.524,36.962,28.168,34.363,34.572,26.912,40.504,26.107,15.029,30.636,35.671,37.580,21.384,20.736,34.003,32.613,15.417,15.675,23.807,31.379,11.491,23.878,41.629,28.234,33.346,37.946,38.630,43.487,14.404,38.072,17.228,32.471,43.488,37.273,37.940,27.043
1,32.615,36.572,37.536,36.302,36.410,38.516,39.608,39.615,37.086,39.757,24.388,27.437,37.767,14.683,24.099,43.203,36.352,38.268,28.454,22.864,37.285,31.917,40.119,13.555,35.433,15.436,26.378,33.992,16.303,29.645,30.865,40.525,26.363,27.771,38.948,0,30.077,29.360,37.649,28.434,29.017,27.145,44.674,22.613,36.166,13.567,42.609,43.465,39.909,44.745,35.391,24.300,28.454,15.380,31.901,38.160,17.120,41.824,29.636,20.830,41.740,37.066,22.738,43.379,37.190,36.839,17.209,24.954,43.000,28.367,13.659,29.121,28.605,18.184,33.962,33.274,26.299,43.423,26.036,16.026,37.369,41.652,46.989,38.566,38.240,21.154,17.491,26.177,30.404,20.134,24.032,30.692,35.006,27.731,41.987,40.548,27.137,42.613,31.923,36.749
96,27.649,41.408,41.108,16.290,30.027,18.127,38.429,23.940,31.363,42.940,13.889,32.213,29.521,21.218,21.772,27.151,27.567,27.256,13.789,37.543,44.880,23.306,41.563,38.201,45.422,35.611,9.928,41.147,32.804,36.075,41.784,42.397,18.453,44.316,31.093,30.077,0,38.916,35.302,37.246,20.276,34.563,30.885,25.564,28.546,24.521,33.076,35.905,32.962,36.813,38.407,32.668,19.422,31.212,37.638,16.754,14.999,19.850,24.839,18.625,26.651,14.916,30.604,39.701,32.446,44.540,33.912,38.020,41.631,22.801,24.068,42.437,22.181,25.503,12.051,41.183,28.006,33.304,43.451,37.839,40.327,25.722,38.105,23.014,22.936,27.350,33.857,35.977,27.845,24.709,39.477,27.244,36.275,26.213,25.611,36.013,34.314,35.626,34.552,32.042
91,43.348,33.784,25.970,36.058,20.113,36.619,15.229,39.132,33.629,33.376,32.311,11.251,40.688,25.345,31.769,40.468,27.428,24.311,29.256,24.228,16.553,43.348,22.692,23.324,23.982,28.728,37.517,30.975,20.970,18.193,7.661,26.112,39.232,26.011,25.574,29.360,38.916,0,24.093,23.728,33.598,36.366,32.947,38.652,36.656,35.705,38.236,35.309,19.773,33.659,40.089,39.296,42.615,17.277,39.740,33.249,32.177,42.022,41.982,41.874,41.284,42.634,27.796,24.378,33.720,25.310,19.917,12.989,34.369,22.517,31.563,17.614,24.503,34.032,41.860,34.902,16.892,27.602,21.651,21.088,19.188,34.594,36.092,44.336,32.899,28.380,34.019,31.929,23.287,39.595,33.665,39.227,25.398,28.700,31.121,40.832,33.627,40.715,33.790,39.837
56,37.174,42.189,10.442,23.469,29.003,36.293,20.916,22.109,13.383,33.962,26.398,25.754,25.300,32.724,41.022,26.316,10.074,18.571,31.227,39.163,25.870,39.408,14.219,33.406,29.883,30.778,38.809,26.280,24.760,36.798,20.860,31.668,29.959,29.121,33.056,37.649,35.302,24.093,0,15.448,41.068,43.208,15.887,32.303,41.247,35.601,38.567,33.346,19.325,20.784,39.103,41.654,35.485,32.526,32.484,28.311,36.632,30.553,43.638,42.666,34.406,39.250,20.650,26.689,42.386,19.703,37.682,19.526,23.820,24.510,31.463,34.402,34.015,42.878,31.613,33.635,30.332,18.172,32.881,37.036,31.717,31.274,30.407,38.608,36.827,40.729,34.813,43.530,17.073,40.771,38.648,25.483,36.404,17.537,24.304,36.134,23.511,26.929,23.939,41.663
16,32.489,38.454,10.047,30.397,35.460,41.443,28.130,27.485,16.925,30.642,26.818,27.797,24.620,29.856,39.380,31.798,21.096,29.598,34.967,32.711,24.913,36.101,18.198,21.542,24.384,17.290,38.404,18.274,15.836,36.191,18.543,32.076,27.380,16.438,38.360,28.434,37.246,23.728,15.448,0,41.386,36.622,28.469,24.298,41.420,26.844,40.668,36.131,29.433,27.087,32.954,33.097,31.648,28.025,22.971,36.083,34.073,36.157,39.790,37.415,37.215,41.617,12.910,32.439,43.061,13.859,32.476,13.256,23.930,29.095,24.787,29.402,36.569,37.445,33.576,25.299,32.265,28.815,23.353,28.505,33.087,37.433,35.357,39.057,41.910,37.173,22.715,37.725,22.241,33.495,27.861,21.139,36.317,17.849,33.859,34.212,12.405,27.315,16.880,39.662
61,31.509,28.410,45.375,31.382,23.142,15.084,33.747,36.202,41.299,36.461,27.924,28.961,39.019,22.252,5.725,34.552,36.801,31.818,18.419,24.775,37.899,25.807,41.399,34.893,38.653,37.070,12.479,40.522,35.731,21.727,38.403,33.107,33.987,41.965,20.117,29.017,20.276,33.598,41.068,41.386,0,24.292,37.725,34.089,15.545,29.525,24.625,29.794,31.327,38.673,34.207,28.997,29.602,26.454,41.046,22.087,18.014,29.519,19.762,23.021,27.435,18.330,38.920,32.841,15.708,44.377,23.504,38.217,42.255,27.365,32.022,31.235,12.197,15.442,28.792,38.212,22.674,34.059,36.228,29.035,28.863,22.780,34.703,25.479,13.519,12.250,34.833,21.804,35.734,25.064,34.229,39.696,22.031,37.317,27.211,33.486,41.704,40.468,38.536,23.283
38,22.140,14.381,41.730,42.065,37.418,32.264,38.880,39.513,40.906,22.615,36.994,38.587,34.965,32.276,21.595,36.262,43.537,44.288,36.541,15.885,32.881,20.443,38.141,26.635,26.722,27.800,26.612,27.277,35.369,27.937,37.343,26.907,37.793,28.747,31.950,27.145,34.563,36.366,43.208,36.622,24.292,0,43.964,28.355,18.278,25.325,23.874,26.694,40.506,36.690,15.677,10.869,27.749,31.838,26.881,37.599,29.692,36.445,14.267,24.782,27.986,29.227,38.604,34.321,21.203,35.665,26.085,37.377,33.769,41.026,34.850,24.240,30.710,15.774,35.999,20.613,36.032,39.176,23.641,22.844,28.905,31.353,32.762,25.552,31.972,18.239,22.059,8.831,44.463,17.231,14.411,37.373,21.396,41.926,37.726,22.075,34.711,33.656,28.580,14.271
77,35.133,41.973,23.584,18.127,27.336,27.587,23.339,15.581,17.393,34.566,27.947,32.107,23.542,37.108,39.818,16.275,13.233,16.848,29.286,43.477,32.300,35.822,21.292,43.227,35.962,40.341,35.377,32.153,36.006,39.270,32.231,31.838,31.830,39.355,28.498,44.674,30.885,32.947,15.887,28.469,37.725,43.964,0,35.793,36.079,40.091,31.460,27.060,17.794,15.282,39.052,43.496,33.933,39.806,36.588,19.300,37.978,19.658,40.722,42.687,25.427,31.104,31.295,24.215,38.247,29.608,43.391,32.608,24.494,27.427,38.142,40.326,32.539,43.995,26.353,37.380,33.688,10.409,41.215,44.494,32.983,21.287,22.966,31.238,29.733,41.783,41.409,45.093,24.555,41.926,43.914,28.934,35.466,25.466,13.215,32.338,32.179,23.612,28.258,37.445
14,16.301,37.990,31.208,27.546,42.035,36.068,42.212,24.350,23.850,34.653,20.507,37.857,18.908,26.908,31.906,28.721,30.333,37.977,32.044,33.699,40.350,19.266,35.872,25.888,35.947,17.692,25.608,25.931,24.295,41.301,37.282,40.279,14.117,28.144,42.102,22.613,25.564,38.652,32.303,24.298,34.089,28.355,35.793,0,35.184,9.999,37.532,37.193,40.611,34.409,26.576,19.702,11.066,32.184,16.550,34.289,24.456,28.988,24.767,18.175,30.391,29.627,19.571,42.533,40.223,32.321,34.536,31.239,32.272,33.642,17.949,38.150,36.157,26.837,20.585,25.777,37.497,38.002,32.390,31.626,42.223,36.193,39.144,26.348,39.505,32.107,13.664,33.326,31.614,15.187,23.953,12.134,39.294,23.146,36.863,29.300,14.534,26.498,17.974,31.704
12,26.079,17.593,43.535,35.720,28.023,17.596,33.030,34.917,40.285,25.438,35.517,36.333,35.127,33.319,17.765,29.252,39.392,36.499,29.626,24.272,33.721,21.382,37.196,37.602,32.089,38.753,21.558,34.044,41.150,25.311,39.491,24.124,39.143,39.033,19.519,36.166,28.546,36.656,41.247,41.420,15.545,18.278,36.079,35.184,0,33.711,10.734,17.609,32.272,31.393,23.995,25.151,29.925,35.054,35.914,25.914,29.698,27.166,16.006,28.935,18.405,18.464,43.032,26.566,8.001,39.920,30.538,41.303,33.872,36.628,39.809,29.110,22.724,21.475,31.605,30.200,32.222,30.499,33.554,32.220,24.632,17.093,24.014,18.809,17.022,19.380,34.662,18.577,42.309,26.181,29.956,40.444,15.711,42.398,25.807,21.608,41.449,32.733,33.814,9.951
7,21.553,36.457,35.215,30.445,39.576,35.425,41.912,30.906,30.335,36.780,19.974,33.932,27.480,20.223,26.064,34.800,33.286,38.259,28.871,28.409,40.004,21.870,38.841,20.655,36.292,15.252,22.265,29.802,20.906,36.307,35.760,40.635,17.134,28.398,40.332,13.567,24.521,35.705,35.601,26.844,29.525,25.325,40.091,9.999,33.711,0,38.636,39.489,40.798,39.470,29.119,18.139,16.052,25.446,23.003,34.875,17.882,33.529,23.215,13.103,34.173,30.298,20.557,43.366,37.538,35.401,27.268,29.525,37.662,30.949,12.895,34.670,31.808,19.700,24.438,28.602,32.642,40.796,29.953,25.146,40.461,37.702,42.590,29.616,37.633,25.560,12.108,28.525,31.228,11.479,22.290,20.398,36.937,24.828,38.770,33.383,20.250,33.871,24.370,31.953
57,26.385,18.669,40.446,35.825,29.926,20.365,31.008,32.024,37.421,20.677,38.754,39.569,31.982,39.611,27.217,24.007,37.926,36.165,34.424,29.862,31.598,23.724,32.748,41.670,29.928,41.678,28.601,31.107,44.292,30.361,39.686,19.945,41.679,39.035,20.477,42.609,33.076,38.236,38.567,40.668,24.625,23.874,31.460,37.532,10.734,38.636,0,8.332,30.427,24.105,22.561,29.361,32.263,40.779,34.740,26.442,36.859,24.580,22.431,35.806,13.285,21.604,44.591,21.583,14.753,36.616,37.292,42.570,27.350,39.831,44.529,31.370,28.698,30.535,32.882,28.326,36.994,25.278,35.105,37.696,24.079,13.173,14.602,18.312,20.694,28.361,37.812,25.573,43.619,31.951,32.575,40.332,17.729,43.455,22.541,16.188,41.323,26.847,31.463,11.416
6,27.192,19.559,34.408,35.089,29.664,24.473,26.715,29.570,32.992,15.700,38.912,38.292,28.933,40.820,31.775,21.351,34.430,33.970,36.210,30.679,26.337,26.633,25.871,40.352,24.897,39.936,32.877,25.945,42.330,31.164,35.470,14.911,41.609,35.005,21.353,43.465,35.905,35.309,33.346,36.131,29.794,26.694,27.060,37.193,17.609,39.489,8.332,0,27.051,17.088,21.718,31.046,33.570,40.866,31.972,27.414,39.481,24.890,27.384,39.256,14.526,26.387,42.033,16.203,20.196,30.266,38.302,39.039,20.143,39.359,44.570,29.491,31.114,34.457,33.941,24.916,37.310,20.096,32.319,37.600,21.531,14.214,7.041,21.729,24.568,31.928,37.046,28.430,41.320,34.540,31.832,38.241,18.458,41.090,20.848,14.252,38.051,22.054,27.388,16.339
18,41.098,36.183,26.728,26.048,12.235,25.716,8.425,29.257,28.336,33.449,30.126,19.056,35.108,30.917,32.876,28.835,19.079,11.402,24.436,34.361,22.929,40.225,20.392,37.494,30.656,38.976,34.335,34.108,31.949,25.204,22.229,25.057,37.777,36.724,16.822,39.909,32.962,19.773,19.325,29.433,31.327,40.506,17.794,40.611,32.272,40.798,30.427,27.051,0,23.319,40.819,43.471,40.206,29.761,42.006,19.850,34.336,29.831,40.923,43.323,31.433,34.066,32.875,15.805,30.615,29.523,32.379,26.003,30.129,20.590,37.383,29.466,22.196,38.817,34.486,38.473,21.004,11.842,34.348,35.438,20.572,21.567,25.448,36.897,23.150,33.379,41.635,38.071,22.256,42.539,41.749,37.761,25.635,28.597,14.493,36.483,37.239,34.120,34.095,36.793
86,29.294,32.397,21.832,28.633,32.011,30.877,24.176,20.212,19.997,21.592,34.930,36.962,20.441,41.417,40.100,14.866,23.759,28.086,36.885,38.324,25.784,31.584,15.610,40.339,26.013,37.457,37.871,21.754,37.915,38.136,31.296,22.068,36.579,32.180,28.871,44.745,36.813,33.659,20.784,27.087,38.673,36.690,15.282,34.409,31.393,39.470,24.105,17.088,23.319,0,28.090,36.851,33.181,41.927,28.624,27.333,41.782,22.801,36.416,42.933,20.270,32.304,34.384,18.720,34.161,21.915,42.910,33.477,10.817,36.228,41.674,34.570,36.222,42.141,31.171,26.236,38.616,12.499,34.213,41.404,27.992,20.619,11.987,27.582,32.394,40.368,36.830,39.039,33.749,38.855,35.812,30.174,29.826,32.446,19.123,20.879,30.127,13.843,20.903,29.536
65,15.954,18.328,35.678,41.002,42.261,35.900,39.226,33.588,34.294,14.286,39.209,44.119,26.013,40.143,33.059,28.898,41.067,45.102,42.342,26.568,31.891,18.961,32.421,31.728,23.452,29.038,33.493,18.052,38.305,37.053,38.453,24.862,37.615,25.923,36.305,35.391,38.407,40.089,39.103,32.954,34.207,15.677,39.052,26.576,23.995,29.119,22.561,21.718,40.819,28.090,0,14.634,26.132,40.232,17.186,39.034,37.927,32.617,20.399,31.440,22.842,31.347,37.989,32.492,28.909,28.986,36.881,38.672,22.655,45.370,39.012,29.675,38.812,28.732,34.798,10.408,43.421,35.331,25.839,31.990,31.892,30.517,25.842,22.585,37.324,31.069,22.737,22.774,45.684,22.724,15.808,32.449,26.989,41.257,36.370,10.484,29.688,21.793,19.426,15.210
75,15.500,23.434,39.312,39.469,42.077,35.416,42.720,35.714,36.593,25.830,33.346,40.946,29.319,31.702,26.045,34.325,41.628,45.227,37.330,22.574,36.842,16.059,38.699,24.973,29.722,22.389,26.404,24.885,32.460,34.942,38.996,32.813,31.358,26.794,38.228,24.300,32.668,39.296,41.654,33.097,28.997,10.869,43.496,19.702,25.151,18.139,29.361,31.046,43.471,36.851,14.634,0,20.632,33.244,19.338,38.847,28.485,34.847,14.340,19.892,28.555,29.556,33.568,39.339,29.833,34.557,29.954,36.642,32.896,41.270,29.879,30.106,34.977,18.191,31.704,18.528,39.115,41.044,25.773,25.520,35.759,34.724,35.900,24.331,36.935,23.886,14.432,18.353,42.822,10.237,11.897,30.013,29.743,37.821,39.822,22.261,27.839,30.314,23.386,19.436
31,11.506,37.193,36.538,24.350,40.744,29.329,43.194,21.093,26.337,35.210,20.682,40.452,17.977,29.009,28.971,23.584,31.475,37.366,29.518,36.060,43.565,11.471,38.865,33.565,39.698,27.163,19.615,30.526,31.907,41.932,42.469,40.422,15.377,35.662,39.222,28.454,19.422,42.615,35.485,31.648,29.602,27.749,33.933,11.066,29.925,16.052,32.263,33.570,40.206,33.181,26.132,20.632,0,36.230,21.714,29.139,23.714,21.417,18.934,15.001,23.334,20.500,27.339,41.709,36.247,37.754,37.572,37.850,33.466,34.439,23.869,41.425,34.015,25.891,13.358,29.101,38.482,36.407,37.990,36.550,42.630,30.545,35.925,17.413,34.226,31.328,21.941,33.376,34.622,14.470,28.689,16.611,38.070,27.573,32.786,26.092,23.418,25.103,22.269,26.918
99,39.794,35.775,34.788,34.552,24.804,34.742,28.942,40.282,37.189,39.430,25.302,13.502,41.512,11.526,22.639,43.229,31.618,29.223,22.789,21.088,29.987,38.356,34.881,17.438,32.692,23.459,28.474,35.982,15.685,19.138,21.758,35.377,32.118,29.607,30.093,15.380,31.212,17.277,32.526,28.025,26.454,31.838,39.806,32.184,35.054,25.446,40.779,40.866,29.761,41.927,40.232,33.244,36.230,0,39.153,33.151,19.214,41.898,35.388,30.287,42.301,38.206,24.841,35.618,33.280,34.866,9.367,18.547,42.350,19.395,20.386,23.055,20.066,23.000,37.091,37.247,13.088,36.846,25.004,14.479,28.761,37.582,43.648,41.827,32.092,19.450,27.949,27.424,23.787,30.376,30.794,36.434,29.207,26.831,35.975,43.036,32.668,44.677,35.825,38.686
29,16.221,32.477,27.196,36.423,45.913,41.699,41.264,27.943,24.570,24.268,33.319,43.270,17.609,37.975,39.161,28.294,34.906,43.254,42.319,33.415,34.754,22.820,30.085,27.890,27.225,20.384,36.139,13.956,30.727,43.362,36.154,33.664,28.659,20.813,43.655,31.901,37.638,39.740,32.484,22.971,41.046,26.881,36.588,16.550,35.914,23.003,34.740,31.972,42.006,28.624,17.186,19.338,21.714,39.153,0,40.722,37.025,33.093,28.613,30.838,29.468,36.249,26.987,38.574,40.817,23.819,39.433,32.916,21.861,42.616,31.297,35.132,42.949,33.835,31.044,13.245,44.346,36.634,27.332,33.613,39.342,37.147,33.243,28.426,44.248,37.490,15.531,33.083,39.296,23.233,18.431,19.886,37.403,31.837,39.032,21.289,15.306,18.782,8.927,29.200
83,32.872,38.342,36.139,14.771,19.242,10.852,26.844,21.505,28.708,38.088,21.519,27.738,30.005,27.385,25.630,21.424,21.321,16.258,14.610,37.761,37.146,29.574,33.055,41.661,40.520,40.631,20.480,39.072,35.787,31.497,36.353,34.009,28.554,44.009,19.919,38.160,16.754,33.249,28.311,36.083,22.087,37.599,19.300,34.289,25.914,34.875,26.442,27.414,19.850,27.333,39.034,38.847,29.139,33.151,40.722,0,25.531,15.905,31.098,32.125,22.287,17.686,34.073,27.629,27.821,39.757,35.482,35.953,35.356,20.336,33.283,38.724,18.620,32.678,19.841,40.827,24.730,19.932,42.259,39.830,31.564,14.365,27.742,24.677,14.196,30.208,40.265,37.471,25.409,34.526,42.699,32.522,29.930,27.980,10.363,33.533,37.647,32.229,34.670,31.236
