0,0,32.61519697354405,25.10841901291394,16.34743759140238,40.55738285690425,14.00982790784346,27.19211399156351,21.55294511835941,23.37460984424745,35.27081197708139,36.33566272145797,21.56496886843599,26.0788393661291,28.34143354868787,16.30136687431174,39.03664930337833,32.48853026470398,34.16586388066878,41.09771152010668,27.4376247005836,28.93013236468664,31.12492777500859,42.40147793465074,31.61448640342337,30.14070114454411,41.47350672684576,29.56235980634123,31.24601454317132,25.52015582167662,16.22149422798316,32.99871916902269,11.50565159240169,19.53603247066459,27.10223487487346,32.36212889153763,15.74721274578611,18.44123157655168,21.39123740097595,22.14028049682216,42.42705022464713,36.27610338089995,17.30092599914514,24.69900203219559,30.98636130395122,35.2894112220009,34.64117197326695,39.33491302849066,18.87192456023536,22.64898812885058,36.03552795319811,36.95204085927573,42.23772171510011,35.89797325068005,38.26657999374628,21.10096141082295,33.43380643992503,37.17416182577294,26.38450723361118,34.33451094325648,19.67555067204761,26.8871462313396,31.50912200967041,40.49165863530724,41.33755311255732,22.06907952046883,15.95385880623837,31.92150500590441,28.46318624433474,21.69630876894908,39.69215839030871,7.371821546698071,23.28324594442502,22.29212812692596,35.68690631583664,33.4740547720763,15.499669674419,32.59996574321804,35.13272687909807,24.19551751040717,35.40224605924483,42.53413751220211,43.7948403668945,34.16854237770853,32.87199093409136,30.83569575310281,34.12168454685973,29.2935365246763,29.50773720236689,38.17080581423382,30.0948943380254,38.39751329322488,43.34756070031639,40.02939652520641,34.11237827430791,25.15164765072489,15.98486007637574,27.64911896989053,34.41403910484811,36.18156736870861,39.79438593272267
89,32.61519697354405,0,27.13667276377672,40.54785964857747,30.40352119757926,38.56550786656408,43.46455303648922,13.56687684195069,24.03192891647868,38.23998264235333,40.11876093546122,20.83021488533363,36.16602709111947,15.43633787767958,22.61339142725766,17.20931754438584,28.43386750876806,27.73132655645506,39.90899067816205,42.99994312341862,41.65210939360369,38.51582737656089,30.86522384766433,13.65897793436292,46.98880897761015,29.64498413899047,24.38774703292455,36.30184037340145,26.36268838520756,31.90080169378292,37.18978005559385,28.45379340770531,42.61299078777562,18.18383382173104,27.77085737901053,20.13391082972208,31.92324238750341,17.49134296742628,27.14465186335956,36.40957779301026,16.02556752668568,37.76691428443453,33.99180338767187,24.09918117660011,14.6826933261377,40.52514613013393,37.36861140811839,41.74021137084907,37.06583950629537,16.30336249624834,28.60482980747393,26.29860634094599,28.45355243912385,29.12076521460289,33.27393773808188,22.86373594463343,37.64901795073403,42.60898844715807,36.83861327875314,36.74940823566296,39.75697564183628,29.01721234164409,28.36735626232647,38.26839933683883,30.69224793947243,35.39112631723427,21.15350647866196,37.0856505547866,33.96155042408812,24.95367594348271,31.91683609057668,41.82391043845127,43.20251879915426,36.35182209052721,41.98650853047866,24.3004430293995,22.73781586065568,44.67399233235411,39.61456865555068,43.42266738224937,39.60763767651111,27.43655668775445,35.00585692616634,38.16004520881818,17.12046969104969,35.43323607400166,44.74544784878659,26.17657801410214,43.37919477868464,36.5720345705336,38.94801243486226,29.35965040379516,37.2848049280616,13.55476278429775,26.37773945789149,29.63627165667705,30.07666813063611,26.03643135511946,37.53562718201803,15.38011260142133
98,25.10841901291394,27.13667276377672,0,31.84784611916169,27.68050439535309,34.62833008164549,38.05131854775202,20.2499173242384,25.71187778802801,44.24620281319216,27.10933946815625,31.29174829108288,41.44901774861933,15.00255707726609,14.53375850328007,36.49775630318341,12.40527021665658,19.00147358784952,37.2387314468228,26.19210443449377,39.09504587776665,42.00192553591737,29.70566607055196,21.82525776133755,38.05918567905629,42.19034595339383,24.80321216409421,29.61433498156982,20.7200992166765,15.30629848446687,45.08823843282418,23.41752811317645,24.41097547606163,35.64959601200056,20.46913448820155,27.17930505775441,12.67183116416808,16.86908339890863,34.71115167739829,42.00237206001426,32.04649777790551,18.50363741557872,19.34453037946755,39.55288201911151,31.06482571558182,37.72919069121504,40.24915331813593,35.14087227725928,38.62327619961765,19.87919805110972,40.02869256662341,38.11963699237572,36.58797342649947,35.89501789232222,23.83902154700849,35.68652046916134,23.51108719066096,41.32256177097518,21.78903392783262,37.92407657945152,32.70847873606632,41.70366146442546,33.67134187970008,35.64794289963129,11.96832204790783,29.68755893531606,38.25653242829313,16.6382219008687,28.40144474502426,23.41203285491666,29.83608515981784,33.61148583664449,29.89937911143636,25.50962579285228,37.23616020519785,27.83880951537971,13.00863093243594,32.17892674688203,24.63158519923086,34.49128661800537,37.44074582349586,35.59242718136348,40.67523116664938,37.64687396492013,32.52542939925587,30.48231967712098,30.12728159626774,38.30205952821358,39.39043265830699,40.24506742898374,43.48820765450574,33.62720612403614,34.11215162075216,23.88290999017845,35.66189463163421,35.34386910198347,34.31410482306264,28.42552111274826,19.24368294380968,32.66791446536119
27,16.34743759140238,40.54785964857747,31.84784611916169,0,44.1900282060317,17.21625388320281,14.25166887671316,33.3833165318785,24.78609142443922,33.01803874283337,29.77731660740857,34.07448981618838,21.60784663163146,34.69412009733706,29.30039728950423,40.61456774421834,34.21240674434414,40.49086316816359,36.48311381919184,18.44694996639843,23.28665600364222,30.77431411299143,39.50455749081689,41.62765805083919,17.38790676043288,38.07668642794153,38.22299237862754,36.56732947812012,37.36968617606397,21.28888666596574,27.269887657871,26.09197372980809,15.7002175208824,32.68954267164779,31.27559085994864,27.34712053673941,20.07882415155416,29.44228014282856,22.07539402384493,39.26554739602017,37.5336934727092,22.29013292157176,20.47250052947256,34.04106829939716,41.79191965221396,22.96439450930651,30.82679407187835,14.37169442941662,26.81883819824182,41.2656985203031,37.46858657629625,43.20454776955297,40.29511116696162,33.09843071950619,16.60817216630565,31.63087860761748,36.13370333067325,16.1879368297014,29.57311735695713,13.7597517895359,14.3104590078605,33.48559592642928,43.83508665871216,40.9229017790698,32.04396148728527,10.48354269964552,33.76879792314863,31.07437336305617,31.26215808696735,40.51379268867783,18.4779120104908,25.43880609670872,20.88727807781552,37.33579723201534,29.52999159289266,22.26108274726162,39.45782807108731,32.33831308065882,28.0047238781138,28.85924350556824,36.16680404215108,44.03138049259981,26.41526467154068,33.53338848871114,39.19353446706008,25.98385340578609,20.8787540709723,27.91791172417878,27.86234386955841,21.05839046002054,32.47078516843872,40.83172625082005,32.04884999939499,37.73093913587574,32.64434717800101,22.05744697847403,36.01255671524293,31.41816685493973,34.48953657745447,43.0356960702066
39,40.55738285690425,30.40352119757926,27.68050439535309,44.1900282060317,0,41.08364310087866,41.31956105925774,31.22752465267371,41.83037725910038,34.13455608262121,28.49323674270115,36.85770046136768,42.30890750509182,30.29313523967136,31.61444785579525,31.66369076439905,22.24135972312217,10.65559934365941,22.25612503543605,37.57055680110226,34.66715725916242,33.8931108362757,24.21800883355081,22.0313896445569,40.52838082089717,34.05656052647926,16.77264676564146,19.40019572203672,24.23959246601091,39.29599342220695,42.78914543840504,34.62225053889713,37.90110990952437,37.9595468009686,35.47011673643399,38.4683217147939,32.63003150105513,35.31383963318925,44.46294856173214,25.56723236107655,34.24259484551273,32.67168608617895,36.57921952774271,35.14631560683983,21.20157297638202,39.97931091899853,36.0173474085593,39.59738627218976,37.49292242796614,18.8538832718498,27.15989181673822,21.00519606946292,20.69426232510202,36.90385336698922,41.8022500527385,38.6746346467427,17.0728564804386,43.61903543437423,32.21604360244663,45.19872632498149,43.57979711619556,35.73366601931716,10.99099571030753,14.5709834167001,27.17653569103064,45.6836797293298,35.91840155633529,22.7069956049306,28.91609715975441,19.15142043471875,40.61611888183767,33.07840632491725,33.65509334492874,12.20966410648615,27.55338404213864,42.82209722186501,17.11465718947767,24.55452111769624,26.99969920248831,27.39842905398886,26.13330101716528,17.63496712269225,39.01066171937341,25.40919479410717,26.50224683384643,38.7301110992634,33.74885203927467,43.347325653341,34.91646687817612,46.81023327270963,33.34586003410177,23.28749908634416,34.03044754791848,31.47283983761844,32.50590484847136,43.01057367148788,27.84471412269765,36.87562894708288,24.55601070062077,23.78733813500529
21,14.00982790784346,38.56550786656408,34.62833008164549,17.21625388320281,41.08364310087866,0,21.72898331908266,29.61637847790556,32.43699199860503,25.88565648780351,38.05242912309358,24.69205373306519,18.80903893722527,37.82195636422458,26.34838658077186,40.65346570535816,39.05730436509908,37.39354981659991,36.89695825420501,30.38862478560622,19.1089923925773,20.55891389143155,45.10399886088098,36.96831431463434,24.98520407064768,39.36147624873534,30.260125212835,27.93131247214306,29.61783553426476,28.4262367130602,26.43286267023736,17.41279609993134,22.52885159464127,28.26064620621892,40.79450771815092,22.75701178331722,27.10887635207967,32.27327055432252,25.55199694874923,37.0196966636635,40.75566129842869,22.28658405355583,32.29443109331105,27.52676656527414,36.28994872335119,33.40790943584058,37.03156529860394,8.95981782044424,11.56062144261073,41.75468813081192,31.93737694552297,40.08420991572907,31.44852169453963,40.39736361836088,29.4795998769794,35.9177644343238,38.60844015639231,18.31213362351088,39.91412809642204,15.93350260818244,29.34847570147948,25.47890137706114,38.55675794279769,37.33394097973716,29.3778792714161,22.58532610379099,30.86396655544807,31.85294172703928,19.21185815101366,44.05505631884565,9.821530419425157,14.95276398884215,17.70442828380476,35.13771071416194,25.76380542064013,24.33070748179334,38.90843326359148,31.23795141782662,23.04395671036217,30.88824139699379,39.96489376860897,43.06950792889872,30.86262942232833,24.67746245764654,30.76701530964414,38.15690818915222,27.58150073013354,30.91203301671979,34.247544249889,30.02079582423512,31.37880528247091,44.33551008276915,41.44856457237721,41.46324608120488,20.69243211406623,15.19109409781108,23.0140760285405,40.3209852658754,40.7584745017186,41.82686152270907
80,27.19211399156351,43.46455303648922,38.05131854775202,14.25166887671316,41.31956105925774,21.72898331908266,0,39.48853572090062,31.83160808598549,24.56764825598725,25.87110131841255,39.25573283047377,17.60881776759468,39.93617380310666,37.1933273749335,38.30162902990693,36.13061027172899,41.09040182392268,27.05103525932404,20.14332716234627,14.21377637032985,24.47321380632984,35.4698559913762,44.56953882268101,7.040728050479179,31.16382986106168,38.91152534989333,35.08857992779961,41.60865579246317,31.97247691257339,20.19634708883322,33.57023085328628,22.05420254237738,34.45720247143024,35.00497934595942,34.53961798570799,27.38848011574709,37.04638959179096,26.69382974234201,29.66378688361817,37.60006902638504,28.93349382398158,25.94460207212668,31.77477123097249,40.82048584585625,14.91083952292221,21.53142071384543,14.52573412937954,26.38672661802923,42.32971377540198,31.11383527228936,37.30952430266272,36.20977499418753,29.49149679860316,24.91632661049367,30.67898935254631,33.34631337306661,8.332309927495176,30.2658436353512,16.33889755890211,15.6995715734084,29.79359759999026,39.35863201604803,33.97015088867304,38.2407512374493,21.71756610514561,31.9276431517757,32.99223851938105,33.94132111352079,39.03913944800427,26.63273200687794,24.8901659928039,21.35076271584583,34.42953086695726,20.84778414672814,31.04637681150868,42.03276096795467,27.06018864067832,29.56998891565113,20.09633731460262,26.71474940451204,38.29226930493099,18.45794125037283,27.4135053914381,39.48062595086709,24.89715003350916,17.08844856523814,28.42963386015012,16.20343048836382,19.55853988241598,21.353276298551,35.30864042600028,26.33705854876724,40.35185515383498,32.87696627874534,27.38421682519125,35.90483426985293,32.31946649669315,34.40805146429782,40.86584120508324
78,21.55294511835941,13.56687684195069,20.2499173242384,33.3833165318785,31.22752465267371,29.61637847790556,39.48853572090062,0,22.28964104519398,37.63260702090576,38.84056330544409,13.10328077272769,33.71130089480006,15.25199946476179,9.998733039608867,27.26847169109079,26.84438364998349,24.8277684674666,40.79801350086217,37.66213308113866,37.70187637144307,35.42526834642643,35.76022558292804,12.89500301265869,42.59019818080682,36.30663179720178,19.97359608137726,30.4449768675648,17.13433492535904,23.00308361534386,37.53811535512597,16.05224827376522,33.87063160666204,19.69993301561879,28.39784703175897,11.47865644567162,24.36969842836552,12.10848560317578,25.32518210867229,39.57641141837965,25.1462023806965,27.48021032518703,29.80229273372235,26.06429623461283,20.22330491943347,40.63513273889626,40.46053551954793,34.17348449859897,30.29820618493608,20.90550117129343,31.80787773965365,32.64172834335601,28.87106186731081,34.67002014273654,28.60179224964275,28.40868099960197,35.60106478638825,38.63620542340031,35.4008958139643,31.95288323401882,36.78030733065116,29.52477244358052,30.94920991613778,38.25893172694825,20.3979334684168,29.11868858268824,25.55962186403554,30.33498159045251,24.43815941114503,29.52498143732529,21.87017064122373,33.52914760820949,34.8004908421296,33.28557250124859,38.77022001072077,18.13948760868447,20.55729107425181,40.0905281485305,30.90581196827368,40.79580593693648,41.91156639417123,33.93246849433593,36.93743315102935,34.87549762228799,17.88233596024347,36.29219446348613,39.46963877880774,28.52462830434087,43.36638021119995,36.45694534080251,40.33239850667788,35.70454636804847,40.00446595043766,20.65533080584987,22.26544206258069,23.21534444093133,24.52062585239768,29.95333673310703,35.21535718809525,25.44593376670435
67,23.37460984424745,24.03192891647868,25.71187778802801,24.78609142443922,41.83037725910038,32.43699199860503,31.83160808598549,22.28964104519398,0,40.71258611986533,33.38117256446467,28.81357415418555,29.95567828828517,17.6126118575836,23.95328734613008,27.30814131657171,27.86062234044685,37.61888861854623,41.74861818599652,29.63461207021969,38.03174344636822,40.74967989104874,31.98094247602582,31.3362070028652,35.90907975362563,32.38104557827116,36.79362070732567,43.13717493481622,35.84978605942266,18.43053792628862,32.40228395645433,28.68922831612394,31.35071528310166,23.47941685950454,16.75778292476808,19.79160028729656,21.51255919493141,12.64812757723726,14.41139321828753,41.60122985705858,19.86363288757146,31.9775115182093,18.64404250586435,30.69287292904022,33.15592831858298,28.39763915182633,31.56794693547714,33.90903825869771,37.64531937036941,28.7459808486898,36.94337833931736,38.27281619393349,40.75882391583824,22.85053971039182,12.927984658781,18.25753604081865,38.64772055601174,32.57486476672297,27.15053081741067,24.76375563444691,21.58334469774231,34.22899045448296,41.70692410293231,45.16764980196852,32.33687145857886,15.80836601407733,26.16085178478301,36.14472050228041,38.37841275817165,30.60243172407852,25.77863829385932,40.49512400183249,37.89373045501282,41.28289392125909,41.71652040044007,11.89717515211176,31.68558329134922,43.91413806869861,38.99047968724131,40.17516538142547,38.90773299379352,38.2410990294263,28.13517352383876,42.69884855717576,33.12550744975174,21.11678826011606,35.81169876305536,18.36172513187823,36.42557411653292,21.42861231276349,38.63040837875869,33.66521746727948,29.48489004420098,18.21440913774824,33.94519784619744,24.46715623186529,39.47714667225248,15.64535181244252,34.1780870936032,30.79440706466144
60,35.27081197708139,38.23998264235333,44.24620281319216,33.01803874283337,34.13455608262121,25.88565648780351,24.56764825598725,37.63260702090576,40.71258611986533,0,36.99672216522823,32.89350897852324,17.0223526557505,43.06984730522835,39.50474382211662,30.78934813183341,41.91005516823135,37.60491455763945,23.14960010953872,38.87711109263557,13.66995644014091,7.392810433447124,37.57971033625546,38.32508464994449,27.68578370490535,23.59561724502445,30.21357877946169,27.99648749051188,37.40789722132567,44.24788333702099,16.14042361665959,34.22620114148906,37.87788958443723,27.56034154903796,44.98677600929086,34.24365214369301,39.45139574910748,41.79399544919501,31.97177925870832,16.34487150576375,36.18403013976759,38.10257045637577,41.18677334976839,18.36704586983711,28.81657962051558,29.74814446699757,25.60291056507395,23.80269508480028,18.48676956512798,39.7742882111714,12.98412780839467,23.43764864953486,18.73406186819124,33.61401624633709,40.70221745256214,31.39560709300375,36.82748964518657,20.69387469577825,43.06145848275429,25.71693413231635,35.72338615674325,13.51941321808138,26.27597476480326,24.97128876713165,41.47052158597523,37.32393105749477,22.81567261451988,38.7645550185811,29.25977266068964,39.28572194260875,30.45248991112046,24.78268045332689,29.47035389842947,32.37930726162268,17.08238551192033,36.93535413954701,41.41260481518515,29.73255028557218,32.67973413982389,25.27786615980244,27.23950187907456,28.52519788301094,21.24579290227336,14.19630932559295,26.56703000407771,38.66689190584953,32.39421357447962,29.78249001279764,25.43498618121517,30.84311997411109,11.49074196010148,32.8989354091141,35.51449845365848,41.43992096562569,20.13963774551895,27.54042313641617,22.93587614417171,39.9317150791588,42.91258564604107,32.09163212042255
26,36.33566272145797,40.11876093546122,27.10933946815625,29.77731660740857,28.49323674270115,38.05242912309358,25.87110131841255,38.84056330544409,33.38117256446467,36.99672216522823,0,45.74597322198313,37.19638174746024,31.5321472443366,35.87228484037866,36.81793732487714,18.1978201545176,28.96026186726803,20.39230922925793,15.08423545169999,29.68852964356813,37.77279189834888,18.05457104900438,38.41253339679176,22.8902118940473,33.2699096318522,35.39791635560282,33.10524848542303,38.43607186326889,30.08476926778372,37.54763879260349,38.86458542760697,24.20174927181444,42.38190903652126,23.33364745880288,41.21650937093332,21.91889768346115,34.29825729248273,38.14133379755499,29.80390745052478,34.29338906390716,27.86406243966056,18.75973049688225,41.20135422418187,38.01278284114279,20.52315463829914,23.51804769440283,32.34026698128959,41.09411661293258,29.74285117927015,35.7256769153468,33.57608190293574,37.56164539674919,26.83953060780585,26.04879631777021,33.90679933635705,14.21930459089059,32.74822119891078,10.93112936722186,36.33536779806798,23.17839204396704,41.39862925609441,32.75596188989809,26.54188661567881,32.188272843435,32.42117365436583,39.32577820845161,21.24823954846914,38.16246925704899,21.84276397099604,39.06118120044147,34.00995422644308,27.71580331647296,22.4277354355403,25.98028648807507,38.6985825606334,28.78591005748926,21.29241257505123,28.45859834037925,16.81803288739898,17.10101409826331,29.28366649754267,29.36611614791025,33.05503195375039,41.56282025029603,18.48298160204407,15.60967839372232,38.22824399797089,18.14825868666102,33.34113435391814,30.18984665227561,22.69176668461827,15.03193230060657,32.38124323128653,42.06534501575404,42.05145608257861,41.56340851872871,25.71146452498481,11.93607040667816,34.88083653485807
81,21.56496886843599,20.83021488533363,31.29174829108288,34.07448981618838,36.85770046136768,24.69205373306519,39.25573283047377,13.10328077272769,28.81357415418555,32.89350897852324,45.74597322198313,0,28.9345557858672,27.56060920865963,18.1750630625513,30.29430862208555,37.41547471485421,32.18692939432723,43.32323995230733,43.23864418034599,35.05485724802848,29.7500977895462,43.7226608537019,20.96548627669562,43.38788784687331,37.27837078612974,22.19356680090551,30.83893540175344,20.91082530723509,30.83839331026204,33.62634573348957,15.00106835340082,37.59346828167366,15.6825321656209,38.71009455340928,9.780304017874871,32.15300466415923,22.82660599511293,24.78207470909993,39.67391920190532,31.09243149952724,31.74770269061903,37.81486412320369,20.60353236926001,22.33506378916388,43.57136130164399,42.87885175808893,31.4186081380022,22.695441765279,31.17407597555368,29.42043522485943,34.20934710047806,26.51807562352081,39.58962424926317,34.90026375474908,31.25724118092586,42.66639818104348,35.80643584563335,44.44234876494465,28.73805182140456,40.51749959347001,23.0206636217388,33.21999444540322,40.42841354110436,27.61837624569063,31.43971313572102,23.09520618179866,37.07074418835808,21.88901694794966,38.94847255640053,17.7238355544279,30.87533220767093,35.14275168397948,38.17130349115072,38.11576728143302,19.89192911155079,31.04774107636417,42.68676684459513,32.97901602378818,43.17010209463044,45.76807406270265,38.03766993245578,36.94708124139503,32.12484347464876,14.99561184563552,42.95244494675474,42.93300841452931,28.13238989602263,45.6565640268031,36.9321683706212,38.8594943163496,41.87404056528084,46.12878361263973,30.61229078254393,13.80351502775453,16.57653208191487,18.62496674728552,37.80197957328022,44.35044265982809,30.28704485791509
41,26.0788393661291,36.16602709111947,41.44901774861933,21.60784663163146,42.30890750509182,18.80903893722527,17.60881776759468,33.71130089480006,29.95567828828517,17.0223526557505,37.19638174746024,28.9345557858672,0,38.75336815225632,35.18409083288088,30.53814545901996,41.42022871841529,42.39796082531824,32.27248572079942,33.87185357525143,17.09317840749347,17.59608895518535,39.49083521369705,39.80944861298256,24.01387069492392,25.31129228978618,35.51706699315768,35.71978995428879,39.14307558267495,35.91371465434501,8.000694412501858,29.92467378681774,32.7332112070468,21.47463221932666,39.03344338682337,26.1807250538604,33.8143965673552,34.66199201274659,18.27812435048407,28.02278976040815,32.22046889080826,35.12671970849409,34.0443577397131,17.7654210308742,33.31934854543917,24.12387296659625,24.63246389901762,18.40509465467121,18.46377947221579,41.1498311909779,22.72386930439605,32.22169258800198,29.62595318972893,29.11025939898679,30.19956082374479,24.27244161957511,41.24697716933223,10.73368530512587,39.92025568365926,9.950679211455441,25.43805052579842,15.54509422885501,36.62840555948168,36.49932530628973,40.44424805332189,23.99496576711552,19.38037501899187,40.28501681428802,31.60463729901239,41.30266198102273,21.38242197360623,27.16583428798413,29.25207574610782,39.39216106809752,25.80656614963273,25.15144099867603,43.0315999405507,36.07886321226927,34.91673528070636,30.49887048199777,33.03045691102844,36.33349560876695,15.71091448281321,25.91391727893874,29.69750756853583,32.08924138254235,31.39279121792547,18.57685312071943,26.56569342783857,17.59325979302074,19.51934459432237,36.65638635638728,33.72073843847222,37.60207405590936,21.55808743341917,16.00551666898392,28.54587501161452,33.55415018611819,43.53536631271886,35.05416653845204
44,28.34143354868787,15.43633787767958,15.00255707726609,34.69412009733706,30.29313523967136,37.82195636422458,39.93617380310666,15.25199946476179,17.6126118575836,43.06984730522835,31.5321472443366,27.56060920865963,38.75336815225632,0,17.69215360106256,25.6226928205728,17.28964252508195,24.73842766668541,38.97622259233035,32.91544857752974,41.62634082247273,42.60778026112774,26.27124745288821,18.11961592523863,42.08602949093238,34.64981412026631,27.24172220202973,36.31934570300545,26.03547667957132,20.38358243654202,40.84016401447641,27.16271559954119,33.74815131190066,27.16255113958958,15.37604738222627,22.5416763453867,20.66360786204687,8.90077656861844,27.79998555028349,40.02306955089242,19.53076638176062,29.79011534121349,22.10123112014402,33.1810365503573,24.90925184935094,36.16552707682591,36.41369359517198,39.42518243189527,40.27410113448989,13.9897673541295,35.8834815964733,33.04887818446781,35.44600205013019,27.71836230067318,23.30348537359649,25.44021987797928,30.77834175783907,41.6776703626789,25.14213671604026,36.21100492360649,32.48144696415476,37.06991429624232,32.96344908421833,38.79741053659939,23.55195110957677,29.03808792516061,29.75678328037584,28.78051018065808,34.36420582405442,19.92623316134368,31.12962199694417,40.42585495584637,38.47017468341254,32.76966911849112,41.3531646413705,22.38912451623629,16.62024682107052,40.34059018110912,34.89688835215633,39.55689204016097,37.44796907999596,31.24994044158798,35.96892868876333,40.6313026759007,27.6312275727654,27.39255996889731,37.45727166384609,29.43290086598008,40.12567984933514,35.03399197102672,41.59384315292669,28.72828038329398,31.58158150178949,10.09944970691311,33.58540996047982,32.37731972813167,35.61088125731724,19.66267642347371,26.89300847268078,23.45875516985528
43,16.30136687431174,22.61339142725766,14.53375850328007,29.30039728950423,31.61444785579525,26.34838658077186,37.1933273749335,9.998733039608867,23.95328734613008,39.50474382211662,35.87228484037866,18.1750630625513,35.18409083288088,17.69215360106256,0,34.53580792912778,24.29826939254884,23.14603659041197,40.6107616082684,32.27208463753648,36.19338124442719,36.06797090150173,37.28159475383816,17.94852611547374,39.14439075160929,41.30128535726552,20.50698553185268,27.54562843312204,14.11696565020523,16.5504714667442,40.22297883445781,11.06634440413314,26.49766718261954,26.83695467670633,28.14364399071703,15.18659742353419,17.97408391218571,13.66446821464246,28.35519107530946,42.03534986664581,31.62601027264101,18.90801176310474,25.93146782889904,31.90551344752198,26.90831115917276,40.27873295029113,42.22333790253595,30.39081956837823,29.62714929037085,24.29464340853159,36.15682493678283,37.49700161862043,32.04370424324581,38.14966359567852,25.77700943255966,33.69891512747945,32.30279133740627,37.53219849830329,32.32147858603789,31.70400819774765,34.65252083381075,34.08923594257007,33.64177820155435,37.97675988776658,12.13424861023323,26.57602123837951,32.10721498319398,23.85046451562611,20.58479464594302,31.23868036999433,19.26571842216838,28.98798918398159,28.7213800662044,30.33265260894357,36.86271417623401,19.70177834109293,19.57132776572558,35.79310515107807,24.34996244449482,38.00229781016412,42.21236503177792,37.85726335397112,39.29426587438204,34.2893016946726,24.45569272460026,35.94710758005625,34.40898555758747,33.32576312307015,42.53303677470966,37.99046915490243,42.1015335398365,38.65183219711498,40.34983655387096,25.88838387286506,25.6080917902462,24.76688049829864,25.56428071807134,32.39036904973828,31.207516507472,32.18437358502636
72,39.03664930337833,17.20931754438584,36.49775630318341,40.61456774421834,31.66369076439905,40.65346570535816,38.30162902990693,27.26847169109079,27.30814131657171,30.78934813183341,36.81793732487714,30.29430862208555,30.53814545901996,25.6226928205728,34.53580792912778,0,32.47570349290313,34.08980764397354,32.3793296018328,42.58113829775061,36.85126862570746,34.31584967162217,24.62949005386537,26.39682880503174,42.28240108206359,13.986984136942,31.11377624051262,39.5497838075653,37.165025619429,39.43319707802194,27.81698080855811,37.57171014076751,45.48592674190968,18.58653901404828,29.56561424453471,28.8968036618249,37.12568153853357,28.05092963332185,26.08451531004572,25.86693511593727,9.566449884073858,43.8957093024005,35.72475384931919,19.00418260900876,17.18253032817783,32.03099866907198,25.32421927562975,41.26804938291014,37.69941359694987,22.5160858501049,19.89029532474762,16.95176963637422,26.67476428974927,18.10883416825649,35.06966792350983,13.57820215850216,37.6822985316875,37.29226454464199,36.34226099313522,34.27855408046163,36.16091052642721,23.50422587091777,26.2456187387374,34.34341435861474,40.74196858962836,36.88058845620655,13.46119074256382,41.78168100623254,40.17676299636614,24.03088077917531,37.01601732024096,43.55390228730106,44.78207055954272,37.50649459467547,37.56463824015677,29.95355124547338,31.4646908453341,43.39124790144951,43.82346661351311,38.65730637983068,30.32048618793408,19.11276720887588,23.92554646929042,35.48212932728321,21.8244704166856,30.23168788890762,42.9098189210287,19.98361236822118,34.41335662876865,29.45696238059731,28.16797412894279,19.91689353041777,28.82392340130947,17.92035455626506,28.50888324508205,31.99444549682132,33.91161143891759,22.06943760493385,38.91066165792333,9.367074659528257
73,32.48853026470398,28.43386750876806,12.40527021665658,34.21240674434414,22.24135972312217,39.05730436509908,36.13061027172899,26.84438364998349,27.86062234044685,41.91005516823135,18.1978201545176,37.41547471485421,41.42022871841529,17.28964252508195,24.29826939254884,32.47570349290313,0,17.84917463696569,29.43343622208668,23.93030710916764,37.43265461986101,41.44317740241879,18.54314821862241,24.78721896860783,35.35678439301249,36.19149203074011,26.8183384734053,30.39749512151498,27.37973640134302,22.97118127912394,43.06139299960824,31.64761653587162,27.31534447597385,37.44543717075725,16.43827144189184,33.49509023182721,16.8798094811626,22.71522255569335,36.62222870574097,35.45955952496163,28.50498525921888,24.62041095654547,18.27447085972245,39.37954223946731,29.85615418876214,32.07625509618163,33.08700274751561,37.21500752744281,41.61661842374451,15.83560042182186,36.56928063333206,32.26487142775819,34.96710153363783,29.40246886987154,25.29930673985859,32.71120725760368,15.44811568616718,40.66825280796078,13.85942560131391,39.66211676802751,30.64219668413919,41.38552016231812,29.09490895423238,29.59766344248519,21.13920616144348,32.95425004816174,37.17335605786873,16.9247752899055,33.57582502694631,13.25634211374866,36.10132693787209,36.15655178160316,31.79830927921629,21.09584108766852,33.85899494064244,33.09728399100587,12.90991401639979,28.46929499572187,27.48477878187644,28.81479771138009,28.12988823826917,27.79674388781338,36.31650355952134,36.08316542831032,34.07261733185248,24.38390779385041,27.08717871727405,37.72481522665317,32.4386790455452,38.4538382197187,38.36043854066826,23.72826511249279,24.91292217723679,21.54216577998746,38.40362257401922,39.79039828543058,37.24649754039881,23.35269879215142,10.04663065617433,28.02504116125094
63,34.16586388066878,27.73132655645506,19.00147358784952,40.49086316816359,10.65559934365941,37.39354981659991,41.09040182392268,24.8277684674666,37.61888861854623,37.60491455763945,28.96026186726803,32.18692939432723,42.39796082531824,24.73842766668541,23.14603659041197,34.08980764397354,17.84917463696569,0,28.59724851579237,34.49914091117041,35.89967653645854,35.71451718671082,27.71154467948488,16.88342203002083,40.44612292876285,38.65017481405054,13.03081838753808,17.79054084706957,15.99726290141176,31.83709435688697,44.61157024386981,27.57283553298581,32.68018723447961,36.60792342246218,32.09008223594542,33.18749010895232,26.15660228340558,28.97364617353589,41.92562462627176,32.60727967493443,34.50475565249234,25.45478210895125,32.22456953514691,36.2267510728495,22.48014047590771,41.30016020631686,39.69676790234872,37.18911024780932,35.84819595316898,16.77732516552151,31.76446171642038,27.77230436461972,24.39184861434585,38.77033698508055,37.2826515297812,39.13083275868495,17.53662148493298,43.45507097007189,29.99962988043766,43.17010766275951,41.69150025941752,37.31678637983447,18.54326312429593,21.97378622717589,17.35148068299042,41.25678015568615,36.95630179927005,16.57510423247709,23.89277282661008,20.6100900238945,35.4573397961266,30.47018432702319,30.29492142961982,13.21062369547716,30.29200428867084,37.82098119926565,9.314421318014379,25.46625059018356,22.02895848749578,29.96628707087123,31.91238696939176,25.23978207024141,41.30795185294628,27.98047986061355,25.78261594451985,38.19187832103262,32.44563906678106,42.78648787537453,38.18980169825932,46.40717421673387,38.07190341756534,28.69971739845492,36.37909327986882,29.21392598051948,31.20905951595208,39.61148360533379,26.21272109607992,35.95332884306189,22.09209085740789,26.83096374834192
52,41.09771152010668,39.90899067816205,37.2387314468228,36.48311381919184,22.25612503543605,36.89695825420501,27.05103525932404,40.79801350086217,41.74861818599652,23.14960010953872,20.39230922925793,43.32323995230733,32.27248572079942,38.97622259233035,40.6107616082684,32.3793296018328,29.43343622208668,28.59724851579237,0,30.12883465885185,21.56718218701247,25.71622878616003,22.22898439006511,37.38295142145559,25.44788871191936,25.20382723928449,30.12643064350449,26.0483065045148,37.77685292701569,42.00573222425065,30.61461572021573,40.20640998765661,34.12020139619554,38.81682317726083,36.72413700278241,42.53909377473263,34.09482389134138,41.63526523138671,40.50632454501668,12.23473303451298,35.43776754018649,35.1082593573903,34.10841351481637,32.87558903879363,30.91732855531703,25.05707205346023,20.57200072481252,31.43328517570346,34.06613852687843,31.94919903844085,22.19562515024103,21.00407750520903,24.43618088857914,29.46550339883681,38.47294489680824,34.36078013207689,19.32523317212992,30.42719985867532,29.52285559155686,36.79318800512833,33.44917069602587,31.32684189449678,20.5901716070829,11.40151676243369,37.7609706121633,40.81890361425771,33.37925401491457,28.33584086497411,34.48604791126716,26.00270764768485,40.22454211317936,29.83076426454776,28.83490094931494,19.0788787212488,14.49272913272443,43.47064356115393,32.87470626319291,17.79389166639067,29.25730041276712,11.84213068502637,8.425488099351496,19.05616321952876,25.63508921891546,19.84993735150742,34.33627572816763,30.6556710260748,23.31893868938523,38.07052241247043,15.80541999285841,36.18288162569536,16.82184571808698,19.77284286906055,22.92852859666435,37.49371132348999,34.33515667278559,40.92254463948644,32.96172255396634,34.347869585206,26.7278322469374,29.76079537237637
55,27.4376247005836,42.99994312341862,26.19210443449377,18.44694996639843,37.57055680110226,30.38862478560622,20.14332716234627,37.66213308113866,29.63461207021969,38.87711109263557,15.08423545169999,43.23864418034599,33.87185357525143,32.91544857752974,32.27208463753648,42.58113829775061,23.93030710916764,34.49914091117041,30.12883465885185,0,28.12798298770321,37.71850132418688,30.33445776332098,41.62574879086816,17.25539625681551,39.70628396988091,38.25579534768794,35.08826500779015,38.15402967575702,21.86050774502191,36.83472302432399,33.46561881065281,12.31768384911981,41.93341637688627,25.00601177090958,37.11403551850714,15.2720494191675,31.91582151774144,33.76873499685757,37.92922875127692,38.70401511632271,20.44053285845856,13.01023098009081,42.40440848016081,43.26689896704773,21.2345582990976,29.26696367826387,24.77695388722232,37.33057527387084,36.57240148869592,40.79581730065368,42.21788548940347,42.31593321737451,32.02371948449594,18.18363601786796,35.98166045423061,23.82007436764538,27.34970329821295,15.54325418475241,29.44739287521324,15.92515557080402,42.25519420816957,41.03121073671663,35.3265309931545,29.58509374174297,22.65539597765094,41.12082140586777,21.71943622270386,35.47868677843128,32.19121170961945,31.5965395184521,29.72165823998884,21.39889111196126,29.20329707679339,28.36178416610448,32.89574707693607,33.52464894452145,24.49439811354752,25.464650735523,21.55941203917864,28.5093203130393,39.91528828233748,30.97552912611348,35.35563884284096,44.0144536401536,20.11660983475171,10.81697972471125,37.03161187024207,23.04002695074053,29.85344773870941,34.57211082316675,34.36940458513829,23.78159181245984,36.33658790477674,41.29465635198554,36.40869867042326,41.63050287245326,28.82007405406479,19.79819298791492,42.349635155586
92,28.93013236468664,41.65210939360369,39.09504587776665,23.28665600364222,34.66715725916242,19.1089923925773,14.21377637032985,37.70187637144307,38.03174344636822,13.66995644014091,29.68852964356813,35.05485724802848,17.09317840749347,41.62634082247273,36.19338124442719,36.85126862570746,37.43265461986101,35.89967653645854,21.56718218701247,28.12798298770321,0,11.85332324128468,36.71001239858551,40.15360470137231,15.56941295026872,29.92222393733415,31.11995576573034,25.31305738452703,35.81489549051497,37.1467474900869,19.7279824747128,30.54545593476061,26.41256997167284,32.4506210748236,41.03537572317905,33.98510679931407,31.5960859962439,39.57040484537045,31.35329520559989,22.24656165029718,39.23380518809296,28.91735411944056,33.63503228454805,26.52281489326477,34.66437939443352,24.27483513632515,25.11459786035139,12.99073832331787,17.41315551597008,40.50813102492008,22.96672721455609,30.80706656069028,25.63158604818101,34.25269369317408,33.86925405520102,33.94483512511484,31.27398344671064,13.17342316322488,36.22304160710226,21.29955823843621,27.88688132423161,22.77982550060767,30.74574024746711,25.07723979800435,36.03723950641709,30.5172197690422,29.55196676063045,31.16739410508867,25.94990410665476,38.76066055026296,26.02841954982702,16.40355796632618,18.01961704390519,28.3200065155276,10.15096371041376,34.72370750639816,39.56099863865541,21.28668982140443,24.35421530978777,16.81569280799312,25.44888135455818,33.29774821148909,21.95100651647647,14.36544772568183,32.47425140477414,33.72734951120292,20.61927291669376,31.99510443269221,19.63583866835784,28.43142805417884,15.67480745909078,34.59444108867935,32.06146823397432,42.21793755168738,24.81627950579592,26.8964875639176,25.72180958331636,38.32637371384123,36.29350868653037,37.58162526262262
70,31.12492777500859,38.51582737656089,42.00192553591737,30.77431411299143,33.8931108362757,20.55891389143155,24.47321380632984,35.42526834642643,40.74967989104874,7.392810433447124,37.77279189834888,29.7500977895462,17.59608895518535,42.60778026112774,36.06797090150173,34.31584967162217,41.44317740241879,35.71451718671082,25.71622878616003,37.71850132418688,11.85332324128468,0,40.40185148240937,36.83121610177893,27.17962642695787,29.26614869764496,27.27225582583115,23.70988152375356,33.27279091995144,41.69910333215552,19.8953266909866,29.32905808072694,34.45508724716886,27.97065275902864,45.70731457721938,31.75768511004674,37.19941444787109,40.52426349926935,32.26440039187773,21.46604432567512,38.88747896027307,33.73529150620395,40.5703893887955,20.03030203484119,29.40236067999168,32.5367084453917,30.33794893050322,19.42536492899349,12.01343917233538,40.16966742180199,17.1527465587112,27.22052154977981,18.32353117820321,37.51497252950184,40.02309558085,34.53454115517434,36.29268344995736,20.36467962556091,43.47106009158213,24.63474632577529,36.27161005633343,15.08379724146962,27.10149337996768,25.50596947563609,37.48849186076067,35.90045867849442,25.46939349819847,35.8382984801364,23.29091723886179,40.86321199639904,26.06294108296251,18.55370291688065,24.74037822260422,30.74198391116174,15.84036624946525,35.41573832008946,40.03218739907977,27.58729205516719,27.84596956437514,25.34579577293493,30.8095989880303,31.96873022669127,25.58871984369422,10.85199306393369,25.56477047392642,40.68368322903499,30.87686302781385,32.01319392525187,28.44827434767411,33.06675043018056,17.44353673106739,36.61919300878827,38.71886262603941,42.67679425135845,16.83313029986882,24.91125930716668,18.12699032549829,42.13789739970475,42.46714812106961,34.74213558648215
