,\string10,\string24,\string185,\string51,\string26,\string56,\string34,\string27,\string170,\string162,\string17,\string199,\string132,\string147,\string115,\string140,\string103,\string113,\string164,\string37,\string168,\string165,\string58,\string53,\string81,\string127,\string29,\string23,\string49,\string191,\string166,\string188,\string189,\string182,\string76,\string177,\string95,\string28,\string108,\string111,\string87,\string65,\string80,\string161,\string21,\string126,\string131,\string11,\string88,\string82,\string112,\string32,\string102,\string64,\string173,\string183,\string178,\string36,\string4,\string138,\string198,\string156,\string42,\string19,\string146,\string50,\string0,\string118,\string110,\string99,\string96,\string139,\string155,\string136,\string104,\string128,\string46,\string69,\string89,\string83,\string41,\string122,\string167,\string9,\string130,\string144,\string91,\string67,\string150,\string141,\string86,\string169,\string16,\string157,\string116,\string7,\string175,\string15,\string14,\string129,\string119,\string3,\string54,\string190,\string59,\string109,\string160,\string61,\string123,\string158,\string153,\string31,\string44,\string72,\string22,\string78,\string105,\string149,\string84,\string60,\string121,\string90,\string125,\string145,\string186,\string74,\string97,\string40,\string134,\string8,\string98,\string107,\string71,\string47,\string57,\string143,\string68,\string151,\string174,\string152,\string124,\string70,\string55,\string171,\string2,\string33,\string93,\string92,\string197,\string172,\string154,\string20,\string159,\string75,\string39,\string30,\string195,\string106,\string52,\string43,\string1,\string12,\string120,\string135,\string114,\string48,\string148,\string94,\string73,\string184,\string137,\string181,\string85,\string18,\string13,\string192,\string187,\string45,\string101,\string25,\string100,\string79,\string66,\string142,\string133,\string193,\string63,\string35,\string176,\string194,\string179,\string77,\string117,\string180,\string196,\string5,\string38,\string62,\string163,\string6
\string10,0,6.055,15.407,13.699,20.044,22.815,18.394,17.976,20.417,18.612,15.804,15.732,20.509,26.459,19.041,24.892,20.025,27.319,20.045,20.502,25.519,18.551,24.037,23.187,28.319,26.997,22.695,23.753,24.284,18.311,24.512,20.875,25.259,28.249,20.845,28.504,23.427,22.384,21.489,21.789,29.325,24.084,23.384,27.894,24.538,31.543,26.293,30.258,30.982,30.433,24.009,34.234,31.946,31.135,33.396,23.836,26.033,31.540,32.594,24.967,24.722,27.803,23.921,32.566,21.763,24.288,32.749,33.214,29.846,29.197,29.290,29.851,35.198,31.752,23.293,31.348,35.313,26.114,30.168,26.811,27.429,35.288,28.970,23.571,29.934,27.843,31.900,29.855,33.416,28.834,34.000,33.104,31.195,31.396,32.731,32.197,36.493,36.456,27.073,26.252,37.432,27.884,29.618,37.080,35.016,32.080,27.710,32.035,37.206,36.455,36.685,37.929,35.535,36.594,32.000,33.767,32.624,30.121,33.957,33.055,39.315,33.563,31.607,32.965,29.201,30.666,29.262,30.508,30.310,35.480,37.610,28.283,39.548,39.499,29.497,29.216,29.043,29.904,32.021,33.063,41.001,35.832,38.712,29.942,38.692,40.489,36.507,31.086,35.154,34.818,36.021,39.079,41.649,33.840,34.326,35.896,38.327,30.796,37.453,41.373,36.009,33.259,43.252,41.078,33.742,33.879,39.481,40.872,35.682,44.969,35.864,44.272,34.359,37.933,42.150,44.952,44.818,42.435,39.295,45.474,45.978,39.590,39.893,46.155,38.169,42.144,37.256,43.880,38.552,40.328,44.295,47.181,48.607,48.141,50.173,43.652,45.281,46.341,46.423,47.070
\string24,6.055,0,19.878,16.631,19.993,25.605,17.313,15.585,25.551,24.338,17.948,19.046,22.648,29.989,18.650,26.259,22.779,28.599,19.290,24.457,25.798,21.399,25.260,22.932,29.445,26.266,19.684,21.565,24.124,18.146,21.088,22.110,25.178,28.440,17.879,30.998,24.696,24.170,22.767,25.251,33.492,19.884,22.657,32.823,27.086,34.239,23.218,31.647,31.942,30.206,23.030,35.377,33.121,34.976,33.481,26.320,31.103,34.885,37.616,23.624,24.218,32.702,27.804,32.383,24.334,23.442,32.138,35.164,27.532,30.703,27.365,34.514,37.080,34.286,20.012,32.830,38.236,28.410,27.392,27.888,31.501,36.062,25.500,19.718,32.575,24.346,29.932,31.969,33.445,31.625,33.054,34.433,29.255,30.138,37.146,30.747,40.896,37.914,28.838,25.501,37.210,30.829,33.126,41.543,39.091,35.373,30.426,31.029,39.480,37.763,39.296,39.352,37.553,38.943,31.059,36.310,32.105,30.227,39.254,37.297,40.729,37.588,27.055,33.294,27.510,26.291,30.235,28.705,34.147,34.240,38.097,25.163,41.313,40.848,30.426,26.098,24.871,29.141,34.438,29.098,42.329,35.530,38.523,28.455,39.827,40.545,38.317,33.744,33.603,33.360,38.940,42.122,42.612,35.626,32.426,33.165,39.321,28.283,42.002,42.681,36.802,33.261,44.011,44.769,35.210,34.407,43.230,40.029,34.674,47.459,38.845,44.039,37.080,41.598,46.396,46.188,44.941,48.196,36.309,46.044,49.704,37.831,43.037,49.605,38.360,39.914,34.947,46.775,39.764,40.407,45.732,52.085,46.937,49.190,51.137,39.247,50.288,48.333,44.386,46.486
\string185,15.407,19.878,0,20.592,19.200,19.151,18.151,21.978,7.327,16.557,24.899,18.989,13.553,17.467,30.150,18.858,15.694,24.196,27.192,22.610,19.315,27.844,17.772,23.173,20.044,25.061,33.035,25.537,29.557,29.993,29.062,29.046,25.099,31.370,27.392,27.639,21.554,31.778,30.273,22.733,14.619,29.653,32.437,27.698,26.616,24.411,35.305,30.797,34.517,26.527,33.458,27.968,28.191,29.176,28.658,24.075,21.070,27.606,20.356,28.055,34.104,25.934,25.934,29.325,28.964,28.735,27.691,33.900,30.160,36.821,38.370,21.415,30.584,32.241,34.718,23.076,25.873,32.173,38.670,34.382,24.177,31.661,37.279,35.300,28.264,39.880,32.427,22.738,34.950,29.409,37.248,38.516,34.383,36.799,32.053,33.014,24.720,26.069,29.798,39.254,35.509,36.818,28.044,29.537,32.376,37.652,28.333,29.015,35.627,39.014,28.320,30.092,39.029,34.043,37.473,32.156,38.597,30.286,29.325,36.221,30.885,31.248,37.671,40.322,37.700,37.257,40.230,39.284,31.402,37.645,39.901,41.212,37.145,31.858,32.302,36.016,39.282,43.375,38.421,37.376,32.079,39.696,39.723,44.285,35.156,31.744,39.248,33.607,32.854,34.001,34.719,33.006,30.528,43.510,44.886,36.994,29.764,44.080,34.314,38.203,30.865,38.198,42.762,35.784,39.078,38.847,42.117,39.194,38.954,31.515,36.897,45.719,39.980,42.618,33.599,36.983,44.557,35.104,44.024,45.404,39.429,50.420,40.161,34.904,47.941,51.102,44.325,37.771,38.186,45.299,45.534,36.562,49.791,48.134,49.830,47.501,35.991,49.176,56.099,46.550
\string51,13.699,16.631,20.592,0,27.140,22.647,24.080,21.401,23.437,14.465,14.130,23.592,27.443,26.778,21.555,26.159,27.807,28.130,26.595,22.558,31.445,14.119,29.737,24.905,31.519,29.042,20.107,30.258,31.846,19.041,27.576,25.202,30.824,28.660,30.990,26.044,34.996,23.652,20.546,24.793,32.675,30.127,27.645,22.627,19.573,33.926,24.820,34.476,25.715,32.467,33.869,36.631,35.461,31.575,32.379,34.731,32.728,26.311,32.501,37.591,33.927,28.697,32.531,35.727,25.545,27.867,34.378,32.187,32.266,25.247,25.809,35.484,38.282,29.629,27.150,38.953,31.749,21.985,32.194,22.997,33.829,30.061,31.779,31.606,38.815,24.663,31.726,36.652,28.270,25.854,27.089,23.852,34.119,38.403,21.285,33.282,35.825,41.050,28.118,21.880,35.539,27.053,26.954,37.057,33.303,22.728,36.701,39.845,34.211,35.912,44.362,44.784,26.803,38.581,38.129,23.973,34.739,40.435,35.247,26.198,39.666,23.519,41.650,32.612,41.534,41.004,32.915,24.689,25.373,44.507,34.872,28.058,31.057,40.259,37.525,38.396,40.244,27.678,27.523,40.635,46.637,41.832,40.443,30.828,44.914,44.974,33.998,34.437,44.204,45.075,30.351,37.580,45.979,27.705,30.214,42.676,48.056,33.842,29.499,38.044,46.587,29.154,40.475,45.024,40.159,42.658,36.758,48.397,34.023,46.845,31.818,39.416,34.029,28.861,46.444,40.753,44.655,38.635,48.266,47.239,36.795,39.424,33.005,50.344,43.950,41.894,49.901,50.885,47.735,50.702,50.404,51.507,46.350,52.459,46.821,54.242,50.436,44.627,41.526,54.304
\string26,20.044,19.993,19.200,27.140,0,15.399,20.036,20.465,25.952,30.675,30.999,27.222,24.573,21.225,24.111,21.796,29.384,16.678,24.010,33.101,18.716,34.408,24.178,28.474,22.128,23.372,27.372,24.660,22.536,33.685,22.981,29.958,23.237,19.569,26.360,31.269,24.712,33.446,36.828,35.700,28.424,25.999,28.492,34.769,36.258,26.216,26.421,19.728,27.588,27.590,26.239,18.353,18.950,28.162,21.802,33.220,34.409,34.956,29.772,27.574,28.006,34.712,35.297,25.900,39.841,35.751,23.388,27.263,28.580,33.416,29.935,34.370,20.546,36.112,37.409,26.021,31.205,39.816,26.396,40.581,35.706,27.760,30.907,35.680,31.151,34.070,29.678,35.623,35.755,42.796,32.834,36.263,30.143,30.209,41.929,31.037,32.018,28.501,43.556,43.434,30.485,42.574,44.485,31.982,38.947,42.480,39.725,32.401,35.942,30.795,24.797,22.235,39.029,34.539,29.560,41.391,37.755,34.812,38.376,42.432,30.474,43.739,27.973,40.023,32.354,30.849,39.783,41.714,47.111,21.468,36.036,42.536,35.317,33.398,40.701,38.675,35.662,43.471,46.539,33.116,23.316,34.469,27.391,42.671,26.869,28.971,43.761,45.994,35.238,33.734,45.016,42.933,29.998,47.380,41.240,34.766,33.060,44.712,46.539,39.978,37.978,47.674,31.740,34.751,43.074,43.798,43.772,27.423,46.975,33.732,50.621,35.502,50.267,50.365,39.078,39.264,38.587,47.256,34.307,31.695,44.750,42.221,52.464,38.221,45.189,40.014,43.621,44.583,49.380,45.353,46.268,44.721,41.058,36.232,39.337,36.681,48.293,51.356,49.546,46.139
\string56,22.815,25.605,19.151,22.647,15.399,0,27.593,26.729,23.535,23.372,29.966,28.143,29.999,16.182,23.740,21.887,33.132,11.810,27.320,32.097,25.531,29.630,28.548,33.191,26.797,29.345,29.301,34.429,28.686,33.578,30.235,29.059,27.178,15.357,35.645,28.212,32.116,32.052,36.942,34.597,27.489,35.707,29.453,23.535,31.591,26.043,28.021,18.199,18.758,33.152,32.373,19.372,17.556,18.091,21.804,38.828,33.151,29.086,20.301,39.268,33.202,27.117,36.690,32.041,39.804,39.791,28.151,20.481,36.151,26.124,27.945,34.184,17.819,33.090,43.411,31.333,25.730,34.896,31.049,39.585,34.922,22.013,38.052,44.084,35.264,35.411,33.781,40.945,35.017,41.517,30.441,26.145,34.239,37.875,29.906,34.197,22.557,33.749,45.175,42.459,31.594,37.745,42.492,20.597,33.083,32.227,42.901,41.456,31.359,25.665,27.601,27.934,30.037,34.019,32.656,33.673,41.385,42.130,30.008,31.167,31.381,34.124,42.168,40.266,41.754,43.143,38.582,41.345,42.583,30.950,34.301,46.241,24.933,35.316,44.851,48.852,47.143,42.548,43.174,43.960,27.451,40.227,25.536,42.883,28.319,36.228,41.962,45.588,46.406,44.179,38.228,41.211,35.061,41.887,39.253,44.253,42.474,49.254,35.683,38.425,47.247,47.498,24.529,28.787,43.756,50.143,34.002,34.575,49.633,32.698,46.263,30.292,46.793,39.850,34.248,36.645,39.696,35.283,43.959,28.387,30.880,40.971,45.453,35.247,45.835,39.498,54.989,48.102,56.087,52.862,49.882,39.902,43.360,34.708,30.722,51.694,45.183,48.515,46.574,51.705
\string34,18.394,17.313,18.151,24.080,20.036,27.593,0,8.066,23.751,29.586,28.502,26.735,15.540,27.840,33.157,17.607,19.991,27.628,27.318,31.623,14.553,33.571,15.882,14.423,18.029,16.378,26.533,13.434,32.990,29.829,14.929,33.975,23.284,34.275,19.622,33.309,26.049,38.174,32.371,29.110,26.999,13.052,33.638,41.178,29.333,32.172,28.640,38.499,38.253,18.622,36.958,31.291,32.798,42.493,24.476,31.451,36.300,34.599,36.372,25.704,38.532,40.080,37.586,25.555,34.012,21.158,18.372,41.673,13.783,43.230,35.353,35.747,38.574,38.732,26.385,25.619,31.035,36.324,35.020,35.615,35.711,29.991,29.014,28.087,38.347,32.986,18.964,24.330,31.029,32.304,31.513,42.344,26.661,36.672,41.752,23.615,37.804,26.686,29.354,37.570,31.566,45.605,32.412,44.466,44.142,46.218,35.415,18.875,41.821,45.779,39.050,35.948,44.378,41.723,38.466,33.781,38.085,29.726,45.827,47.861,31.444,38.254,26.602,42.805,39.149,26.278,46.826,31.348,37.395,39.021,41.437,34.093,39.882,31.891,33.730,25.947,32.424,44.290,43.782,22.724,36.807,41.944,41.414,44.758,41.039,26.240,43.484,38.812,22.001,27.331,38.933,38.520,28.639,49.128,41.198,23.901,30.755,40.518,44.329,38.754,30.863,32.240,46.431,49.826,45.136,41.923,54.890,38.418,28.396,36.236,40.867,45.280,46.411,51.832,47.993,33.896,45.015,51.591,38.179,50.690,47.692,50.182,44.867,45.885,53.685,48.864,41.352,46.975,39.796,49.492,52.232,53.062,42.913,55.998,54.503,35.448,51.813,55.874,52.259,44.044
\string27,17.976,15.585,21.978,21.401,20.465,26.729,8.066,0,28.089,30.175,27.923,27.099,22.631,30.612,29.467,17.582,24.599,25.470,23.882,34.122,17.539,30.438,19.094,18.192,23.532,19.355,20.890,17.786,33.925,25.609,8.509,30.942,21.548,30.424,18.976,34.864,29.203,37.286,32.355,29.654,32.894,10.451,29.213,40.621,26.598,36.130,21.233,37.818,34.331,23.070,35.924,32.919,31.585,42.148,23.451,36.185,39.722,36.382,38.954,30.227,37.817,39.916,40.398,29.249,33.752,20.134,18.989,40.628,15.128,39.555,28.446,41.130,39.288,40.240,25.269,29.231,33.670,32.787,31.718,35.241,37.789,27.533,27.629,28.035,42.504,26.034,14.820,31.776,30.584,34.876,27.276,37.288,21.869,38.159,40.076,19.376,39.487,33.184,31.996,33.268,32.026,43.388,35.267,45.176,46.297,43.158,38.364,23.468,42.878,44.233,42.716,39.791,41.822,44.649,34.959,31.104,39.101,32.105,46.785,45.605,35.282,36.796,27.666,42.494,39.732,25.362,44.263,25.028,37.682,38.659,41.043,30.910,37.329,36.419,34.893,28.619,33.158,40.632,43.700,21.534,39.928,43.841,37.611,40.070,40.775,31.429,44.767,39.235,28.245,30.121,36.676,42.986,33.647,46.386,33.821,23.804,38.239,38.867,43.020,40.793,38.181,29.901,43.706,50.705,43.938,45.590,53.559,37.730,27.469,40.351,39.908,41.673,44.712,48.747,50.047,35.380,46.061,52.616,35.851,48.566,46.365,43.923,42.820,48.577,51.059,42.220,44.044,53.130,45.482,52.639,55.702,56.708,41.557,55.054,51.177,36.385,55.898,56.863,44.543,43.733
\string170,20.417,25.551,7.327,23.437,25.952,23.535,23.751,28.089,0,15.105,26.590,22.109,15.225,18.510,35.150,23.669,17.068,29.664,33.067,21.432,24.954,30.008,22.126,25.901,22.865,29.068,38.312,30.027,33.564,33.891,35.572,33.267,30.898,37.019,33.204,27.953,25.617,33.669,31.222,23.433,11.264,35.740,37.887,26.933,28.426,24.819,41.564,35.175,38.534,29.409,38.364,31.858,33.502,30.791,33.493,24.254,18.788,26.313,18.340,31.857,38.444,25.979,25.427,32.377,29.818,32.239,32.782,36.726,34.847,39.983,44.053,17.268,34.147,31.964,38.183,26.761,25.607,34.139,44.194,34.966,24.123,35.445,41.947,39.253,28.632,45.254,37.802,21.537,36.986,27.151,41.263,41.666,40.403,40.370,30.723,38.476,24.213,27.243,28.781,41.899,38.647,37.870,24.736,29.728,30.237,38.197,28.463,32.964,35.982,42.144,30.429,33.179,40.406,34.095,43.334,32.810,40.586,33.754,27.804,36.093,32.224,29.883,43.601,41.940,42.191,43.543,43.164,43.120,29.055,43.633,42.033,44.604,39.319,32.530,34.398,39.493,43.980,46.188,37.507,43.356,35.569,42.286,45.484,48.233,39.845,34.927,38.741,33.601,36.214,38.661,35.194,30.010,33.151,44.334,49.873,42.435,31.071,47.000,32.604,38.493,31.519,39.659,46.766,37.013,41.626,39.247,42.323,45.174,40.930,32.284,35.976,49.866,40.224,42.263,33.318,38.196,46.747,31.287,50.522,49.997,38.872,55.791,39.414,35.431,51.479,57.137,47.647,35.396,37.113,46.723,45.490,33.914,53.670,52.017,53.636,53.726,32.336,48.553,61.269,50.705
\string162,18.612,24.338,16.557,14.465,30.675,23.372,29.586,30.175,15.105,0,20.118,20.922,26.248,24.174,28.845,28.010,24.430,30.635,30.941,19.699,33.151,17.905,29.649,30.619,32.884,35.099,33.722,36.454,35.118,26.079,37.240,27.173,33.346,34.089,35.997,27.651,32.607,26.804,25.740,20.777,25.463,38.953,32.820,16.587,21.258,31.989,37.144,35.354,32.409,36.970,37.036,38.060,36.096,27.369,37.550,30.475,22.212,25.714,23.070,39.256,36.689,19.933,26.029,39.689,23.971,32.544,39.290,34.051,40.174,30.298,37.328,26.293,37.717,30.454,36.396,36.341,30.730,23.856,42.186,28.998,25.741,35.768,42.161,39.237,34.541,38.700,40.133,33.238,36.282,25.595,38.199,31.259,40.676,42.948,18.144,39.790,28.108,39.862,28.503,31.745,41.878,26.078,23.506,29.606,28.661,24.234,31.171,41.824,35.459,38.781,39.423,42.970,31.945,37.361,41.597,26.377,40.328,39.359,24.189,22.583,40.577,20.452,48.973,37.906,43.769,47.444,34.765,36.407,21.193,47.333,40.539,39.350,35.703,41.103,35.816,43.723,46.398,36.367,29.395,47.759,45.127,44.798,44.379,38.741,43.525,46.444,36.179,30.371,46.513,46.505,28.787,34.904,45.225,32.113,41.042,47.996,45.155,42.275,23.006,41.124,43.749,35.149,44.762,38.199,37.932,42.175,33.160,50.226,40.582,43.178,29.147,47.056,31.203,27.356,37.050,43.361,49.080,26.162,53.144,49.470,34.338,47.644,30.767,42.864,45.152,50.882,52.106,44.762,44.243,50.018,48.738,39.824,55.250,52.212,50.288,60.661,37.889,45.216,52.307,54.616
\string17,15.804,17.948,24.899,14.130,30.999,29.966,28.502,27.923,26.590,20.118,0,28.619,27.061,28.953,22.942,36.634,31.139,37.918,34.085,13.098,38.735,20.784,37.462,24.485,33.488,29.894,22.480,28.611,25.386,25.681,34.825,31.769,40.253,35.821,34.910,20.758,37.942,14.143,7.344,31.361,35.040,34.169,34.859,24.941,31.619,31.362,32.461,36.207,31.385,32.783,31.197,39.606,44.038,34.663,40.454,29.331,33.143,24.507,38.314,32.704,29.535,35.312,27.739,33.535,27.488,34.389,42.163,32.338,35.549,27.135,33.447,31.773,40.920,21.628,22.056,45.694,35.694,32.041,30.068,11.815,38.447,39.401,26.277,24.943,31.846,28.475,40.931,35.296,26.843,20.784,32.223,31.897,44.425,29.557,28.979,44.171,44.630,41.623,25.691,22.258,36.100,27.499,26.381,42.989,27.211,26.104,37.375,44.405,29.902,34.948,45.701,45.471,27.078,31.603,45.278,36.616,23.323,44.472,39.779,30.812,40.893,34.378,38.952,20.972,37.149,43.549,31.463,33.158,29.713,45.905,29.878,22.929,38.655,39.421,41.485,34.467,34.388,21.560,16.726,45.322,50.158,32.231,49.350,30.562,51.988,48.229,23.399,39.187,44.716,49.357,42.777,32.694,51.348,22.408,39.128,49.057,47.162,23.697,40.201,34.999,44.147,35.713,45.597,49.220,44.708,31.121,36.331,55.348,39.088,53.428,40.059,43.864,39.303,34.555,52.554,47.297,39.733,44.604,53.904,51.611,46.926,44.992,43.492,57.856,44.333,49.072,43.476,43.392,42.483,40.234,39.160,54.697,46.183,54.489,53.256,54.511,52.860,34.059,50.186,62.410
\string199,15.732,19.046,18.989,23.592,27.222,28.143,26.735,27.099,22.109,20.922,28.619,0,27.193,34.326,27.126,25.973,16.533,29.614,16.328,29.638,26.951,20.179,22.021,35.218,37.332,39.398,36.335,35.541,35.227,18.815,32.000,14.507,20.939,33.403,20.806,41.187,16.297,32.529,33.831,12.072,31.598,31.766,20.589,31.717,21.938,41.095,35.029,35.258,39.964,41.936,27.768,42.339,31.124,32.910,41.078,24.630,18.623,42.471,31.771,30.878,29.720,18.885,21.788,45.007,15.818,23.773,38.871,42.155,40.198,36.306,37.130,31.743,40.566,44.117,34.575,25.897,43.742,21.620,43.448,39.692,13.219,43.408,44.193,33.805,34.758,38.861,37.923,32.829,47.820,37.701,46.843,40.096,30.148,43.868,36.419,32.946,33.266,43.489,31.891,33.293,50.689,26.429,33.872,35.198,43.592,37.095,17.094,31.998,49.321,45.557,36.649,42.564,46.589,47.332,27.126,35.803,47.074,21.019,26.362,33.753,49.156,33.790,41.110,46.560,31.052,32.421,29.233,36.581,29.276,38.446,51.748,40.082,48.549,50.110,18.281,35.879,36.393,39.597,42.236,35.654,44.116,47.761,39.068,33.776,33.773,46.916,49.463,19.886,38.784,30.788,30.561,49.007,44.537,41.998,37.582,35.994,40.314,42.015,33.483,54.493,36.760,35.859,51.017,36.315,20.506,40.746,42.039,37.925,40.294,46.286,30.113,55.081,25.042,37.995,32.418,53.035,58.488,37.644,36.044,49.325,48.825,41.462,34.914,38.630,33.774,44.915,39.679,48.674,38.119,45.502,53.050,39.800,62.747,49.750,55.636,48.367,35.268,57.917,50.118,37.076
\string132,20.509,22.648,13.553,27.443,24.573,29.999,15.540,22.631,15.225,26.248,27.061,27.193,0,23.216,37.541,25.681,16.249,34.352,35.089,23.255,22.095,36.315,21.167,15.873,15.851,20.119,35.526,17.101,30.796,36.229,30.223,38.525,32.244,40.969,28.070,28.446,25.226,35.874,29.708,29.286,16.487,27.052,41.138,37.989,34.699,24.542,40.696,39.232,43.217,19.402,38.196,31.904,38.242,40.514,32.630,21.427,27.903,29.375,31.179,21.668,38.444,38.337,29.429,23.915,33.515,29.137,28.574,41.385,24.615,45.891,45.602,22.052,38.079,32.775,30.421,27.365,28.269,41.081,40.802,33.457,32.310,37.426,33.671,30.558,28.208,43.372,33.459,11.944,33.016,25.874,39.718,48.039,39.660,34.053,41.371,37.105,36.034,20.279,25.271,42.491,34.182,45.304,26.192,41.768,35.744,46.914,30.736,24.581,37.584,46.043,33.859,32.241,45.299,33.900,46.128,39.211,34.841,31.721,41.298,47.264,28.715,39.640,32.244,40.091,38.852,35.811,47.824,42.211,35.334,42.454,40.658,39.223,44.132,27.126,34.949,27.656,34.574,46.863,39.378,34.995,35.897,37.370,49.601,49.904,44.596,27.309,37.661,38.458,23.124,32.546,43.565,28.458,29.340,48.862,52.109,35.427,22.264,41.837,44.855,35.475,21.463,38.607,50.867,47.055,46.994,33.170,52.200,45.377,35.683,34.701,42.503,51.422,47.432,52.640,44.410,37.009,43.147,46.480,47.719,54.394,49.209,58.929,47.810,43.883,55.810,59.400,39.079,32.910,30.210,41.979,42.666,45.135,48.116,56.894,59.448,42.929,42.858,49.460,63.834,50.879
\string147,26.459,29.989,17.467,26.778,21.225,16.182,27.840,30.612,18.510,24.174,28.953,34.326,23.216,0,33.321,27.664,32.748,25.495,38.851,25.983,28.855,37.031,31.622,27.540,18.030,23.605,34.588,30.422,27.713,42.039,36.498,40.333,37.089,30.114,41.423,18.472,35.880,32.932,34.096,38.892,17.727,39.210,42.331,25.808,38.563,11.638,38.806,26.177,28.441,25.164,39.011,16.630,30.311,25.059,24.885,35.094,32.634,18.221,18.446,36.723,38.439,34.712,35.770,22.622,43.768,43.852,29.954,23.326,34.456,35.068,40.171,24.829,20.951,23.870,43.439,34.816,14.731,43.808,35.258,35.766,39.076,26.050,36.657,44.259,29.067,43.352,38.721,33.131,29.039,34.225,32.531,36.362,44.869,33.947,32.307,42.642,25.696,22.635,41.360,47.533,25.214,44.563,36.971,26.088,23.556,37.854,44.529,42.016,22.066,29.385,26.558,23.694,30.983,22.792,46.359,38.057,35.092,46.520,34.800,37.847,19.620,37.188,42.711,36.309,45.750,48.880,46.918,47.922,42.756,38.548,28.698,47.771,27.427,22.060,49.547,47.370,48.198,46.864,39.194,48.848,26.423,34.607,40.640,51.790,39.381,30.212,33.272,49.938,43.233,47.837,45.418,26.765,31.103,44.536,51.620,49.060,35.376,49.657,40.838,26.777,41.191,50.087,32.187,35.626,53.051,44.418,38.744,44.802,50.125,28.491,50.214,35.259,53.641,46.513,39.405,31.044,31.543,36.761,54.360,38.701,33.661,55.013,50.964,39.157,56.108,54.255,54.701,36.077,50.676,49.073,41.371,39.222,40.046,43.115,40.700,54.441,44.119,40.883,60.001,60.493
\string115,19.041,18.650,30.150,21.555,24.111,23.740,33.157,29.467,35.150,28.845,22.942,27.126,37.541,33.321,0,35.731,37.968,28.307,22.596,30.748,37.517,21.342,38.616,37.602,40.410,37.339,20.902,36.537,22.739,23.261,31.971,20.683,32.989,19.232,32.033,33.249,35.033,19.093,28.787,35.628,43.224,34.821,19.758,27.295,34.310,38.260,21.677,22.583,21.421,42.376,17.597,36.395,31.864,26.058,38.247,37.309,37.165,38.339,39.678,36.381,17.984,31.479,32.778,40.576,33.109,38.995,41.971,25.305,41.604,14.871,19.402,41.877,32.400,34.985,33.416,43.284,43.761,31.131,21.637,32.695,38.476,38.050,31.064,32.385,36.002,22.769,40.743,47.962,38.921,42.742,34.380,24.173,36.557,31.579,35.871,40.190,43.206,48.571,43.859,28.365,41.200,25.051,45.587,37.060,37.970,27.006,41.365,47.541,37.761,25.575,40.639,41.998,30.031,39.170,28.014,42.238,35.172,42.946,36.991,29.050,47.459,41.893,37.332,31.143,29.312,38.127,19.957,36.043,43.294,30.559,35.476,32.848,38.530,48.931,42.470,42.954,35.343,23.222,35.999,43.057,44.849,35.364,31.775,21.261,38.111,51.423,40.016,43.397,50.819,47.189,44.537,50.165,52.941,28.521,28.361,47.239,52.188,32.629,43.816,47.206,52.038,45.893,34.503,38.965,36.850,42.557,30.583,41.699,50.097,54.586,47.539,36.763,40.581,35.653,46.826,54.007,44.207,46.977,40.649,34.751,48.175,25.134,48.648,52.763,29.182,28.997,45.154,53.669,54.851,43.819,46.586,53.358,48.289,37.563,39.552,49.301,54.832,44.868,36.612,54.807
\string140,24.892,26.259,18.858,26.159,21.796,21.887,17.607,17.582,23.669,28.010,36.634,25.973,25.681,27.664,35.731,0,23.711,17.166,24.946,39.355,10.751,33.347,11.487,28.440,24.498,27.610,33.697,30.248,41.472,31.443,20.163,31.299,15.322,29.512,26.347,39.693,27.315,44.759,42.514,27.251,26.670,25.142,31.049,38.597,23.437,36.774,29.744,37.064,35.671,29.759,42.150,30.557,22.468,37.835,19.795,40.073,35.954,38.274,28.264,38.763,44.426,32.924,42.349,35.657,36.826,25.495,16.013,41.525,26.346,42.763,34.384,39.630,35.625,45.709,40.708,19.235,29.886,31.915,42.428,45.507,31.833,23.795,42.579,43.008,45.341,38.279,18.736,33.571,39.308,41.030,34.457,38.404,20.868,48.387,37.028,16.916,24.937,31.964,38.944,43.448,37.487,45.896,38.058,35.278,47.735,44.462,38.104,24.763,46.308,46.472,36.923,36.636,45.412,48.257,33.571,26.052,50.619,31.139,38.863,43.584,34.750,31.265,40.664,52.648,47.140,34.490,48.812,33.867,37.828,40.166,48.189,46.219,34.935,38.088,34.989,41.808,46.626,51.323,51.480,30.240,33.466,52.675,32.388,48.801,31.984,29.550,52.627,37.870,34.161,30.485,28.618,45.654,25.884,53.262,39.228,27.164,37.663,53.329,34.623,45.609,40.609,35.654,41.883,42.128,42.319,54.796,52.590,32.005,35.219,28.106,37.062,43.773,43.998,47.671,37.931,31.514,52.461,42.701,37.569,45.511,36.660,48.198,37.697,33.806,54.002,45.445,54.039,54.810,50.533,60.725,62.200,45.866,49.548,52.189,47.392,45.473,46.589,63.532,48.830,37.883
\string103,20.025,22.779,15.694,27.807,29.384,33.132,19.991,24.599,17.068,24.430,31.139,16.533,16.249,32.748,37.968,23.711,0,34.662,27.741,29.066,21.879,30.915,15.172,26.880,29.197,32.903,39.990,28.078,38.712,28.771,31.126,30.173,24.910,42.339,21.453,39.937,17.173,39.425,34.614,15.767,23.343,28.097,34.271,39.164,26.180,37.666,41.357,43.149,47.406,33.281,37.851,41.711,37.198,42.024,39.164,21.204,21.492,39.913,32.587,26.478,39.248,30.633,26.276,38.980,22.643,19.901,33.635,48.326,32.521,47.309,45.898,27.292,44.580,43.718,32.694,21.586,38.786,31.615,48.145,39.736,19.579,43.231,43.386,32.873,34.889,44.819,34.432,17.923,44.465,31.411,47.264,49.075,33.491,44.499,41.065,32.588,34.566,33.807,23.861,39.572,47.203,39.606,26.302,41.798,44.475,46.481,17.661,21.031,49.342,52.758,37.807,40.980,51.655,46.334,39.358,36.024,46.131,19.204,35.679,44.653,42.551,35.542,38.585,48.983,37.756,32.342,43.537,38.940,28.390,44.832,52.498,41.325,50.577,42.276,19.747,28.899,36.342,47.792,44.044,32.030,42.735,48.429,48.185,45.909,41.141,37.759,48.386,23.626,26.329,25.447,34.016,41.438,35.838,50.096,47.598,30.844,29.418,44.742,38.275,49.613,24.342,32.713,56.963,45.169,34.255,38.408,52.966,42.512,32.826,39.929,31.279,59.161,34.977,48.226,38.168,46.033,57.121,42.769,41.683,57.819,51.049,55.091,38.083,39.687,49.151,56.783,38.551,42.723,28.003,46.553,52.643,42.090,60.595,59.289,63.480,45.453,36.050,59.511,60.547,39.132
\string113,27.319,28.599,24.196,28.130,16.678,11.810,27.628,25.470,29.664,30.635,37.918,29.614,34.352,25.495,28.307,17.166,34.662,0,23.939,41.479,21.252,33.684,25.393,37.068,30.293,32.578,32.038,36.983,36.219,34.234,26.035,28.939,20.162,14.667,33.088,38.482,31.562,41.071,44.906,35.676,32.862,33.243,26.986,33.521,31.155,35.168,25.653,23.924,24.203,36.517,36.044,23.450,9.460,26.677,18.921,44.461,38.601,38.917,26.420,42.570,38.286,30.633,43.471,37.276,42.690,37.925,23.649,29.991,35.591,33.004,26.900,42.452,23.392,43.885,46.795,27.118,31.949,35.242,35.231,47.811,36.309,21.190,42.553,47.499,43.602,36.224,28.430,44.662,41.283,48.801,33.012,30.065,25.902,45.033,36.687,26.358,23.667,37.249,49.709,45.992,36.422,43.271,48.240,26.023,44.756,39.703,44.995,38.200,41.889,34.196,31.164,31.376,39.036,44.544,27.063,33.739,49.884,39.464,35.217,38.220,36.252,37.019,42.541,49.711,44.528,39.313,43.170,40.219,46.708,30.138,43.245,50.031,29.076,41.082,43.690,50.497,49.375,48.679,52.573,38.958,27.574,48.561,17.595,45.578,22.460,35.549,52.258,46.246,45.590,39.647,36.311,50.133,32.688,50.063,36.621,38.074,44.345,54.816,37.940,46.372,49.588,47.512,27.348,31.871,42.857,57.494,43.034,26.184,49.012,31.560,46.910,33.103,48.229,45.201,34.681,37.407,47.648,41.124,36.778,28.821,33.752,39.195,45.512,32.564,47.585,35.244,57.499,56.516,60.084,59.794,59.552,43.714,46.599,36.875,31.519,48.247,48.775,59.659,43.011,43.901
\string164,20.045,19.290,27.192,26.595,24.010,27.320,27.318,23.882,33.067,30.941,34.085,16.328,35.089,38.851,22.596,24.946,27.741,23.939,0,39.598,25.933,23.960,24.669,38.749,40.359,39.902,30.996,36.733,36.220,17.671,24.380,11.209,14.018,25.027,17.372,46.044,22.007,36.666,39.973,24.272,40.928,26.997,8.157,38.056,25.251,46.243,24.127,32.532,35.328,43.969,25.480,41.125,24.895,35.194,36.915,36.387,33.513,48.468,39.047,35.141,29.144,27.450,34.643,46.463,26.972,25.658,35.336,41.397,38.522,34.010,26.653,44.239,39.257,49.735,36.281,28.178,47.694,23.981,37.459,45.081,26.954,39.698,41.891,35.300,43.016,30.968,32.022,43.114,48.892,47.361,42.726,35.987,19.046,44.881,41.903,25.236,38.026,47.894,42.055,33.931,49.664,31.847,45.298,38.926,51.491,39.918,30.982,33.459,52.782,43.680,40.061,43.747,47.180,52.631,13.663,37.858,50.120,25.109,35.802,38.249,51.515,39.739,37.211,49.552,30.998,25.453,29.708,32.541,40.220,31.581,52.280,39.915,46.588,53.764,26.133,38.894,36.053,39.513,49.645,29.287,43.428,50.038,27.710,29.888,28.297,47.393,55.386,31.047,41.588,29.900,33.775,57.595,45.605,45.312,27.149,30.825,46.525,43.592,39.980,57.805,45.316,38.840,45.313,38.932,23.486,49.371,45.626,28.734,42.452,48.819,38.185,48.978,32.755,42.198,38.690,53.705,58.838,47.226,23.926,42.368,50.526,29.518,40.474,42.204,31.204,30.675,43.033,59.038,49.934,51.768,59.850,49.347,58.759,45.158,48.876,41.887,48.144,63.433,38.078,32.522
\string37,20.502,24.457,22.610,22.558,33.101,32.097,31.623,34.122,21.432,19.699,13.098,29.638,23.255,25.983,30.748,39.355,29.066,41.479,39.598,0,40.013,28.124,38.239,26.721,31.959,32.109,33.789,30.692,25.582,34.042,41.997,36.911,43.936,41.581,39.070,19.345,36.351,18.254,14.141,32.371,28.427,40.264,41.653,24.780,36.972,26.019,42.848,37.270,38.242,33.313,33.982,39.290,46.243,33.890,44.127,22.209,26.379,22.448,33.932,30.451,31.702,34.591,21.130,32.917,29.706,39.227,45.299,34.085,39.932,34.193,44.030,20.372,40.118,18.951,29.678,44.429,34.087,38.382,37.739,18.309,35.692,44.275,33.278,30.301,23.259,40.849,47.369,29.325,31.854,18.808,40.786,40.652,50.961,29.590,32.130,50.323,42.321,37.236,25.548,33.524,38.909,31.621,23.993,40.510,20.306,32.213,34.174,45.092,28.593,37.485,40.644,41.625,32.950,25.829,50.355,41.949,24.749,44.392,36.199,33.932,38.788,37.574,42.276,24.116,37.845,48.102,36.113,43.892,30.904,47.509,32.692,33.557,43.490,36.397,42.154,36.579,37.498,32.023,18.823,50.411,47.659,30.295,54.433,40.226,52.652,46.858,21.853,39.861,43.868,50.105,46.789,25.878,49.377,29.790,50.372,53.051,41.137,31.360,42.069,34.383,38.104,42.391,49.811,46.277,46.665,25.159,36.638,57.527,44.749,50.400,42.927,50.219,42.408,39.614,48.525,48.633,40.002,40.749,58.515,54.357,48.812,54.544,47.382,54.333,48.206,58.607,42.454,31.852,36.154,34.969,31.664,47.293,51.267,54.986,57.750,57.472,44.922,31.359,61.688,64.623
\string168,25.519,25.798,19.315,31.445,18.716,25.531,14.553,17.539,24.954,33.151,38.735,26.951,22.095,28.855,37.517,10.751,21.879,21.252,25.933,40.013,0,38.601,8.976,27.398,21.472,25.472,35.992,25.533,38.621,35.142,19.691,34.042,15.728,32.411,22.335,41.129,22.038,46.032,43.931,30.459,25.790,21.692,33.316,43.742,31.237,35.379,32.969,36.766,40.467,27.198,39.726,29.097,23.587,40.678,22.091,36.109,35.756,41.381,31.731,31.727,42.247,37.396,40.991,32.300,38.972,26.575,14.898,43.489,23.782,46.992,38.795,37.933,35.022,46.941,39.824,13.586,32.903,38.615,41.847,47.634,32.547,29.641,40.689,40.073,41.564,41.368,20.918,29.389,41.482,43.175,38.750,45.465,22.771,44.556,45.220,20.265,29.927,27.081,39.904,47.398,37.726,49.795,41.015,38.897,49.462,51.033,36.370,17.710,47.892,48.043,32.751,31.453,50.567,47.096,33.749,35.937,49.233,26.467,42.422,50.106,33.500,40.483,33.535,53.049,42.310,28.254,50.444,39.354,43.310,35.409,49.257,47.153,41.574,36.281,33.787,36.769,41.190,53.901,54.315,24.921,28.971,49.245,34.677,51.232,30.513,23.518,53.715,40.284,25.864,22.681,37.609,46.091,20.522,57.570,44.739,21.975,29.052,52.791,43.723,46.557,32.929,40.404,45.062,43.013,43.250,50.861,56.618,27.714,37.643,27.187,43.504,47.357,48.587,55.297,39.020,34.802,51.466,48.823,33.099,46.295,45.643,51.525,46.122,33.795,54.537,48.598,47.383,50.452,45.841,55.686,58.798,45.948,49.548,51.449,51.509,36.634,46.465,64.413,54.563,35.352
\string165,18.551,21.399,27.844,14.119,34.408,29.630,33.571,30.438,30.008,17.905,20.784,20.179,36.315,37.031,21.342,33.347,30.915,33.684,23.960,28.124,38.601,0,35.065,36.968,43.505,41.918,28.506,40.675,37.309,12.311,35.186,17.214,32.426,32.179,32.383,37.101,35.469,24.886,26.178,21.345,40.885,37.174,22.198,23.910,18.647,44.368,29.601,37.902,31.801,45.393,32.151,46.687,38.854,32.765,43.464,36.355,31.163,37.903,37.576,42.174,32.541,23.150,30.263,48.167,18.301,29.771,44.830,38.316,43.671,24.705,28.445,40.182,44.740,39.000,32.054,42.599,44.198,13.071,39.212,30.087,29.754,41.243,41.284,35.025,42.549,28.759,40.538,43.806,41.703,33.902,39.130,26.380,36.082,45.279,24.331,37.980,40.019,52.187,32.412,18.558,48.946,15.192,32.544,38.939,40.030,20.293,32.955,45.515,44.558,40.873,48.755,52.452,34.040,47.377,34.348,29.328,43.207,39.377,31.323,20.879,52.508,25.985,48.206,38.919,39.909,43.121,23.741,27.546,24.327,47.090,45.461,31.709,41.433,53.233,33.283,42.834,42.453,25.518,31.148,44.927,54.307,48.610,41.939,22.738,45.413,56.148,42.604,27.698,51.361,47.373,28.503,48.660,55.675,25.430,26.914,47.018,55.216,35.302,27.679,51.197,51.814,31.515,47.351,44.051,30.277,45.221,33.947,50.337,39.814,55.880,27.815,48.519,22.409,21.376,44.867,53.709,55.910,37.418,47.487,50.393,43.251,33.861,29.258,52.203,34.048,39.587,50.151,56.919,49.593,51.782,55.279,51.507,58.918,53.334,51.368,59.269,48.602,50.689,39.082,52.123
\string58,24.037,25.260,17.772,29.737,24.178,28.548,15.882,19.094,22.126,29.649,37.462,22.021,21.167,31.622,38.616,11.487,15.172,25.393,24.669,38.239,8.976,35.065,0,28.047,25.670,29.742,38.179,28.116,41.607,31.401,22.816,31.282,14.870,36.369,20.384,42.866,19.452,45.727,42.389,22.961,25.137,23.287,32.257,42.630,25.718,38.679,35.637,40.816,43.691,30.855,40.831,35.761,27.914,42.017,28.675,33.268,31.326,42.287,31.489,32.346,43.275,33.619,37.679,37.302,32.653,20.644,21.603,47.172,27.115,47.970,41.093,36.173,40.342,48.239,38.297,12.580,35.612,33.461,46.349,46.514,26.379,34.244,43.987,39.193,42.211,42.725,23.637,26.301,43.986,40.006,42.343,46.476,22.972,47.925,42.814,20.588,29.580,31.230,34.598,44.407,43.117,46.303,35.803,39.750,49.936,49.470,29.829,15.636,50.802,51.875,36.200,37.340,52.138,49.884,34.356,32.582,51.143,21.272,39.384,47.880,38.576,36.059,37.576,54.334,42.729,29.197,48.773,37.047,36.621,40.699,52.976,45.973,44.911,40.471,26.613,35.081,41.490,52.989,52.407,25.749,35.699,52.508,38.994,49.609,33.598,29.967,54.385,32.258,25.994,21.105,31.743,46.353,26.168,56.043,44.103,22.024,30.710,51.865,38.866,49.745,31.297,34.930,50.575,43.972,38.358,49.593,56.427,32.465,33.378,31.194,35.848,52.888,41.801,51.842,37.211,38.426,56.551,45.496,34.886,51.747,46.047,52.346,39.522,33.826,52.939,50.974,46.429,50.802,41.218,55.808,60.292,44.287,55.664,55.884,56.506,41.045,42.165,65.637,55.321,32.405
\string53,23.187,22.932,23.173,24.905,28.474,33.191,14.423,18.192,25.901,30.619,24.485,35.218,15.873,27.540,37.602,28.440,26.880,37.068,38.749,26.721,27.398,36.968,28.047,0,17.294,11.891,26.909,11.404,33.364,36.040,25.321,42.863,36.934,41.623,31.369,25.801,36.813,36.217,25.886,35.817,28.148,22.547,43.631,41.213,35.326,28.582,35.031,43.833,40.433,11.891,42.888,34.182,43.575,46.448,29.745,33.157,40.640,26.762,40.072,29.003,42.918,46.561,39.856,20.195,38.257,29.148,26.486,42.215,14.777,45.088,40.776,34.636,43.022,30.772,23.413,37.771,27.435,42.267,35.584,27.041,43.731,32.707,24.337,27.406,38.249,35.174,27.455,23.337,20.976,22.635,28.853,44.294,39.583,33.862,40.649,35.492,44.094,25.824,24.713,37.303,26.100,48.414,26.645,49.722,38.525,45.743,41.753,29.431,35.167,46.338,45.301,40.391,40.446,36.117,50.555,36.036,29.716,41.139,51.124,49.438,27.603,39.289,30.848,35.846,45.143,37.461,51.204,34.162,36.720,47.858,34.648,30.367,39.094,25.270,42.843,26.817,35.227,42.549,36.111,34.015,43.283,38.043,51.860,48.371,52.804,29.425,33.379,45.074,27.235,39.793,45.156,27.791,34.840,45.879,47.604,36.232,34.480,36.629,47.555,28.486,33.638,33.179,49.462,57.095,54.700,38.101,55.837,51.601,28.362,41.338,44.441,45.604,51.737,52.839,56.566,31.593,38.399,54.150,51.612,57.147,48.797,57.567,48.630,55.376,60.866,57.251,44.737,43.097,39.355,48.604,47.185,58.652,37.795,62.585,58.843,43.846,57.157,47.597,58.420,57.845
\string81,28.319,29.445,20.044,31.519,22.128,26.797,18.029,23.532,22.865,32.884,33.488,37.332,15.851,18.030,40.410,24.498,29.197,30.293,40.359,31.959,21.472,43.505,25.670,17.294,0,11.420,34.621,18.312,32.635,44.028,28.996,45.543,35.148,37.764,35.836,26.342,34.509,41.523,36.990,40.320,19.001,29.268,46.051,40.830,40.556,19.232,39.088,37.135,38.808,10.344,43.932,21.035,35.156,40.741,21.301,35.345,39.217,26.541,30.928,31.037,44.286,45.054,41.752,13.884,46.042,37.781,19.680,37.248,20.392,46.807,44.045,30.833,32.008,32.458,38.345,30.761,18.387,48.246,37.634,38.637,43.138,27.277,32.428,39.427,34.964,43.724,29.675,24.690,27.175,33.790,32.276,46.260,40.777,35.016,43.206,36.628,34.651,10.792,37.516,49.663,21.986,53.891,36.207,40.948,36.889,49.926,44.929,30.060,32.448,42.324,33.183,26.258,42.469,31.674,49.363,39.985,36.242,42.111,47.363,51.317,14.377,42.897,33.717,42.095,47.026,41.027,55.439,45.351,45.284,41.334,34.902,45.230,35.378,15.104,47.362,37.838,42.902,52.403,45.652,38.259,27.943,37.893,45.974,56.658,44.081,15.578,38.935,50.967,28.832,39.113,48.188,27.799,20.526,53.921,54.146,38.179,26.060,49.373,48.921,27.149,32.296,45.640,42.288,48.342,57.156,44.221,54.761,43.883,41.288,26.040,51.607,41.693,58.324,57.651,48.284,24.621,34.657,50.234,50.695,48.711,43.886,60.847,54.250,44.085,63.552,58.656,50.039,38.360,45.166,50.919,46.656,49.283,36.482,54.154,51.703,43.726,51.377,50.206,63.450,56.329
\string127,26.997,26.266,25.061,29.042,23.372,29.345,16.378,19.355,29.068,35.099,29.894,39.398,20.119,23.605,37.339,27.610,32.903,32.578,39.902,32.109,25.472,41.918,29.742,11.891,11.420,0,26.548,12.441,30.872,41.297,24.188,45.418,36.894,36.948,34.492,24.945,38.566,38.774,32.614,42.408,28.639,24.102,44.736,42.509,40.631,23.996,33.191,38.717,36.301,5.878,42.650,24.910,38.768,43.995,21.719,38.204,44.667,26.929,38.764,31.036,42.884,48.986,44.494,11.384,46.015,36.223,20.600,37.173,13.483,44.337,38.865,37.358,35.872,30.897,31.368,37.223,23.247,47.583,30.828,33.374,47.976,26.475,22.808,33.489,38.483,35.858,26.148,29.594,19.588,32.302,24.783,43.233,39.508,31.297,43.743,35.468,42.355,20.544,36.171,44.110,16.774,53.077,36.823,47.053,38.811,48.295,48.174,32.097,31.553,41.269,40.740,33.029,39.159,32.979,49.502,39.836,30.447,44.934,52.744,51.829,19.210,44.127,28.620,36.971,46.113,38.401,53.867,39.401,45.798,42.223,30.158,37.080,34.168,18.655,49.139,33.821,38.426,46.542,42.273,35.254,35.208,35.330,46.651,52.025,48.701,21.861,35.544,52.739,29.859,41.346,49.786,29.959,29.055,49.983,49.193,37.308,33.475,42.423,51.627,24.600,37.137,42.223,41.716,54.356,58.728,43.256,55.757,46.831,37.250,35.894,52.468,37.858,58.782,57.020,55.995,26.427,31.219,56.109,50.174,49.880,46.921,56.978,55.132,52.971,62.766,54.734,48.567,43.844,47.394,50.705,47.048,58.287,28.954,56.515,51.694,40.947,59.708,47.898,58.065,59.099
