0,0,30.08244991685351,32.83318514856577,31.40459538029427,32.00477908063107,33.528150306869,33.59427168432143,31.73716895061687,32.45536223800313,34.50492175038222,33.42891431081781,33.22602808040708,32.24197135722319,32.48364017470949,32.24560066117548,31.63935866922717,31.27073179508276,33.47911014349097,32.0491641388664,32.90875745147483,32.714312448835,31.35941705453085,30.59597045363981,31.38674624742107,31.26466801359004,32.11738178930532,32.38207275638791,32.75720020087188,32.32240015840408,33.63901808911787,31.86794425437575,32.99330789720849,31.3806840588283,33.40335123905984,33.4455369668361,32.38186793562101,32.46681302499524,30.73958288591437,32.7626310909243,32.01662538432181,30.72377069957397,32.24764788321778,33.03750278093064,31.98705136457564,31.07047193075767,31.43691925109711,34.3091204638067,34.26091735491038,31.70875573087031,31.19313527044052,33.29784167179608,31.5146594777732,33.60327897690939,31.81099869541979,33.54775612466502,32.46252105120611,32.21250904540035,31.66107480803518,30.24733725470724,34.85063284934722,33.18970017942315,32.07243372430599,33.3168320372751,32.41927835409049,32.03982476543841,34.12004866643656,32.53638775279149,33.64818846535427,33.12161757825243,31.80250821869243,33.88567245902021,33.87536399804436,32.85864826799788,34.12681965844459,32.29497722556868,32.56104648195448,31.00588727967641,31.42064283238012,30.89591141235359,32.82076738895665,31.93806686385386,32.47802127593367,35.05901905359018,31.76721333387617,33.91586475382871,31.57247611448935,33.16729692030992,33.72699177216967,32.82628413329781,29.30616900927176,32.38062970357433,31.62433075971728,31.17011793368771,32.88049669637002,31.90251505759382,33.0996315538406,32.01573717720709,32.56053809444801,31.5405726802796,34.01488994543419
1,30.08244991685351,0,35.27498102054771,32.8377071672186,34.59374037307906,33.70015323407299,35.07677629144389,34.54477685555371,33.37833580333209,32.20491887895389,35.27552368144236,34.15719231728509,33.92847447204193,32.54858172025319,33.85866177213742,34.20869290107414,32.57425919341836,35.46933606652372,34.12942342026891,34.2764193579201,34.1510089162824,32.79770450809021,32.02985024941577,33.31158265528672,33.59636684226437,32.02923676892723,33.32342579927819,32.93518905365506,34.23127878125501,32.24513136893693,32.47088560541582,35.27703753151617,34.22886260161152,33.66376041086319,35.11959811842954,34.48449619756683,33.27428131455284,33.49927388765315,32.64781449040655,32.3898112374864,34.79382343175294,32.53624153155985,34.71518983096593,33.19824049554434,30.40930198146613,32.09692475923512,34.37457889196608,32.83453683242693,33.30845987132998,32.73393439536409,33.18502223895594,35.58205403008657,33.27032739544352,32.33976739248445,35.37552945186827,34.1232423723186,32.9616025095868,34.99729779568703,31.68540219091435,34.25699751875521,32.40998693304272,34.56852493237164,36.31567859754242,33.9441549018384,32.73826302661766,32.56236075594029,34.01865671951202,34.32053210543216,33.63825117332944,35.01837323463213,35.19336387729938,33.74343413169442,35.64287363555302,32.5986206303273,35.79511518349955,33.14513030597406,34.20211199619111,32.98852808174379,33.42853273776761,34.55768570086833,34.13965430404942,33.5106513962352,34.36148899567654,34.08989542371758,32.45305669732822,32.72255416375684,33.99980867593228,33.8764819749631,32.2319800353624,30.85686016107277,31.23073420526645,33.84535830804573,33.28889810432301,34.83415450387737,31.41399672120693,33.81945265671815,30.96903004616063,35.5583129802301,31.22101157874294,34.39890944492281
2,32.83318514856577,35.27498102054771,0,32.48011157616304,33.07704438126236,32.76494886307622,33.92363628799247,33.94302219897339,32.39142959179171,32.56502409027206,32.11187205692002,35.33817110434552,32.24203203893949,32.91368007379302,33.15236059468468,35.54540971771179,33.60195080646361,32.76729730997049,34.11311148224389,32.42398513446489,33.35823550489445,31.0067209649779,31.2502811347354,33.3594074737547,32.07485253278649,32.32920583620948,30.67378915295599,31.88900666373916,32.54099824836356,33.96761158809963,34.48700845245931,33.6876454653631,33.16255450052061,34.47219657927242,34.20125562022541,33.2999021019582,35.40564750149332,32.99665114826049,33.48967128832411,32.43975733571385,31.70802370063452,34.67524429618341,34.48174292288603,33.96889697944283,33.12869428456244,32.93550104370662,33.74184431829415,35.91481339224805,33.38389298748725,32.99284439086754,33.71843085020417,32.44290679023691,35.24645200584025,34.25691601706142,35.42194362256256,34.83052012244433,33.43428201711529,33.12721864268113,33.61695408569909,33.60914290784579,33.3835120830628,34.07120229754153,33.37887110134195,33.3102123980019,33.17299154432713,32.97158464496361,34.78982157183334,31.53624882575606,34.04848213944345,31.39255857683473,35.05406100582357,32.74127088248102,33.70258745259777,31.71750080003151,34.29746169908204,33.38765677612012,33.65397342068243,34.38528718798201,33.56932270690012,33.43146028817767,34.95936063488575,33.91647772101342,35.69528229332273,35.27994435936656,34.84149472970412,33.88617524891234,33.25590771577286,33.63488324641549,34.94423919618225,33.5339042015689,34.72609127154969,34.04417276128179,33.77120582685789,33.68508693769395,34.15458982333121,34.36583821180564,32.69246255637529,32.08287858032691,31.34944886277907,33.31444703128059
3,31.40459538029427,32.8377071672186,32.48011157616304,0,33.79090669100194,33.48308994104339,32.88574519453679,34.30078071997779,33.89851529197112,33.78525530464435,31.5370544122307,34.05842402402084,34.3256974583183,32.94779400809711,33.80355266832172,33.10600477254845,33.7923162863986,33.49092397949033,33.02902576522656,33.37700924289054,32.05365102449329,31.64502651286612,33.34526126753246,32.00101521827081,32.19160264727434,33.12585591347036,33.97432178866857,33.83148397572889,34.00607061981727,33.70171290899025,33.73535231770968,33.62678624251803,34.2499800437898,34.8866040336402,33.36234850846085,34.12348417146175,34.96696831296646,33.72496883616054,33.51494706843501,31.8145467357308,33.80900414090898,32.81546063976552,33.04986682272714,33.22775899756108,33.40994775512228,33.939812153281,33.88092811597699,32.32271187570747,34.19744301844804,35.6260058524668,34.15302339471574,32.85459305789679,33.37243690532652,32.06940786793545,34.36072109254986,33.0650275971456,33.08493503091703,32.48587331441161,32.48760363584854,33.41787487258878,32.09856954756706,31.56580811574448,34.01728296028357,35.17557416731105,33.7440273826347,32.98488099114502,34.24114803858072,33.03878669079722,35.73813990682784,33.41999506283626,35.1782036636324,34.64315835774793,31.53520345582061,32.52019807750254,31.16534910762272,34.00956905048929,33.11551486841174,32.63894785375288,35.37728883054776,32.27633682746541,34.2588010006188,32.75996420938216,33.77784904341898,35.01592517698197,35.44423254917505,31.79054804497714,32.48731706374043,33.46216052498703,31.60082291650011,31.97284877829936,31.99294398769829,32.84342602409195,32.60962816408675,33.43988178806858,32.29943665143404,32.92572529193549,31.65609104106191,33.38608539496656,31.55585368834126,33.41540577338543
4,32.00477908063107,34.59374037307906,33.07704438126236,33.79090669100194,0,34.92055928819012,31.91773193696569,32.58098219820882,32.74188192514291,32.51787313155644,32.85139089901674,33.92678045438441,33.10393685047143,35.06196978208725,33.59630691013523,32.67808352703688,35.61580796500342,32.92145018069526,31.93429504466945,33.17504304443327,33.63843157758697,32.86486004838603,32.06357899548957,31.3349419977124,33.95241237379164,32.86413952928024,32.80303684112188,32.37432456438281,32.40967176631075,33.13526088625227,34.08152885361805,32.26177837627677,34.16309696148755,34.68636959959921,32.51379044344107,31.62990864672233,34.04076999716663,33.07386004082378,34.88977790127074,32.11558595137259,31.07743535107104,31.57758448646761,34.84898038680616,30.70099716621596,31.21096989841873,32.94986121366826,32.41852397935477,33.88216645965837,34.46480169680366,33.3135949726234,34.44209865847318,34.89027317175949,32.27129042973026,31.86825696519971,33.84806456800744,31.42892013735121,33.2619262070013,33.04656375479907,34.61911048828377,35.3692874680845,31.6438396848423,33.17073883711366,31.82649800087971,33.17801918439376,33.08290115754663,32.27384465786498,33.56791423368452,31.89047724635051,33.16421428286821,32.74195927246872,34.21947410466736,32.32413182128795,31.44187036421339,32.81083869699157,32.39546175006616,33.31098083215203,35.4889767392637,33.03172665786637,32.33398435083434,33.67603008075625,32.06332323699464,30.68736407709206,33.82142683270474,32.98374064596071,33.73687652999313,32.37600660983377,31.08589038454584,29.6869931788317,33.65243634567935,32.51313266973824,32.35460400004921,33.5675846018149,33.34788889869942,33.13876486835321,33.85192131918069,32.82201866125848,33.98616908390824,33.02596516379197,31.41634789405033,32.26794025034755
5,33.528150306869,33.70015323407299,32.76494886307622,33.48308994104339,34.92055928819012,0,30.8005613747542,33.93432943200734,33.06670689681693,30.54662387236928,30.49658031648795,35.27179112265213,34.80266328889213,31.94889559906571,31.8362799805505,32.29017435691546,31.74961423387693,33.40813875390248,31.69701826670768,33.36693614942793,33.73210132796355,32.72459330534148,31.76618754273166,34.40565786320617,30.12287076292696,32.66312367181069,31.07480344266075,31.94507558294392,33.03699494506121,34.75025506381211,31.07292705877578,32.36963285241278,35.72369573546388,32.59495364316385,31.26006020467652,33.57782908408463,32.26203243752632,33.21345171763994,30.49315314951866,32.23920172708996,33.27347440529768,32.83223898853077,35.17983850161908,33.49635066690102,31.58487918292549,32.8711159682783,34.05883894086821,33.28440254834086,31.56010251884491,31.8825751626182,34.21396114161586,32.92438896927322,32.0067355567543,35.17499957356076,33.2616214878349,31.62131815721792,32.7648612083128,33.28492077502965,32.66688730197598,32.16162677788548,32.53651089161221,32.14132551715936,34.14443415843936,31.69604268674561,35.42427650637342,33.9889304333043,32.80529083852176,32.18864551359687,32.75552048128681,33.1336470675958,33.55220411537817,32.20287609826176,30.67608239329136,31.84137489179761,34.44557923739995,33.15016104033282,32.23842767567923,30.88491364728093,32.93184023099835,35.08887041499058,32.49763674484655,31.7822175595096,32.20712532965336,31.24907025816927,31.89613141119155,31.98366528401646,31.7725611180465,34.12724892223221,35.04067409454333,33.50029980462862,33.71769305572372,33.58619089745068,32.23064701491425,32.95206023908066,33.23974013135484,33.10171406438041,32.18466557228768,31.70348532890351,30.03561479310853,32.48843931308489
6,33.59427168432143,35.07677629144389,33.92363628799247,32.88574519453679,31.91773193696569,30.8005613747542,0,32.1608589903939,33.03642184014486,30.6000428594471,32.22945696098523,31.35917846500448,33.79383368308485,33.25181957427292,32.87325070631135,32.31446863248723,33.10102863960577,34.75979326750952,29.36055132316148,32.04208065965754,34.45685216324904,32.91464108873132,32.83048817791168,33.13467497954371,32.72566421021887,31.89637241129468,30.68078033557816,31.94354966186443,34.59468242374831,34.18752687750315,33.01212860449929,32.51229613546235,35.09699237826511,32.45532584954278,31.9448779149334,33.68444764279206,33.8486896053599,32.61654794732269,31.51543491687843,30.96728365549682,33.12500487547135,31.55002881139731,33.50396695915276,32.70715008985037,32.557164802851,32.70839665896204,33.90667336970703,31.44408087383061,31.25136592214811,32.50388358335047,31.12847863291747,32.10994316407304,33.92616002438236,32.20082213236177,32.22839556974563,30.99576450097657,31.68401055737736,31.30679303282276,33.06454147572592,35.35146709826907,30.54808714142344,33.53943510257739,33.16435108667137,34.95755647925066,32.15862147232061,32.33031281939598,33.3203383236125,31.58418821182525,31.57413699533212,31.11363750833386,33.96853146663835,32.78417237021548,32.20597873066428,33.06933649168064,33.19955770789726,33.19193293557939,33.71746449542136,31.38423785915472,34.23185531051451,34.55362539589732,32.35738118266063,31.1637941207421,31.69521618478094,33.66190492233023,33.44767982984769,31.68199037308104,31.60649020375403,32.98652955374361,34.62088384198185,34.72570794094772,32.06699200112165,34.2436617784956,34.73050276054177,32.32756342504025,31.81870039772209,31.9456203101458,34.98119104604645,33.6069856279911,32.56432469743538,32.91987566805197
7,31.73716895061687,34.54477685555371,33.94302219897339,34.30078071997779,32.58098219820882,33.93432943200734,32.1608589903939,0,33.51069042857817,32.2242572606414,31.00764197742228,31.826680332702,29.51679640475911,33.35604224124918,33.3209457398796,31.38288304155627,32.69893667995949,33.20065540015739,33.43332997175124,31.02294234917121,31.79975534497081,32.08804810205818,31.95441116653537,31.59418963986892,32.00088519088184,32.33198298898478,32.43030781537542,31.73465292074265,33.2859459982738,34.7989072098536,32.44200110967262,32.09000808663033,33.16189239171975,34.33520806693912,33.51854972996296,31.91435194391389,33.33922664070059,31.31005057485535,33.49235747151879,32.63864215925657,32.59327278749406,34.10330812399289,31.42421087314684,32.02594723033186,31.44485422131896,32.73536703628049,32.28566728441586,32.00150594893934,32.17801008452822,33.40019061322854,32.82314297869721,34.32153302228792,33.67104680582414,32.18056943250073,33.55142303986524,35.23928688268253,32.80445366105034,30.65690684005808,34.20188114709482,34.42620430718436,34.47995671400996,34.17348360937175,32.03031657664345,33.63353225577118,33.60321990524123,32.22497515902845,32.31950595228832,32.57360360782945,33.46593614408538,31.49485662770986,33.31103641437775,32.93473887857621,32.59463561692321,32.81542297457097,33.74534772379741,31.37201659122347,33.43370333959431,32.12002495329043,30.52182181652989,31.2039510799514,32.24261214604054,32.01393229517423,33.2440264107704,32.38465272316503,35.12534026881448,31.43122414097167,33.85811072697354,33.61091978806888,32.40433889157439,32.5217214027794,33.59145598213927,33.78654721927058,32.93714533774899,33.28695038599962,33.02737131531967,34.49205120024033,31.91556607675949,32.36820378087113,31.89416548524196,31.94034353290522
8,32.45536223800313,33.37833580333209,32.39142959179171,33.89851529197112,32.74188192514291,33.06670689681693,33.03642184014486,33.51069042857817,0,33.82934774718543,33.74901109662326,33.84223325964171,31.24818505129538,31.01850913567575,32.9283034789222,33.80433985452164,32.6320868011839,32.35592990473307,34.07836337032634,32.13532873645454,33.97991829007245,32.51284841412699,31.41404829053396,33.10413844219481,34.04626061698994,32.40321183154535,32.10296207517305,31.97103112193912,32.736284425695,33.33229905062056,32.54507134728698,31.85924399605238,33.38055065453534,32.12709968235539,32.282933153603,32.36919416667644,33.37470700994991,34.19331437576651,33.60002660713231,30.92069489840098,33.79061473249637,31.72591486466544,32.08722801988355,32.82017307998239,33.21264924693602,33.7850099896389,32.94777915125692,32.05391604780921,31.54426236259139,30.83141089862739,33.43466763705002,32.9044438032312,32.0650317012162,32.90963652184571,33.76478317715073,31.31027634818959,32.5078479909083,32.75799282617908,32.238872917644,32.93015781923919,32.83974616223457,34.14503590567742,32.39065125927541,33.70087952858204,32.00024298345249,31.43525121579276,33.86478840920168,33.02610680961351,32.81037846474801,32.23605858351793,31.94042476236032,33.46744923055834,32.22495219546492,32.02866622262002,33.08511852782153,31.60125089296308,33.71139519509687,32.63492350228509,34.00047999661182,31.82153374681994,33.59996251486005,31.78407091610513,32.85254283917762,31.79055103328661,32.84453330464599,31.07727932107314,30.09155251893795,33.93988886251694,32.40706367445221,31.80507968862835,33.43448674647183,32.29506531964287,31.93893307548014,32.71819767346606,32.29097884858866,34.07144668193589,31.02596975116168,32.41461533012541,31.10209412563728,31.77437124476266
9,34.50492175038222,32.20491887895389,32.56502409027206,33.78525530464435,32.51787313155644,30.54662387236928,30.6000428594471,32.2242572606414,33.82934774718543,0,30.56360680613465,33.51253999624618,32.10693392399842,32.34371258838416,33.12969123007336,33.5240617467514,31.56174649793639,34.66297132387816,32.19211911322397,33.0005786009882,33.66684912491812,31.99503347396279,32.35955557482211,33.10547503057462,32.98662785129756,32.92008787959109,31.95446108135764,31.23718130689771,34.84120383970681,35.07254032715623,32.75122889297437,33.23742647979834,34.58473300460766,32.69759350472143,34.51178894233098,33.24327378583524,33.65095753466757,33.75255476256575,32.57243744333542,31.16244043716729,33.44756674258981,32.84896721359744,35.89060750391389,31.86549648130403,30.38849290438736,34.45064639451632,32.35382685247605,31.52069988118918,31.60539771937699,31.84181494513151,32.74732750927927,32.83712723427553,32.97017399104834,31.8085155736636,34.96330822448012,30.74571716515978,33.31703795357564,33.43860542845648,34.67327002173288,33.73965330290162,30.86968647395046,33.51654194573181,32.20894260915748,33.48931495268305,33.66469043374674,31.59116461924125,31.32225185072108,32.49987430744925,32.64200036762453,33.14830562788994,33.28286155065396,32.50600287639192,32.33123596462097,30.39588490240085,33.90514519951212,33.14075546815432,32.69642070624856,32.14383149221636,33.09875394935587,35.29387625353725,31.60426892051135,31.08810407535333,32.20927726603004,32.9792431993216,31.37926167072769,31.51633013217117,31.83377558506059,32.07354568799654,34.27249490480668,31.69229276969402,33.05989729264143,33.61048448029275,34.65797286339753,32.06794923283994,33.872101292952,32.16652477343488,32.06180737263574,31.906074782085,30.33511789988626,31.51397973915702
10,33.42891431081781,35.27552368144236,32.11187205692002,31.5370544122307,32.85139089901674,30.49658031648795,32.22945696098523,31.00764197742228,33.74901109662326,30.56360680613465,0,34.35302571826825,30.97058745003072,31.41171521900707,32.70532476524274,30.81296309996817,31.86773551729083,30.18016550650443,31.69422193397402,32.81808198234626,34.55351601501648,32.81321925687877,33.20952532030533,33.1910475279103,31.86902737769072,32.06797659659868,33.29125131322041,31.42158110280259,31.72779538511934,32.53370735099215,32.31081114735437,31.96358734560312,33.18547917387965,32.74979743448805,30.63976130781701,33.71651807349033,32.95642162007277,31.44428984728389,31.78329048415221,31.61535049623837,31.64325201366004,34.43595440814732,32.96144195874932,30.90280280168774,32.51162364447521,31.58362164160405,31.49788162718249,32.02269610760468,31.06327323383676,33.15327878204508,34.19725038654423,32.09614110761603,32.87637656433568,32.32427146897514,32.61702661187864,33.0209128432271,31.92173806358294,33.27036314800306,32.69309038619629,31.99999906249997,31.27595792297976,31.04974368654274,32.17828486728278,32.83568225269576,33.29749433515982,32.07145458191754,32.95718012816024,32.38567793022094,31.00060536505699,33.10005617820006,30.97881721434827,31.48760587913919,29.67023188315184,32.92129754429494,33.01231312707427,32.00971855546374,30.81471239521798,30.81934467181286,32.91897732311866,31.14861104447515,33.15823624682108,30.48210386439887,32.92744759315547,30.26531888151851,31.54610384817752,29.8895129435058,32.51338688909539,32.33207444628322,33.99239826784805,32.98451424532428,31.25486246970222,32.03442451488712,32.02238604476563,29.70761186968755,32.08544920988329,32.83211700454298,31.43450926927282,34.41349167114548,31.23148621183436,30.35031525371689
11,33.22602808040708,34.15719231728509,35.33817110434552,34.05842402402084,33.92678045438441,35.27179112265213,31.35917846500448,31.826680332702,33.84223325964171,33.51253999624618,34.35302571826825,0,31.92751961866128,32.98555118532961,33.18494535177059,32.95899487241685,33.06116868775211,34.36404408680679,32.52270551476307,32.11019705638693,32.24179819737106,34.08274402098517,34.23559866571637,33.68818012300457,32.42501663839203,31.84999031397026,32.10494024289719,32.96657787820872,34.18426216843067,32.69295603031331,34.29398496821273,33.61622658776561,34.28433353588779,34.10297130749755,34.21284368479183,32.61955228080239,32.51533555109036,32.12558298303706,35.53646769165446,32.35491311995753,33.19207953714259,32.54764151209731,33.11301532630335,32.62128046229946,33.32216754654475,32.49986126124234,32.03048490110633,30.70520428201056,32.35596989737753,34.6568525691529,32.6985229024187,31.19541158568036,33.18512925995618,30.93294683666592,34.87568581404528,32.74240719617297,32.91126914903162,33.74705270093968,33.02065894254685,33.81696068543121,32.49033865628367,34.252854640161,34.33731729474508,33.74783387122794,32.70326104534532,35.12195024482554,34.37541269570445,33.77639129628862,31.11036272691143,32.46513556109075,34.10905568906884,31.30239888570843,32.82327399879543,33.90923918344379,33.34147783167386,30.89824998280646,31.68115458754621,32.41485603855122,34.00000538235252,32.56763227500581,34.03842568333618,33.02790471707218,33.13077857521613,32.99497999696317,32.49914881962294,32.68868905294306,32.07817568067112,34.186191130338,33.70541217668166,34.15481913288373,34.09038618144416,34.46729348237254,32.14798715316404,35.23887743671754,32.49240755930528,29.77498364399215,32.74213241375706,33.81804635102388,31.86289090776291,33.08510299213227
12,32.24197135722319,33.92847447204193,32.24203203893949,34.3256974583183,33.10393685047143,34.80266328889213,33.79383368308485,29.51679640475911,31.24818505129538,32.10693392399842,30.97058745003072,31.92751961866128,0,31.72482608305363,30.97761767792998,32.76228279592251,32.73561451996892,33.58527345429839,33.9738547857025,31.80960307831584,33.44117450090531,31.37826051584121,32.31426791681965,34.14187594435901,33.50319407161056,31.55220664232533,34.16320185521258,30.36856723653586,31.49636447274511,33.48585738785854,32.90579371478525,34.31082818878028,33.93405099601284,32.63530660189974,33.93199434162396,33.53433276509315,31.79960495037636,31.63291938787818,33.23312863694901,32.04112878785639,33.25166243964353,32.89159222354553,31.85082283081555,30.63747695225571,32.68363589015151,32.01164280382999,32.49446715981046,30.18823845473597,30.35483103230851,33.43691913140323,32.02789479500643,31.90528227425672,33.017424899589,33.97611665567446,34.28209850636334,33.1932549473534,33.04008964878878,33.89055442154937,31.26316548272103,32.34335942662728,34.59968758529476,32.17133111949208,31.23800166463917,32.81054681043886,32.70342440785063,32.30462422007103,33.12725737213993,33.17888201853704,33.05783314132975,32.9028921525145,32.81068742041226,33.16113063512763,31.22713478691248,31.78989793943983,33.69746006748876,32.62124336992691,33.76401606740525,30.70665616767804,31.90057643679813,32.8218446922168,32.11313239159331,29.73022840477348,33.75575953818843,31.50078005383359,34.09581386328826,30.74362049271361,32.90243212894756,33.02449116943365,31.76862236547251,31.66222868024296,33.45304382264789,31.63425992496109,32.66993310369644,33.35226421099473,32.53451247521623,33.40963932759526,31.97601385413761,32.98683467688284,29.25203712564306,33.9772923435638
13,32.48364017470949,32.54858172025319,32.91368007379302,32.94779400809711,35.06196978208725,31.94889559906571,33.25181957427292,33.35604224124918,31.01850913567575,32.34371258838416,31.41171521900707,32.98555118532961,31.72482608305363,0,31.10146110715701,33.72352146499532,33.09134732826695,32.33424566925908,33.33566467013971,31.49533813122189,31.95068046223741,31.23965414341202,32.40993549823881,31.66824066789944,34.66472032196423,31.51991107220959,30.73741578272318,31.55746225538422,32.08841848704919,32.22151286019947,31.09869370246923,32.02945770692973,34.22236647282008,32.30853579164491,31.72082577739742,31.61092279576792,32.39985825586278,32.1150739217583,32.55222196717146,31.14901947092396,32.87520450126509,31.85470607304358,30.5701628225955,32.87849747175197,32.9223598030275,31.68472267513162,32.51922456025051,32.24256849259996,32.33030091106484,32.9772001692078,33.10298966860847,32.15529880128624,32.59570660378449,33.55806488759445,30.25882598515679,33.97907258887447,31.61953778915816,32.89729464560877,30.28706793336061,34.39029268558208,33.02243018010637,33.57708507300774,32.75372971128631,34.42767497232424,32.271692735275,32.45125020704133,33.87894613177924,32.29685151837561,31.64770184389381,33.80113042488372,33.9660033415767,30.67721716518629,31.46001215829389,31.126534837659,31.63149931634603,30.62800435875639,31.44811051557787,31.73814703160852,33.47720022642277,32.12100796986295,31.72638674668138,32.16393969960769,33.8008679474359,31.98344309169981,32.59130382479351,29.17652774063425,32.9020676249989,32.3843097965666,33.03427597208695,30.97966363600482,32.24929086042047,32.3793114349271,31.83377110868267,33.21210104766032,29.99492133678634,32.59321171655226,33.02053627668697,33.07998032042945,30.06479695590841,32.27953650534653
14,32.24560066117548,33.85866177213742,33.15236059468468,33.80355266832172,33.59630691013523,31.8362799805505,32.87325070631135,33.3209457398796,32.9283034789222,33.12969123007336,32.70532476524274,33.18494535177059,30.97761767792998,31.10146110715701,0,33.66320253630069,30.99337711511929,34.06801567452969,32.40069292468915,33.37481363243845,33.08015451898616,31.91660796513314,32.47591692316016,33.66249761975484,33.16183061895106,31.25616014484185,32.31544732786475,31.55424977716947,32.98022431700551,34.10454025492793,33.27487729504048,31.31965919354807,34.32193604679083,32.45565879781213,34.23536541356028,34.82202488368532,31.56441315785865,32.93437107339384,31.73867650044658,31.87648244395859,32.17821188319824,32.38142239000629,34.80100461193614,31.74921569110015,32.52634885750319,32.13655488691967,34.07837882000845,31.95820276548729,31.18959230256144,31.66938202744095,31.97568760793114,32.84846389102541,34.07510956695518,32.06971986157659,32.21233063595368,30.57790341079651,30.27999813408184,31.64907489959224,31.51564622532753,34.38012457801744,30.26098921053308,34.00791668126702,32.04372795103591,30.53859782308285,33.21013744325668,33.27105635533685,32.54524512121548,31.02349375876289,33.19634707313442,34.32643862972097,33.58560569648849,32.22506443748406,32.01716661417748,32.03875562502388,32.87713415126081,31.96086704080476,33.31771399721175,29.08169448295612,32.0060210585446,32.80598286898289,33.74763373927126,32.50248864317931,32.77888931919445,31.2010011858594,31.99571968248254,31.95408349491501,32.05173996836989,32.8359055303794,33.42695508119159,31.17629259549635,32.43852792590934,31.41046494402781,30.84144714503521,32.92094006859465,31.8485196673252,31.26236413005261,33.13762186699583,32.92706866697976,29.39592235327886,31.78862371981523
15,31.63935866922717,34.20869290107414,35.54540971771179,33.10600477254845,32.67808352703688,32.29017435691546,32.31446863248723,31.38288304155627,33.80433985452164,33.5240617467514,30.81296309996817,32.95899487241685,32.76228279592251,33.72352146499532,33.66320253630069,0,34.28312541178239,34.18493868650346,32.35786391281105,31.67334604995185,32.87625742081966,34.7730009777701,34.0464310464401,31.2987420673739,31.89411448841306,33.16359476896315,33.93335505074616,32.48337325463597,31.79448409708829,33.61394117029421,32.56464785622594,32.5002838910678,32.24158902721764,34.76150179437016,31.42140235571926,33.02685997790284,33.50410352479231,32.19789948117734,32.94695462406199,31.13016414990452,33.28797607244995,33.08574226158451,33.35476923919578,32.54426136817365,33.45863845107867,31.73573038390639,31.50585107563354,31.78548245661846,31.57104402771628,34.25099982482263,33.66070000757561,34.57757939763858,33.41858846510426,32.13253583208149,32.68620727462886,32.19242594151611,31.98761354024398,33.25690874089172,31.22292955505617,33.91340833652671,33.44245100168348,32.18478792846086,31.44898227288127,34.44410213665034,33.12525202922991,34.64644919757288,31.89586401087137,31.86538262754741,32.74906789513253,30.90685451481598,32.3646663353726,33.05841252994462,32.3098018099771,31.90803207657907,33.78603754511618,32.75105370823968,31.89679123360217,31.42465514528361,33.52835592450069,32.86980670767626,31.79654629043852,31.92275688282577,34.92006506294053,32.15718858980058,33.94312076106145,32.51566962250663,31.99879766491236,32.19096542510026,32.05706413569403,32.5221032683927,31.52981980601855,32.3979136828284,30.514910273504,32.12286067584891,33.77430994113722,32.84372740722345,33.37670600883197,34.88561953011584,33.43460216601957,31.80580420300673
16,31.27073179508276,32.57425919341836,33.60195080646361,33.7923162863986,35.61580796500342,31.74961423387693,33.10102863960577,32.69893667995949,32.6320868011839,31.56174649793639,31.86773551729083,33.06116868775211,32.73561451996892,33.09134732826695,30.99337711511929,34.28312541178239,0,32.61170932349299,32.33579324834942,34.14123685515802,32.83060663466333,32.20561163834651,32.83347186942009,34.20779585123835,33.36702703268603,31.85839622454338,31.94478040306428,30.17537850632531,31.90189710659854,33.12017857741713,32.58377608565343,34.40986795964204,33.58981025549266,32.64699329187912,32.03244683129904,32.77339009013259,31.29319946889419,32.89899154989405,31.84646126338058,32.24917884225892,31.33815321616767,33.95597769171135,33.32010406646414,30.84309047420508,32.47887514985702,31.51829416386616,31.83206364658125,31.92949468751423,31.33161494401462,31.4415015067665,33.28984981942695,31.86832309676805,31.48755215954395,34.12744641780278,32.1096081259177,32.77705926406455,30.26059034453888,33.55972367287907,34.51541690317531,34.62106276531673,33.35353281138297,30.6458897080832,32.17839417994627,32.45143281890649,34.63181265830595,33.27553188154924,32.63204132444061,33.26582636881278,32.70004256877963,34.53072799695946,32.13994077468097,33.8944080491163,31.73275933479471,32.80817923932994,33.71925884416797,33.40147959297612,31.25435840006958,30.93014097931015,33.36643317767123,33.36037480305041,32.74791117002732,31.89072822937726,34.57714114845241,31.78755895000432,33.56340973441167,31.50946297543009,32.26079369761383,33.63657727831416,32.46689607892936,32.42475268988185,32.63335338269728,32.15930277540234,31.60424169316519,32.12822880272113,31.28478438474525,32.27381297584778,31.54264611601251,32.58361514626638,31.0094715208112,33.60670199528658
17,33.47911014349097,35.46933606652372,32.76729730997049,33.49092397949033,32.92145018069526,33.40813875390248,34.75979326750952,33.20065540015739,32.35592990473307,34.66297132387816,30.18016550650443,34.36404408680679,33.58527345429839,32.33424566925908,34.06801567452969,34.18493868650346,32.61170932349299,0,32.77879930686907,32.27762666306185,35.97842357580443,34.32532621840614,31.87067140805164,33.05352894926651,36.39523724335371,32.25205092703409,33.07997137241809,33.78174470035555,33.34856434691006,33.35946201604575,33.95468705495605,31.45633831201592,33.74301142458982,33.44117258709689,32.28104364793679,33.08166493694052,34.96337515172127,33.43131923810366,33.54937406271539,31.9509451033925,33.13129511504192,34.1229445974406,34.09529078919843,32.20471553980877,32.23018693709361,33.06368996346294,32.83784744772409,32.72520750125199,32.84992946719977,33.50618145954564,34.8045780896709,32.51002156258897,34.28507847446176,34.47141346101143,31.81077234208563,35.29205923433767,34.96721177045719,33.45342263506083,33.31227132754536,34.33828822175037,33.60481346474042,33.01326007833823,33.67048528013816,33.71109450907817,34.49707264392152,34.67356997772222,33.39229644693516,35.37841744623409,34.2712887268629,33.26094786683026,34.1085922312839,33.10597988279459,33.08080219704473,33.45094886546568,32.72728341919016,33.01816294102385,33.11700526919667,34.27648768470888,33.97576212537402,31.80548370957436,36.14537778195159,32.30195740199036,32.66442298587256,31.41100980548064,34.18318899693239,33.85562139438589,32.98106021643331,34.60343899094424,35.15627084888271,31.99963577917724,32.63417711541076,34.9004839507993,32.66928637114684,33.1394198349941,31.56004174585324,34.22395072168027,35.19237023844799,35.00565147229801,33.39664547525695,30.85885169606932
18,32.0491641388664,34.12942342026891,34.11311148224389,33.02902576522656,31.93429504466945,31.69701826670768,29.36055132316148,33.43332997175124,34.07836337032634,32.19211911322397,31.69422193397402,32.52270551476307,33.9738547857025,33.33566467013971,32.40069292468915,32.35786391281105,32.33579324834942,32.77879930686907,0,32.32923384492743,31.99694418221841,32.48095060185278,33.29396278606679,33.06233945140604,32.02666951151807,32.97106845402496,31.39454506757503,31.9584912190798,33.43434614285136,32.69888022547562,33.22205254044366,31.88540114221555,32.85040075859044,34.72423925732571,31.15279960131994,34.10778185399923,31.62559934609937,31.19737004941282,33.40979467162287,33.25176685531162,31.44813536602767,32.00648781106731,33.74777293392854,30.61067802254631,32.75838778084172,32.858201989762,31.91398397254721,32.4179540070005,30.92803288280714,31.27420624092641,33.20972995975728,31.68787872357505,30.55841200062595,31.55351127846155,33.08219613326782,30.80388191446007,30.84405133895352,32.91217592320507,32.11534127173492,33.4476733421026,32.08312755951328,32.9080528898323,31.99583849502933,33.12254750166417,32.73904764955755,33.5678499311469,32.3555105353014,32.96494849078336,33.0897423531825,31.99712869930675,32.9306876940036,32.28748413859464,31.4670983409656,32.34419008106401,33.41757214400831,32.92680716376856,33.04996030254803,31.83884071381996,32.81307020075995,32.80775792400328,31.36892352313034,31.56571152374044,33.20994843416653,33.95881760309095,32.58579840973671,32.76221708004513,30.15672235174107,31.65258002122419,35.11018254011221,32.43105314355365,32.04875688696833,33.89338829329402,32.2059725206366,32.95940010072998,31.74579917091393,32.95135934980528,33.71770669840997,33.22425206080643,30.59859988626931,33.00309209755959
19,32.90875745147483,34.2764193579201,32.42398513446489,33.37700924289054,33.17504304443327,33.36693614942793,32.04208065965754,31.02294234917121,32.13532873645454,33.0005786009882,32.81808198234626,32.11019705638693,31.80960307831584,31.49533813122189,33.37481363243845,31.67334604995185,34.14123685515802,32.27762666306185,32.32923384492743,0,32.42678494701564,31.67429476720832,31.13090344015092,31.72509150499017,33.00893010989601,32.50899887723398,31.31502886794135,33.48370953165135,32.3845899927728,31.95519546177115,32.4502565167057,32.75167282750608,33.205284865515,32.5002823833886,31.53009429101029,34.18004189581985,33.89243152976782,33.04840932632008,32.76804908748764,31.41039958357741,31.69892693767409,33.48223219858556,33.79797702525997,30.07967596235039,30.89173674301916,32.09632600470028,31.52298377374832,30.48130533622206,31.1838260481295,33.34628733457444,31.66905563795675,31.79140262712547,33.5398430676114,33.52696033045643,32.63962138260798,32.21769451714385,32.5573570180382,33.43514783876392,31.72059119877812,35.52573029509738,32.12806186186773,32.70918048499535,30.67188002063128,32.37002048192125,33.684134900573,33.30063026430581,31.33738443137844,30.70653256230668,33.82146637861819,30.30186825923445,34.29026376393159,31.43968665556321,31.08368174782389,33.05141341909601,34.64655147341507,31.58410465724809,32.4010216351275,33.09897860961877,32.83445317041233,32.11251178279269,30.51052031676943,29.61328801399805,33.39622346912895,33.55867851987025,32.53741321924655,32.55933855286376,31.59732229161198,33.14049361430816,33.50215699025959,32.87406283074851,33.04087464036024,33.70458115746285,31.03156497826044,34.18233271735561,30.18106631648392,33.05326655566738,33.69082165813116,33.25251725809641,31.91967111359388,32.46764298497814
20,32.714312448835,34.1510089162824,33.35823550489445,32.05365102449329,33.63843157758697,33.73210132796355,34.45685216324904,31.79975534497081,33.97991829007245,33.66684912491812,34.55351601501648,32.24179819737106,33.44117450090531,31.95068046223741,33.08015451898616,32.87625742081966,32.83060663466333,35.97842357580443,31.99694418221841,32.42678494701564,0,31.9929358296484,33.07588609546236,32.35379518696375,31.16298588068866,32.3365915334316,33.17431872699122,33.15637525424031,33.46123612480567,31.56801411238914,33.61663210376673,32.38049741742706,34.02812973115036,34.94180672203426,33.22179901811459,33.92363854305726,31.84114107565871,33.74353112820294,35.10767481619936,31.7985498725964,32.87905240422845,33.63385474488464,33.05431831092573,34.01516702884171,32.50169474042853,32.31795960452948,30.36436743948407,34.34470505041498,33.0640480733984,33.18573499261391,33.4500411509463,33.01929498035958,32.37898582414216,33.21245921337353,33.82439903383355,33.08175370200316,31.58984824275039,33.15632037787064,32.6086916020867,33.49397842896541,32.39232870603779,32.8760308735711,34.02777994521534,34.62205695795674,32.41951082295967,34.40684687674824,31.66793225014858,33.18268653982074,33.55090064364889,31.88763926665002,34.92482817423731,31.88714504310475,33.36769744828072,32.52380926336888,32.41517951515925,33.87813960358508,33.83527081316182,34.31115324497268,33.36322369016521,32.01035312207598,32.66048866750159,34.41223100875618,33.17956491577308,34.55522223919273,33.83526292198718,32.24964705233222,33.28248497333094,32.87204485577373,34.18416082047356,33.05573845794403,33.10113706506167,32.72436213282086,31.62084652567037,33.3218784584543,33.31131492451176,31.96282462486692,33.24670464873173,33.65270928172054,33.63753287623813,31.607281771769
21,31.35941705453085,32.79770450809021,31.0067209649779,31.64502651286612,32.86486004838603,32.72459330534148,32.91464108873132,32.08804810205818,32.51284841412699,31.99503347396279,32.81321925687877,34.08274402098517,31.37826051584121,31.23965414341202,31.91660796513314,34.7730009777701,32.20561163834651,34.32532621840614,32.48095060185278,31.67429476720832,31.9929358296484,0,31.61471056328051,31.65189504595262,32.18456328738981,32.4275873755665,32.36972214894654,30.1200826194086,30.85272898788696,33.09086602070123,33.95930259884617,33.22062019288624,34.11376892106765,32.78308362555298,33.07682404645283,33.8131582523727,33.95061554670254,33.88515347464137,33.49481252373268,30.34875995819268,31.77440133188981,31.69301146940757,32.55674618262704,32.03177651957505,31.11417387622562,33.52788293346301,34.68928348928527,32.30020820366332,33.74557037597675,31.12410628435779,32.74904163483262,31.13938130406576,33.82581475737133,32.00695143246229,32.6323485057389,32.53101410961546,32.23271395647596,33.64121463324415,32.57059905804619,31.98712275275787,32.70517677677344,33.36816424378183,30.81746431814273,30.97173793961198,33.45079333887316,34.46275353189295,33.68550097593919,31.98313635339723,32.75459093012765,33.86995144667321,32.78859271149038,31.60521089947036,31.33202275627923,31.17475408082638,32.59128085853638,31.16981097151537,32.14587301660977,31.52180220101636,32.15959166407434,32.76309765574678,30.27898140624946,31.40691659491583,32.73870267741226,33.07812118304181,34.22780361051523,30.83620784078354,31.48857613484611,32.98255696576601,33.24726939163576,32.83683992103989,33.03024017472474,33.13849948322948,31.71857317093567,33.04495027988391,31.01228780660982,31.57083487967969,32.48036802439283,30.86684763625854,30.31135600727886,31.86783968203681
