,\string0,\string173,\string122,\string71,\string181,\string120,\string196,\string25,\string180,\string11,\string155,\string32,\string124,\string31,\string153,\string135,\string190,\string64,\string161,\string60,\string109,\string18,\string116,\string90,\string52,\string154,\string66,\string137,\string134,\string54,\string141,\string14,\string104,\string9,\string68,\string63,\string138,\string183,\string42,\string178,\string41,\string199,\string111,\string92,\string146,\string85,\string69,\string21,\string78,\string51,\string10,\string24,\string27,\string34,\string65,\string166,\string91,\string7,\string16,\string189,\string164,\string80,\string188,\string191,\string165,\string3,\string97,\string133,\string112,\string198,\string186,\string49,\string157,\string70,\string105,\string145,\string93,\string136,\string177,\string36,\string123,\string98,\string187,\string43,\string150,\string119,\string19,\string127,\string82,\string81,\string15,\string33,\string159,\string184,\string87,\string170,\string185,\string132,\string67,\string1,\string195,\string197,\string61,\string172,\string149,\string57,\string160,\string103,\string58,\string168,\string140,\string113,\string102,\string2,\string94,\string101,\string74,\string152,\string30,\string76,\string50,\string12,\string73,\string40,\string129,\string107,\string106,\string151,\string75,\string28,\string17,\string108,\string83,\string174,\string37,\string162,\string156,\string84,\string45,\string4,\string175,\string142,\string13,\string77,\string38,\string139,\string130,\string35,\string179,\string72,\string126,\string147,\string46,\string121,\string47,\string20,\string59,\string62,\string44,\string88,\string169,\string99,\string115,\string182,\string55,\string22,\string193,\string79,\string39,\string163,\string96,\string131,\string144,\string29,\string89,\string167,\string23,\string53,\string110,\string125,\string5,\string143,\string176,\string48,\string194,\string95,\string128,\string26,\string56,\string118,\string158,\string148,\string171,\string114,\string6,\string8,\string86,\string117,\string192,\string100
\string0,0,11.990,20.669,34.792,40.051,41.113,48.420,47.066,55.627,40.783,36.718,26.572,31.049,34.765,40.564,51.424,44.524,45.878,47.970,54.891,53.650,59.533,46.786,42.866,48.351,42.718,51.235,50.453,49.398,45.400,45.531,45.366,42.843,44.995,47.769,56.878,40.179,46.819,51.877,47.620,45.835,38.871,41.207,51.658,49.048,58.344,45.482,36.940,35.602,34.378,32.749,32.138,18.989,18.372,23.742,18.799,14.811,21.628,27.330,26.255,35.336,41.273,43.527,42.087,44.830,57.635,58.554,64.195,47.849,49.885,52.008,42.663,46.691,51.260,49.275,53.721,53.431,46.953,40.312,39.799,45.578,45.372,46.559,40.711,35.289,29.171,28.385,20.600,22.450,19.680,26.735,19.026,19.609,26.781,31.762,32.782,27.691,28.574,36.779,42.557,36.758,31.733,26.435,34.503,40.464,46.745,49.706,33.635,21.603,14.898,16.013,23.649,28.831,39.083,34.967,41.491,35.884,29.644,27.576,32.438,33.890,42.955,38.350,39.165,50.854,48.508,56.138,56.890,60.372,50.556,42.163,47.012,48.781,56.784,45.299,39.290,47.232,52.093,55.342,37.333,35.324,42.896,49.943,56.080,58.537,46.067,49.373,56.557,63.152,47.943,35.926,29.954,28.502,27.529,31.341,45.395,51.700,64.816,48.336,38.685,44.521,49.388,41.971,33.892,36.948,42.438,49.998,55.025,46.248,53.826,37.948,31.647,40.086,33.991,40.199,38.453,26.094,26.486,18.184,36.169,40.237,42.710,55.864,58.087,63.720,36.339,27.409,23.388,28.151,43.741,48.315,61.351,56.794,55.750,46.512,41.202,30.450,39.203,23.954,42.832
\string173,11.990,0,10.648,24.335,29.081,30.048,37.624,38.783,49.018,34.569,29.439,19.524,28.408,32.307,38.736,47.175,38.703,39.336,42.287,49.585,47.913,55.276,41.819,41.271,46.385,43.964,52.408,53.367,51.108,47.774,46.427,49.502,45.977,48.324,51.698,61.704,44.399,49.763,52.575,48.682,48.470,41.078,44.589,55.823,51.665,59.943,45.795,38.391,34.895,32.379,33.396,33.481,23.451,24.476,30.672,23.714,21.523,27.766,32.104,30.484,36.915,41.111,43.477,43.275,43.464,55.481,56.277,62.901,46.678,48.170,53.422,39.791,44.626,48.247,46.797,49.569,49.442,42.009,35.341,34.770,38.353,38.248,39.963,35.802,31.425,23.204,27.143,21.719,24.841,21.301,28.893,24.007,24.993,27.041,32.828,33.493,28.658,32.630,42.694,49.451,42.544,41.417,36.918,43.572,47.539,52.754,54.206,39.164,28.675,22.091,19.795,18.921,25.665,37.930,36.729,46.077,42.759,38.572,37.750,38.634,40.695,47.517,45.043,40.917,50.684,49.631,56.489,54.078,55.953,47.092,40.454,45.975,46.948,54.082,44.127,37.550,45.514,49.497,51.583,33.731,32.425,43.160,49.076,54.808,59.607,46.177,48.484,56.749,60.821,42.977,31.879,24.885,23.347,24.037,29.374,43.696,46.355,59.200,40.025,29.595,36.923,42.683,38.247,27.219,32.131,42.685,46.116,51.556,44.607,50.352,33.209,29.102,37.861,31.190,35.271,37.439,30.623,29.745,24.838,40.289,46.915,49.374,62.011,59.788,64.426,40.917,33.500,21.802,21.804,35.037,39.669,54.481,55.383,57.924,53.566,39.301,24.071,33.122,21.622,35.241
\string122,20.669,10.648,0,14.911,24.292,27.099,33.900,39.661,51.005,36.501,32.155,24.391,35.757,39.118,44.349,48.740,38.024,38.272,38.548,44.772,42.201,49.534,35.359,36.160,41.752,41.263,48.890,51.577,48.999,47.068,45.461,50.372,47.765,51.586,56.888,67.691,50.810,53.957,54.869,50.943,50.985,43.408,45.705,56.958,52.293,58.856,43.641,36.630,29.848,30.061,35.288,36.062,27.533,29.991,36.240,28.454,25.447,31.335,35.816,35.159,39.698,42.342,44.239,43.014,41.243,53.461,55.920,63.832,49.837,50.856,58.258,42.880,48.127,51.115,47.608,48.443,47.605,40.415,33.970,31.895,36.095,36.239,40.373,34.517,29.143,23.936,31.999,26.475,29.671,27.277,35.627,33.077,33.720,32.555,36.325,35.445,31.661,37.426,47.653,56.551,50.708,49.347,44.268,51.351,53.391,56.442,57.679,43.231,34.244,29.641,23.795,21.190,29.629,42.818,43.850,52.498,49.611,45.361,44.812,44.030,43.437,46.508,45.931,38.762,48.399,49.409,57.006,51.782,51.725,46.148,39.401,45.077,44.969,51.214,44.275,35.768,44.906,48.996,48.493,33.947,32.716,47.194,51.465,57.141,62.105,48.835,52.246,60.801,63.328,43.915,34.312,26.050,22.253,27.655,32.716,43.589,44.556,57.058,33.693,24.936,30.230,39.087,38.050,27.213,33.842,45.816,45.237,50.186,41.976,46.645,30.766,28.723,36.184,30.209,36.322,39.650,36.330,32.707,30.337,47.460,55.800,54.532,66.768,63.164,68.644,46.846,40.428,27.760,22.013,33.314,38.037,50.969,54.295,59.892,59.293,45.342,19.184,33.061,21.155,27.256
\string71,34.792,24.335,14.911,0,15.665,21.061,25.079,36.373,48.145,35.266,32.529,29.237,41.954,44.243,47.621,46.275,33.805,33.180,31.523,36.561,33.271,41.627,28.171,34.204,38.139,42.287,48.661,53.256,49.425,48.734,45.669,62.053,59.918,64.290,70.198,81.257,64.571,66.746,55.529,52.231,63.194,46.544,49.067,68.603,53.960,58.281,43.127,38.901,31.347,29.851,38.356,39.882,36.177,44.609,50.777,42.878,39.571,45.290,49.620,49.192,43.157,43.116,44.540,44.141,39.204,49.165,52.369,61.372,50.421,50.607,70.331,43.297,48.722,50.334,45.633,43.573,42.390,35.559,30.471,27.547,29.639,30.098,36.613,31.026,27.216,24.771,36.656,33.687,36.792,35.235,49.303,47.390,48.186,38.345,40.441,38.564,36.403,51.352,61.669,71.047,64.979,64.251,59.020,66.239,67.742,69.810,70.616,57.005,48.823,44.530,33.130,25.354,33.156,45.784,56.850,66.342,64.160,60.138,59.558,58.291,56.599,51.092,57.447,40.951,46.612,49.609,56.086,46.864,44.109,42.218,37.939,43.436,41.986,46.137,43.250,34.601,42.840,45.760,42.522,32.890,32.549,49.631,51.428,56.296,73.225,49.933,53.290,71.934,61.599,40.992,34.907,27.062,22.732,31.247,35.590,42.053,38.658,49.559,22.442,16.792,20.081,31.180,35.727,25.698,33.424,47.705,41.144,45.476,39.336,40.821,27.352,29.494,34.488,29.889,34.687,40.893,50.572,38.850,44.961,61.309,70.149,68.605,80.424,74.858,79.834,60.780,54.990,34.159,22.919,27.316,31.437,41.831,51.143,71.352,73.535,48.983,16.712,30.283,25.200,16.892
\string181,40.051,29.081,24.292,15.665,0,6.896,9.944,21.723,33.717,23.799,21.046,22.546,34.408,35.717,38.577,35.817,25.100,23.309,28.453,35.554,33.929,44.403,33.852,42.957,44.101,49.893,56.876,60.479,55.511,53.412,48.627,74.061,70.500,73.261,76.988,87.288,70.104,74.233,51.482,49.338,72.607,46.496,52.267,80.369,55.945,61.002,47.653,45.766,42.744,33.788,38.451,39.841,40.192,52.788,59.048,51.509,49.081,55.237,59.090,57.482,42.325,41.253,43.197,46.717,41.338,47.484,47.163,55.056,43.083,42.778,75.473,34.722,39.975,40.248,39.427,37.046,37.571,29.631,25.876,26.131,20.417,20.702,24.512,26.249,28.106,20.445,32.279,34.222,37.364,35.009,54.109,50.897,52.287,35.078,38.857,38.628,36.604,59.360,70.119,77.066,68.945,70.314,65.958,72.326,75.570,79.704,79.955,66.334,57.140,50.903,37.798,23.795,27.871,38.286,59.936,72.040,70.668,67.517,66.820,66.407,67.632,60.095,69.924,48.686,49.826,51.015,53.944,44.667,42.682,37.129,37.715,43.008,42.106,45.370,40.972,36.469,40.713,41.133,40.475,28.744,30.000,43.944,45.224,48.759,81.145,45.340,45.379,76.873,51.558,30.739,27.435,22.684,22.740,26.680,31.135,39.381,31.402,40.873,20.149,10.708,21.856,25.177,30.693,18.552,25.400,43.258,35.277,40.478,41.626,40.947,26.176,29.938,35.196,30.231,26.236,36.956,57.828,41.585,53.272,65.862,73.230,77.091,89.047,82.132,84.710,67.358,61.318,30.644,19.635,14.131,17.464,33.617,49.004,80.907,81.455,39.548,21.729,21.773,29.306,23.529
\string120,41.113,30.048,27.099,21.061,6.896,0,8.295,17.816,30.365,22.644,18.089,20.469,31.547,32.962,36.925,36.066,27.355,25.321,33.507,41.155,39.999,50.642,40.436,49.171,50.273,55.507,62.853,65.949,61.019,58.359,53.500,75.802,71.344,73.228,75.945,85.856,68.754,73.438,53.905,52.055,72.730,49.722,56.429,81.821,60.206,65.983,53.030,50.978,48.537,38.922,41.753,42.861,43.042,53.549,59.683,52.393,50.997,56.829,59.972,57.772,45.173,44.557,46.811,51.277,46.513,52.074,50.332,57.371,43.963,43.708,73.491,34.953,40.006,39.993,41.820,40.170,41.447,33.195,29.654,31.082,23.437,23.507,24.324,29.950,32.988,22.755,33.002,36.272,39.483,36.431,52.816,49.746,51.309,35.920,41.187,41.904,39.408,59.410,70.287,76.177,67.301,70.228,66.573,72.043,75.519,80.391,80.110,66.988,57.907,51.114,40.632,25.948,28.544,37.988,57.670,70.756,70.124,67.855,67.464,66.575,69.503,65.209,72.936,54.074,55.186,55.481,57.550,49.252,47.973,40.596,42.169,47.417,46.981,50.398,44.643,41.395,44.713,44.534,45.364,31.859,33.407,44.984,46.920,50.023,80.247,47.410,45.731,74.678,51.650,31.401,28.274,24.932,26.706,27.708,32.617,43.068,34.629,43.488,26.305,16.379,28.444,29.620,33.839,20.637,26.402,45.126,38.512,44.112,46.960,46.382,30.953,34.004,39.967,34.569,27.549,39.309,57.674,44.813,54.161,64.250,71.361,77.236,88.942,80.966,82.400,66.566,60.860,30.939,22.323,14.820,17.280,36.955,53.187,80.893,81.319,37.303,27.235,23.667,33.395,30.382
\string196,48.420,37.624,33.900,25.079,9.944,8.295,0,17.296,28.444,23.633,21.631,26.889,36.756,37.235,39.369,34.544,26.140,23.449,31.637,38.551,37.692,48.575,40.236,50.823,50.686,57.656,64.397,67.920,62.469,60.151,54.633,83.233,79.101,81.259,84.185,94.133,77.046,81.592,54.118,52.838,80.660,51.862,58.765,89.355,61.513,66.253,54.174,53.642,51.816,41.023,44.376,45.718,48.095,61.434,67.621,60.252,58.337,64.401,67.847,65.829,47.635,45.685,47.650,52.835,46.976,50.387,48.327,55.418,44.250,43.453,81.588,35.739,40.420,39.349,40.990,37.771,39.213,31.640,29.691,31.321,21.249,21.444,22.816,29.897,34.526,26.371,36.838,41.109,44.040,41.579,61.108,57.886,59.466,40.065,44.157,44.535,42.936,67.525,78.391,84.431,75.536,78.161,74.275,80.080,83.671,88.341,88.143,74.949,65.790,59.079,46.055,30.707,32.332,40.169,65.908,79.048,78.340,75.808,75.211,74.675,76.967,68.573,79.696,56.714,55.471,56.257,57.119,47.304,45.024,39.045,42.738,47.491,46.595,48.653,44.843,42.547,44.439,43.163,43.196,32.933,35.011,46.444,46.821,49.092,88.107,48.122,46.107,82.588,49.743,30.069,30.189,28.147,30.015,31.710,35.555,43.063,31.911,38.730,23.778,17.083,27.590,26.769,33.820,22.983,27.919,46.417,36.855,41.909,47.177,44.775,31.694,36.430,40.804,36.466,28.021,40.776,65.837,48.751,61.992,72.540,79.485,85.352,97.104,88.959,90.283,74.828,69.058,35.967,26.239,13.190,13.625,31.734,51.886,88.721,89.496,39.991,30.300,24.122,37.517,30.680
\string25,47.066,38.783,39.661,36.373,21.723,17.816,17.296,0,12.661,11.903,10.772,20.926,24.923,23.781,24.944,23.558,21.765,19.610,34.268,42.871,43.844,54.367,47.380,56.147,55.029,60.177,67.876,69.291,63.791,59.623,53.798,87.779,83.115,83.981,84.775,93.468,76.355,83.365,46.131,45.727,84.139,46.682,56.039,93.817,58.395,65.066,55.179,55.164,57.476,42.558,40.346,40.985,45.505,62.310,68.142,61.831,59.977,66.447,70.075,67.410,41.973,40.762,43.343,51.241,47.520,49.236,43.332,47.720,33.348,32.732,82.425,24.362,28.035,26.513,34.116,34.014,37.293,29.586,28.210,32.885,21.084,20.568,13.383,28.165,35.626,23.919,28.657,36.735,39.071,36.156,60.776,55.245,57.203,32.058,37.887,40.424,38.542,68.973,79.294,82.628,72.544,75.269,72.065,77.401,83.405,90.289,90.520,76.745,66.349,58.334,44.343,28.221,24.829,27.864,64.366,78.291,77.129,74.544,73.361,75.222,79.410,70.116,83.124,58.816,56.133,53.895,52.128,46.544,47.841,35.553,41.304,45.472,46.180,49.136,40.876,42.757,41.484,38.932,43.976,29.147,31.832,35.992,37.576,38.852,91.684,39.716,33.953,84.233,37.529,20.682,21.763,24.620,30.419,25.386,28.346,39.319,29.644,36.208,33.034,24.231,36.277,29.329,29.817,20.119,20.225,37.809,33.063,38.948,48.253,46.955,32.690,35.326,40.599,35.825,20.634,33.990,66.497,45.459,62.787,71.032,75.025,85.826,97.878,91.543,91.627,74.866,68.263,28.751,25.027,12.827,11.579,33.197,49.163,92.798,89.219,24.898,35.199,19.439,38.159,40.685
\string180,55.627,49.018,51.005,48.145,33.717,30.365,28.444,12.661,0,16.514,19.612,30.020,28.953,25.866,23.284,19.675,25.067,23.382,38.991,47.071,49.261,59.061,54.605,63.341,60.806,66.077,73.546,74.046,68.278,63.476,57.197,98.365,93.761,94.222,94.126,102.089,85.224,93.268,44.165,45.105,94.678,48.730,59.211,104.410,60.238,66.891,59.622,61.147,65.970,48.889,44.161,44.515,51.773,71.820,77.396,71.660,69.462,76.167,80.076,77.304,44.439,42.542,45.004,54.706,51.596,50.145,41.519,43.337,30.348,29.255,91.895,23.369,24.645,21.205,33.164,33.869,38.278,32.324,33.003,38.821,26.560,25.865,15.788,32.739,41.955,31.814,32.691,42.664,44.185,41.856,70.157,63.552,65.627,35.909,40.892,44.187,43.138,78.830,88.699,90.727,80.243,82.609,79.626,84.906,92.186,99.957,100.509,86.507,75.612,67.255,51.437,36.129,30.050,27.100,73.081,87.086,85.595,82.772,81.119,84.506,89.026,76.107,92.614,64.932,59.584,55.993,51.321,47.689,50.389,36.288,44.790,47.751,49.026,51.115,42.390,47.593,43.174,38.867,46.195,33.253,36.328,34.536,35.025,34.178,102.230,38.591,29.794,93.978,29.506,19.793,25.363,31.564,38.301,31.340,32.177,40.956,31.073,34.183,40.926,34.125,44.592,33.994,32.632,27.863,24.426,37.408,33.826,38.982,52.389,50.320,38.726,41.206,45.129,41.479,23.815,35.657,76.063,50.409,72.201,79.597,81.775,94.927,107.055,101.691,101.119,84.079,77.110,34.452,33.444,21.947,19.036,34.375,49.338,103.510,97.935,22.990,44.334,24.891,45.891,49.942
\string11,40.783,34.569,36.501,35.266,23.799,22.644,23.633,11.903,16.514,0,8.789,17.437,20.139,18.160,16.297,15.408,13.415,12.886,27.456,36.611,38.157,47.806,41.095,48.162,46.683,50.656,58.594,59.084,53.690,48.911,43.185,83.984,80.364,81.784,82.952,91.588,74.304,81.841,34.863,34.135,82.171,34.978,44.735,90.358,47.056,54.422,45.194,45.406,49.960,33.299,29.053,29.546,35.694,57.809,63.564,57.607,54.306,61.432,66.201,64.049,30.265,29.323,32.076,40.374,37.756,40.077,34.083,38.490,22.500,22.321,82.421,13.145,17.692,17.787,23.759,25.756,28.968,21.179,19.107,24.663,15.829,15.034,7.370,18.990,26.665,15.411,17.776,26.746,28.565,26.372,58.833,51.697,53.579,21.280,26.264,29.107,27.504,65.896,75.644,79.112,69.681,69.737,65.792,72.327,79.382,86.421,87.780,72.898,61.603,53.678,35.212,19.733,14.316,16.947,63.444,76.083,73.372,69.295,67.258,71.367,74.113,60.173,76.809,49.201,46.209,42.926,41.309,37.792,41.023,26.285,31.011,35.044,36.458,40.474,30.005,32.907,31.100,29.212,35.967,18.529,21.175,24.438,26.663,29.043,91.463,28.174,23.592,85.112,30.304,11.907,10.035,15.087,22.056,15.255,16.878,28.650,22.468,31.658,30.240,21.362,32.106,23.933,19.526,11.899,8.815,26.037,23.989,30.296,38.753,38.867,24.071,25.350,30.745,25.976,9.688,22.251,63.265,34.666,58.035,68.961,71.762,81.928,94.554,91.161,92.567,72.286,64.627,19.447,17.157,12.341,13.486,30.042,39.353,91.409,85.319,17.710,28.799,10.179,29.419,36.772
\string155,36.718,29.439,32.155,32.529,21.046,18.089,21.631,10.772,19.612,8.789,0,10.681,15.713,15.627,19.130,24.063,20.772,19.956,33.144,42.382,43.065,53.041,44.354,50.771,50.753,53.784,62.106,62.822,57.921,53.273,48.242,78.759,74.311,75.168,75.913,84.534,67.302,74.754,42.070,40.754,75.545,39.847,48.985,84.839,52.497,60.395,49.731,48.209,50.757,36.458,33.040,33.354,35.940,52.485,58.216,52.204,50.154,56.724,60.616,58.011,34.769,35.290,38.210,45.183,42.960,47.359,42.369,46.996,29.898,30.196,74.610,20.391,24.900,25.654,31.827,33.890,36.597,28.303,24.819,29.232,21.506,20.909,15.166,24.880,30.317,16.358,19.646,27.130,29.639,26.153,51.770,45.392,47.339,22.772,30.067,33.102,30.205,59.652,69.675,72.884,63.068,64.819,61.491,67.081,73.540,80.720,81.419,67.192,56.394,48.251,34.674,19.272,15.842,21.644,55.882,69.160,67.298,64.240,62.839,65.497,69.643,62.325,73.556,51.912,51.627,48.704,48.624,45.080,47.651,34.017,36.641,41.318,42.639,47.311,36.655,37.490,37.885,37.047,42.851,24.131,26.048,30.517,34.337,37.193,83.981,35.047,30.667,77.043,38.392,20.680,15.556,17.141,23.488,16.316,20.540,35.418,30.126,39.730,33.177,22.138,34.603,29.748,26.304,14.351,14.813,32.325,31.826,38.222,44.006,45.026,28.405,28.709,35.722,29.844,17.023,28.187,57.019,36.772,52.887,61.935,65.452,76.069,88.358,83.632,84.467,65.597,58.493,18.559,17.484,14.622,16.722,36.925,46.808,84.550,79.397,19.234,29.411,16.104,30.165,38.091
\string32,26.572,19.524,24.391,29.237,22.546,20.469,26.889,20.926,30.020,17.437,10.681,0,12.897,15.799,22.666,31.856,26.738,26.737,36.536,45.594,45.515,54.811,44.080,47.997,49.744,50.549,59.293,59.737,55.716,51.070,47.265,68.473,63.953,64.757,65.630,74.393,57.066,64.504,44.609,42.229,65.232,38.680,46.550,74.475,51.581,60.283,48.322,44.593,45.804,34.381,31.254,31.277,29.479,41.870,47.558,41.649,40.000,46.332,50.061,47.415,33.488,36.017,39.021,43.872,42.956,50.449,47.208,52.329,34.256,35.307,65.033,25.493,30.207,32.644,36.406,39.493,41.262,32.935,27.670,30.594,27.425,26.974,24.109,27.899,29.758,15.230,17.748,21.633,24.656,20.168,41.484,34.964,36.849,19.742,28.375,31.314,27.078,49.070,59.016,62.481,53.013,54.475,51.167,56.684,62.896,70.071,70.885,56.562,45.761,37.587,27.536,14.802,14.629,24.313,46.197,58.891,56.751,53.664,52.443,54.825,59.264,57.264,63.797,48.107,51.410,48.559,50.913,48.531,51.355,38.430,37.324,42.520,44.045,50.077,38.474,36.930,40.054,41.165,46.325,25.983,26.606,32.702,38.315,42.511,74.184,37.424,35.238,67.849,45.707,28.252,18.868,16.573,21.221,14.282,20.281,37.589,36.047,47.388,36.011,23.882,35.691,34.606,29.569,16.510,18.955,34.045,36.668,43.015,44.181,47.341,29.272,27.216,35.845,29.015,22.232,29.516,46.402,32.330,42.293,51.800,55.734,65.403,77.748,73.768,75.320,55.133,47.885,13.560,15.506,21.719,25.272,44.044,49.808,74.393,68.775,22.656,26.633,20.990,25.532,37.497
\string124,31.049,28.408,35.757,41.954,34.408,31.547,36.756,24.923,28.953,20.139,15.713,12.897,0,4.868,15.120,31.299,31.487,32.000,43.692,52.912,53.839,62.567,53.350,56.173,57.102,56.617,65.565,64.403,60.601,54.774,51.094,74.551,69.697,69.270,68.114,75.371,58.739,68.122,42.971,41.317,70.379,39.315,48.635,80.194,53.202,63.126,53.470,50.332,54.445,41.226,33.800,33.021,32.852,46.424,51.242,46.907,45.649,51.676,55.160,52.058,34.155,37.642,40.896,47.316,48.247,54.138,48.559,51.234,31.327,32.872,67.696,23.780,26.675,29.547,37.276,42.622,45.304,37.873,33.649,37.963,34.328,33.633,27.434,33.686,36.964,23.322,17.823,24.667,26.410,21.967,44.641,36.310,38.434,18.946,28.933,33.770,29.594,53.428,62.240,62.853,52.562,54.206,51.891,56.500,64.813,73.769,74.853,60.800,49.649,40.893,32.076,22.489,17.212,19.537,47.668,60.410,58.003,55.146,53.461,57.961,64.084,62.075,69.373,54.013,56.148,51.135,51.499,52.643,57.489,41.671,41.751,46.021,48.625,54.878,40.897,42.550,43.185,43.515,51.588,30.431,31.198,29.267,36.519,39.903,78.903,35.937,30.881,71.086,41.901,29.639,21.089,23.303,29.593,18.321,21.884,40.358,40.576,50.787,46.058,34.679,45.991,41.810,33.461,24.301,22.355,32.435,39.977,46.207,49.751,53.396,36.496,33.155,41.323,35.065,25.495,30.355,50.209,34.929,46.746,52.947,53.604,67.917,80.038,77.652,78.004,57.661,50.109,15.042,24.416,29.679,31.970,49.749,52.396,79.614,70.426,13.595,36.807,26.635,33.005,48.559
\string31,34.765,32.307,39.118,44.243,35.717,32.962,37.235,23.781,25.866,18.160,15.627,15.799,4.868,0,10.618,27.651,29.592,30.183,42.603,51.794,53.161,61.814,53.573,56.851,57.022,57.005,65.823,64.449,60.374,54.341,50.273,78.894,74.285,73.977,72.809,79.923,63.388,72.891,40.021,38.846,75.102,38.051,48.034,84.632,51.939,61.776,53.045,50.812,56.019,41.431,33.146,32.345,34.264,50.740,55.549,51.257,49.506,55.781,59.584,56.617,32.987,35.936,39.184,46.553,47.441,52.092,45.607,47.619,27.675,29.140,72.481,20.391,22.707,25.367,34.391,40.039,43.093,36.039,32.513,37.416,33.050,32.284,25.113,32.465,36.847,23.779,17.173,25.693,27.035,23.176,49.422,40.867,42.974,18.586,27.968,33.101,29.486,58.041,66.726,67.194,56.951,58.077,55.610,60.493,69.174,78.190,79.476,65.248,53.911,45.219,33.943,23.726,16.838,16.047,52.402,65.028,62.397,59.220,57.251,62.416,68.113,62.953,72.941,54.588,55.242,49.795,49.011,50.625,55.898,39.350,40.611,44.492,47.261,53.172,39.007,42.023,41.337,41.009,49.864,29.180,30.278,26.158,33.171,36.038,83.754,33.109,26.873,75.888,37.433,26.619,19.310,23.342,30.263,18.396,20.789,38.458,38.376,47.901,45.985,35.213,46.281,40.548,31.691,24.103,20.710,29.818,37.618,43.739,48.946,52.122,36.042,33.062,40.579,34.781,23.485,28.400,54.810,35.310,50.995,57.576,57.694,72.321,84.509,82.481,82.762,62.308,54.610,16.062,25.202,29.035,30.802,47.637,50.132,84.387,74.780,8.777,37.997,25.346,34.214,49.446
\string153,40.564,38.736,44.349,47.621,38.577,36.925,39.369,24.944,23.284,16.297,19.130,22.666,15.120,10.618,0,19.394,24.865,26.013,38.347,47.083,49.357,57.335,51.326,55.017,53.613,54.354,62.717,60.877,56.321,49.986,45.244,85.776,82.106,82.490,81.904,89.069,72.538,81.968,31.114,30.854,83.583,32.560,43.538,91.858,45.957,55.424,48.802,48.522,56.113,39.094,29.239,28.445,34.822,57.891,62.766,58.436,55.239,62.154,66.956,64.534,27.979,29.626,32.715,41.749,42.692,44.892,36.926,37.720,17.898,19.310,82.358,12.121,12.750,15.682,26.110,32.680,36.227,30.476,28.488,34.229,29.837,28.975,21.252,28.262,34.304,24.090,15.653,26.160,26.522,24.391,58.603,49.491,51.476,17.339,23.830,29.163,27.078,66.203,74.623,75.515,65.842,64.945,61.712,67.733,76.978,85.721,87.731,72.797,60.963,52.623,35.491,25.234,16.284,7.534,62.217,74.091,70.542,66.182,63.477,70.227,74.206,61.213,77.584,52.388,49.985,43.708,40.758,43.631,49.987,32.236,35.440,38.309,41.433,46.694,32.282,38.081,34.693,33.272,43.652,24.793,26.340,17.473,23.763,25.868,93.148,24.615,16.549,85.963,27.163,19.874,15.432,22.679,30.000,18.406,17.497,31.802,32.246,40.597,44.405,35.589,45.033,36.507,26.084,23.501,17.204,21.903,30.634,36.240,44.187,46.646,33.044,30.613,36.302,31.849,18.816,22.076,63.031,33.529,57.951,66.826,66.295,80.102,92.633,91.980,92.890,71.072,62.827,18.294,25.997,28.561,29.557,42.113,42.440,93.104,82.654,3.576,38.454,22.356,34.439,49.212
\string135,51.424,47.175,48.740,46.275,35.817,36.066,34.544,23.558,19.675,15.408,24.063,31.856,31.299,27.651,19.394,0,13.361,14.161,26.135,33.543,36.940,44.846,42.780,50.032,45.934,50.944,57.805,57.452,51.492,46.446,39.836,95.504,92.898,94.785,96.100,104.441,87.304,95.254,25.125,26.467,95.296,31.925,42.347,102.150,41.930,48.104,43.084,46.548,54.638,35.452,29.280,29.788,41.146,69.470,75.024,69.479,64.819,72.427,78.158,76.491,28.708,25.027,27.007,37.678,35.118,31.885,22.376,24.523,13.049,11.065,96.512,9.929,10.107,6.467,13.893,16.522,21.274,17.449,19.986,26.289,18.689,17.894,11.877,19.482,29.308,25.039,23.819,33.133,33.455,33.375,72.236,64.066,65.884,26.604,26.852,29.284,30.263,78.516,87.656,90.902,81.881,79.868,75.375,82.852,90.969,98.098,100.340,84.789,72.956,65.326,42.000,29.321,22.614,17.031,77.097,88.952,85.185,79.921,77.021,83.279,84.524,61.285,85.697,50.261,42.147,37.689,31.746,29.940,35.160,18.430,28.175,29.815,31.643,33.754,24.195,32.256,25.039,20.056,29.765,19.308,22.391,18.823,16.135,15.685,105.528,20.340,14.158,99.599,15.764,5.311,15.591,23.389,29.230,23.955,20.979,22.919,16.435,21.506,34.100,30.166,36.408,23.258,16.940,21.647,15.168,20.281,16.355,21.071,35.983,34.304,26.221,28.403,29.651,28.077,12.560,19.473,75.816,37.277,69.466,81.931,83.272,93.622,106.556,105.134,106.989,85.076,76.771,28.513,26.971,22.121,21.107,24.610,30.344,104.807,96.908,21.996,36.123,16.192,35.832,42.356
\string190,44.524,38.703,38.024,33.805,25.100,27.355,26.140,21.765,25.067,13.415,20.772,26.738,31.487,29.592,24.865,13.361,0,3.233,14.802,23.628,25.852,35.073,30.612,39.027,35.799,41.959,48.883,50.097,44.022,40.118,33.543,86.307,84.197,87.017,89.792,99.066,81.671,88.236,28.203,27.434,87.118,29.067,37.600,93.136,38.461,43.836,35.216,37.747,43.371,25.252,23.793,25.157,34.574,61.983,67.899,61.585,56.511,64.172,70.111,68.919,25.584,21.595,23.439,31.618,26.952,27.552,23.207,30.100,20.139,19.089,90.462,14.566,18.721,18.555,14.863,13.558,16.009,7.969,8.414,14.291,6.423,5.703,9.470,8.074,18.220,15.632,20.965,27.267,28.447,28.479,66.084,58.958,60.560,24.061,23.568,23.902,24.683,71.125,80.673,85.852,77.612,75.171,70.009,78.100,84.769,90.544,92.739,77.142,65.730,58.780,34.652,20.900,18.193,21.302,72.064,83.363,79.580,74.056,71.439,76.423,76.232,53.343,76.696,41.343,35.160,33.279,31.602,24.953,27.629,14.120,20.735,24.265,24.729,27.561,20.183,23.268,20.154,17.824,22.727,10.768,14.071,23.069,21.243,24.097,97.806,22.803,23.059,93.302,28.087,8.331,11.770,14.570,18.378,18.336,16.979,18.379,9.471,21.038,21.299,17.500,23.197,11.727,9.154,11.637,9.675,21.995,11.757,17.882,27.581,25.934,14.496,18.992,20.694,18.319,6.557,17.086,68.847,31.415,61.991,76.751,80.072,86.978,99.966,97.978,100.969,78.817,70.722,24.512,17.037,13.296,14.480,18.923,27.636,96.488,90.823,27.586,23.768,5.882,25.951,29.044
\string64,45.878,39.336,38.272,33.180,23.309,25.321,23.449,19.610,23.382,12.886,19.956,26.737,32.000,30.183,26.013,14.161,3.233,0,15.750,24.412,26.408,36.118,31.573,40.788,37.675,44.338,51.153,52.727,46.615,42.962,36.381,87.260,84.897,87.631,90.380,99.736,82.300,88.717,31.198,30.592,87.656,32.266,40.666,94.038,41.547,46.620,37.788,40.219,45.013,27.498,26.796,28.173,36.948,63.046,69.039,62.559,57.819,65.365,71.052,69.737,28.723,24.808,26.603,34.560,29.477,29.766,25.422,32.221,22.600,21.394,90.613,16.481,20.598,19.779,17.635,15.325,17.867,10.083,10.791,16.036,4.600,3.759,7.859,10.547,20.303,16.740,23.054,29.496,30.921,30.592,66.570,59.803,61.436,26.303,26.528,26.912,27.440,71.891,81.656,86.883,78.454,76.664,71.651,79.491,85.891,91.606,93.521,78.133,66.895,59.878,36.777,22.298,19.887,23.262,72.379,84.041,80.624,75.444,73.041,77.439,77.572,55.903,78.280,43.763,37.702,36.259,34.493,26.988,28.708,16.550,23.560,27.117,27.261,29.549,23.263,25.834,23.047,20.390,24.403,13.700,16.919,25.840,23.991,26.325,97.966,25.860,25.256,93.235,29.243,9.072,13.617,16.110,19.909,19.997,19.418,21.418,10.474,20.806,20.404,16.535,23.063,11.500,12.298,12.194,11.269,25.063,14.122,19.885,29.984,27.660,16.429,21.455,23.296,20.803,8.501,20.243,69.652,34.174,63.121,77.370,81.049,88.065,100.960,98.204,100.924,79.543,71.669,26.126,18.032,10.804,11.456,17.847,30.144,96.909,91.944,28.459,24.689,6.816,27.849,29.036
\string161,47.970,42.287,38.548,31.523,28.453,33.507,31.637,34.268,38.991,27.456,33.144,36.536,43.692,42.603,38.347,26.135,14.802,15.750,0,9.321,11.170,20.452,17.515,28.084,23.464,32.869,38.118,41.203,34.728,33.077,26.467,85.255,84.719,89.057,93.734,103.754,86.537,91.534,31.090,29.452,88.731,29.330,33.795,92.385,33.828,35.835,26.185,30.508,34.936,18.980,24.678,26.889,35.750,64.228,70.169,63.496,57.086,64.771,71.495,71.351,27.773,22.146,22.194,26.165,18.011,19.498,22.380,32.304,29.759,28.727,95.470,27.360,30.895,31.263,20.049,14.323,11.630,8.959,10.455,8.297,13.243,13.770,23.603,10.509,13.679,22.196,30.041,31.613,32.502,34.118,71.132,64.802,66.026,32.211,27.933,24.865,27.362,73.839,83.099,90.398,83.644,79.203,72.975,82.266,87.737,91.688,94.492,78.728,67.884,62.372,35.831,26.241,27.833,33.312,78.429,88.136,83.621,77.036,74.212,79.066,75.786,46.131,73.963,33.353,25.449,27.654,29.095,16.531,15.123,13.315,15.538,18.565,16.167,17.129,18.646,16.488,16.503,16.878,12.034,15.453,16.527,31.638,27.881,31.389,100.546,27.972,33.512,98.272,37.712,22.168,23.641,21.588,19.625,27.046,25.392,16.861,10.980,21.331,13.326,18.168,13.645,6.205,13.486,20.159,21.979,28.135,12.974,14.916,17.666,13.280,10.262,18.187,14.389,16.054,19.823,22.656,72.129,31.799,64.071,82.283,86.813,89.404,102.412,101.351,106.092,82.824,74.762,33.144,22.376,22.423,24.183,16.341,21.983,97.928,93.785,41.343,20.104,17.715,24.986,19.728
\string60,54.891,49.585,44.772,36.561,35.554,41.155,38.551,42.871,47.071,36.611,42.382,45.594,52.912,51.794,47.083,33.543,23.628,24.412,9.321,0,5.076,12.076,15.390,26.732,20.259,32.094,35.209,39.377,32.774,32.900,26.608,89.503,89.842,94.885,100.376,110.628,93.610,97.927,34.847,33.437,94.366,33.627,35.707,96.723,34.359,33.231,25.285,31.578,35.641,22.790,30.474,32.772,41.664,70.392,76.222,69.549,62.571,70.134,77.178,77.539,33.380,27.079,26.037,27.728,18.370,17.132,23.981,34.216,36.497,35.274,102.576,35.652,38.552,38.658,25.782,18.801,14.549,16.853,19.390,15.979,21.851,22.455,32.208,19.417,19.996,31.052,38.558,39.002,39.537,41.813,78.440,72.409,73.479,40.391,34.697,30.658,34.002,80.125,89.096,97.213,91.132,85.729,79.068,88.863,93.886,96.969,100.107,84.391,73.915,69.119,41.952,34.587,36.719,41.637,86.165,95.151,90.290,83.208,80.227,85.199,80.378,46.086,77.217,33.596,23.145,28.009,29.853,14.388,7.619,18.004,19.251,20.227,16.185,13.227,22.681,19.732,19.660,20.296,9.201,23.768,24.240,38.491,33.437,36.399,106.623,33.455,40.332,105.337,42.961,30.254,32.666,30.467,27.410,35.872,33.806,21.278,17.285,22.959,16.783,25.638,16.634,13.579,21.434,29.364,31.138,34.368,18.670,17.201,17.123,8.569,17.863,24.938,18.416,22.531,28.845,29.670,78.674,37.171,70.148,89.649,94.480,95.306,108.238,107.715,113.178,89.565,81.553,41.773,31.018,30.874,32.150,18.156,21.231,103.400,99.875,50.195,25.988,27.005,31.191,21.549
\string109,53.650,47.913,42.201,33.271,33.929,39.999,37.692,43.844,49.261,38.157,43.065,45.515,53.839,53.161,49.357,36.940,25.852,26.408,11.170,5.076,0,10.933,11.401,24.136,18.722,30.993,33.943,39.019,32.724,33.567,27.923,86.406,86.889,92.210,98.164,108.647,91.736,95.469,38.706,36.831,91.528,35.715,36.937,93.607,36.434,35.231,25.613,30.737,32.679,22.199,31.823,34.188,41.418,68.348,74.201,67.347,60.435,67.800,74.735,75.258,35.299,29.714,28.810,29.059,19.580,21.337,28.776,39.066,40.044,39.007,100.354,38.408,41.777,42.127,29.673,23.152,19.077,19.856,21.003,16.440,23.183,23.887,34.224,21.166,19.935,31.186,39.831,39.285,40.102,42.201,76.629,71.167,72.140,41.613,36.351,32.028,34.907,77.855,86.871,95.579,89.808,84.499,77.760,87.537,91.912,94.446,97.466,81.987,71.908,67.482,41.325,34.426,37.752,44.099,84.571,93.280,88.560,81.580,78.810,83.088,77.862,44.999,74.524,32.490,24.366,30.259,33.759,18.877,11.768,22.111,21.293,23.043,18.874,17.052,25.836,20.477,23.019,24.604,13.821,25.543,25.693,41.565,37.299,40.683,103.751,36.898,43.906,102.963,47.331,33.180,34.403,30.965,26.930,36.653,35.309,24.500,20.873,27.262,14.471,24.322,13.361,15.268,24.005,29.842,32.789,37.423,22.599,21.895,18.244,11.563,18.281,25.331,19.618,23.048,30.882,32.177,76.602,37.623,68.125,87.993,93.492,93.144,105.930,105.050,110.820,87.547,79.792,42.416,30.819,31.340,33.044,21.245,25.427,100.383,97.867,52.359,23.930,28.407,30.277,17.412
\string18,59.533,55.276,49.534,41.627,44.403,50.642,48.575,54.367,59.061,47.806,53.041,54.811,62.567,61.814,57.335,44.846,35.073,36.118,20.452,12.076,10.933,0,14.520,22.556,15.163,28.213,28.268,33.997,28.024,30.852,26.352,89.652,91.358,97.375,104.016,114.472,97.979,101.301,41.093,39.180,96.653,37.927,36.297,96.915,34.451,29.937,23.156,30.165,33.012,26.082,35.981,38.258,45.584,73.543,79.050,72.601,64.848,72.073,79.542,80.698,38.985,33.285,31.411,28.903,20.078,20.639,31.437,41.226,45.878,44.951,107.253,46.062,48.781,49.470,35.193,29.315,24.446,27.991,29.470,24.637,33.418,34.040,43.964,29.583,26.566,39.951,47.096,45.245,45.426,48.427,83.496,77.878,78.658,48.306,41.316,36.165,39.901,83.412,91.684,100.943,96.126,89.076,81.828,92.280,96.574,98.361,102.101,86.560,76.747,73.168,46.005,42.358,45.773,51.303,91.922,99.380,93.864,86.023,82.841,88.034,80.944,41.982,75.945,30.813,20.587,28.835,33.463,19.571,12.103,27.676,24.761,24.442,19.740,15.896,29.197,23.695,26.130,28.713,16.361,32.980,32.450,46.919,41.983,45.313,109.728,41.002,49.817,110.137,52.964,41.741,42.791,39.439,34.766,44.680,42.509,28.457,28.949,33.362,25.070,34.696,22.925,25.369,31.285,39.288,41.555,42.109,29.017,26.275,18.187,11.931,26.130,31.421,23.727,29.062,39.648,37.813,82.351,41.044,73.146,94.550,99.733,97.615,110.323,111.154,117.915,93.410,85.489,50.005,39.546,42.011,43.703,29.283,25.227,105.443,102.398,60.563,31.439,37.834,36.075,24.886
\string116,46.786,41.819,35.359,28.171,33.852,40.436,40.236,47.380,54.605,41.095,44.354,44.080,53.350,53.573,51.326,42.780,30.612,31.573,17.515,15.390,11.401,14.520,0,14.094,12.394,23.126,26.555,32.593,27.293,29.060,25.329,76.127,77.318,83.226,89.977,100.624,84.152,87.091,41.840,38.720,82.432,34.360,33.220,83.355,34.820,34.465,21.284,23.123,21.693,16.819,29.665,31.979,35.469,59.929,65.574,58.815,51.486,58.559,65.696,66.762,34.008,30.474,29.714,26.268,18.149,26.963,35.617,45.787,43.879,43.561,93.015,41.683,45.633,47.228,34.703,30.636,26.549,25.560,23.648,17.325,28.185,28.830,39.044,24.030,17.623,30.099,39.003,35.437,36.387,38.628,69.669,64.758,65.446,40.128,34.960,29.892,31.974,69.443,78.002,87.626,82.891,76.629,69.560,79.619,83.186,84.834,88.166,72.832,63.298,59.843,34.944,31.630,37.226,45.900,78.237,85.587,80.481,73.144,70.443,74.410,67.884,36.469,63.856,24.318,22.640,29.571,37.070,25.424,21.044,28.211,21.660,24.563,20.888,22.669,28.147,18.093,26.070,30.364,21.340,26.940,25.798,43.647,41.414,46.142,95.284,39.506,47.793,95.794,54.113,38.530,36.054,30.242,23.995,35.658,35.154,27.292,28.417,37.449,17.875,24.618,12.729,22.312,27.261,30.490,34.813,39.236,28.829,29.245,17.034,16.923,18.306,22.765,18.669,20.978,33.994,33.411,68.504,32.897,59.620,80.888,86.938,84.129,96.733,96.765,103.571,79.554,71.963,40.450,29.104,34.777,37.781,31.494,30.338,91.175,89.026,54.230,18.425,31.159,24.547,12.120
\string90,42.866,41.271,36.160,34.204,42.957,49.171,50.823,56.147,63.341,48.162,50.771,47.997,56.173,56.851,55.017,50.032,39.027,40.788,28.084,26.732,24.136,22.556,14.094,0,9.011,10.881,14.633,20.830,17.456,20.624,20.597,68.573,71.296,77.835,85.143,95.439,79.831,82.513,42.821,38.703,77.217,31.493,26.164,75.855,29.423,29.482,15.088,12.758,11.067,15.933,28.240,30.079,30.281,54.431,59.353,53.559,45.004,51.801,59.735,61.684,32.339,31.105,30.001,21.727,18.162,31.291,40.988,50.156,47.570,48.005,90.064,46.597,50.203,53.126,39.889,38.628,34.438,33.971,30.796,24.783,38.262,38.700,47.685,31.186,21.689,34.707,40.656,33.875,34.030,37.242,66.787,61.543,61.860,40.555,34.196,28.429,30.374,64.498,71.650,81.679,78.520,69.598,61.914,72.781,76.369,77.353,81.835,66.338,57.102,55.011,30.240,33.943,40.185,48.924,75.976,80.991,74.575,66.005,62.728,68.235,59.423,22.907,53.616,12.155,19.292,26.296,37.563,31.179,30.202,34.933,23.711,25.883,23.514,27.852,30.449,18.727,29.280,35.824,29.050,31.761,29.282,45.410,44.716,50.424,91.451,41.169,51.374,93.537,60.085,46.192,40.984,34.551,27.520,38.511,37.584,30.500,37.854,47.931,30.852,34.075,24.970,33.636,33.141,36.896,40.558,40.592,36.092,36.345,17.621,23.791,24.702,24.424,20.988,23.379,40.525,35.596,63.757,28.059,53.824,77.078,82.355,77.137,89.628,92.821,101.031,74.742,66.872,41.663,33.559,44.447,48.121,43.600,33.460,86.039,81.972,57.973,22.623,38.545,23.515,22.455
\string52,48.351,46.385,41.752,38.139,44.101,50.273,50.686,55.029,60.806,46.683,50.753,49.744,57.102,57.022,53.613,45.934,35.799,37.675,23.464,20.259,18.722,15.163,12.394,9.011,0,13.207,15.306,20.856,15.309,18.479,16.252,77.233,79.630,85.821,92.577,102.722,86.753,90.146,37.715,34.224,85.322,29.152,24.651,84.529,25.388,23.473,10.974,15.526,19.923,16.138,27.191,29.238,33.650,61.592,66.664,60.857,52.367,59.528,67.501,69.109,30.639,27.424,25.662,18.540,12.550,23.186,33.931,43.212,43.651,43.696,97.132,43.843,46.883,49.266,34.805,32.627,27.980,29.440,27.941,22.261,35.425,35.868,45.042,28.199,20.614,35.165,40.626,35.774,35.560,39.167,73.209,67.246,67.783,40.855,33.283,27.371,30.680,71.904,79.303,88.610,84.757,76.049,68.475,79.368,83.819,85.502,89.959,74.187,64.371,61.509,34.280,35.541,40.204,47.099,82.072,87.971,81.577,72.994,69.464,75.708,67.620,27.121,62.061,15.731,12.469,21.122,31.015,23.251,22.203,29.104,19.305,20.017,16.724,19.515,25.449,15.677,23.580,29.584,21.465,29.382,27.362,42.414,40.014,45.094,99.350,37.053,47.580,100.608,54.669,42.575,39.484,34.563,28.529,38.837,36.773,25.448,32.661,41.304,28.998,34.160,24.130,29.514,29.521,36.422,38.945,37.275,30.629,29.602,11.262,15.881,22.664,24.019,17.451,22.251,38.157,32.831,70.886,29.559,61.009,83.612,88.211,84.834,97.537,100.563,108.188,81.900,73.713,42.836,34.448,43.115,46.137,37.865,25.866,94.308,89.515,56.826,25.138,36.645,26.407,23.836
\string154,42.718,43.964,41.263,42.287,49.893,55.507,57.656,60.177,66.077,50.656,53.784,50.549,56.617,57.005,54.354,50.944,41.959,44.338,32.869,32.094,30.993,28.213,23.126,10.881,13.207,0,9.097,10.974,8.617,11.422,14.734,69.521,72.802,79.065,85.750,95.324,80.167,83.764,38.558,34.136,78.877,26.073,17.742,76.741,21.436,22.499,10.073,6.470,15.671,17.621,25.377,26.656,27.369,54.701,59.032,54.320,45.091,51.963,60.441,62.557,28.295,28.218,26.716,15.970,17.381,30.697,39.999,47.773,45.713,46.566,91.789,46.464,49.263,52.882,39.280,40.091,36.107,36.639,33.622,28.770,42.814,43.065,50.733,33.904,24.693,37.484,40.019,32.592,31.646,35.846,68.011,61.567,61.828,39.108,31.295,25.497,28.052,65.385,71.485,80.523,77.820,67.018,59.126,70.500,75.358,77.014,82.386,66.520,56.805,54.857,28.571,35.856,40.760,47.658,77.100,81.143,73.685,64.188,60.115,67.994,58.739,14.083,52.340,3.777,15.524,20.388,33.125,31.635,33.807,35.766,23.081,23.812,22.961,28.573,28.567,18.898,28.128,35.482,31.273,32.947,29.980,42.537,42.361,48.311,93.828,37.946,49.291,95.920,58.934,47.886,42.029,36.719,30.651,39.372,37.256,29.330,40.772,50.845,38.821,40.573,33.295,38.751,34.342,40.223,42.233,37.531,37.341,37.167,17.510,26.494,28.233,25.413,21.601,24.703,42.348,33.971,64.386,23.892,53.874,77.352,80.882,76.380,88.970,94.742,103.175,75.095,66.641,41.596,36.686,49.468,53.118,48.392,31.534,87.985,80.823,57.440,28.441,41.506,25.150,31.915
