0,0,29.64872108922643,25.05531515042299,38.68667425885889,23.85601675653333,38.41419750570613,28.53642113553898,31.83917434375756,36.25709020633091,39.13134666884331,27.64749957295116,26.45252450394178,35.27421513973593,32.46351267049253,29.58372693059674,40.00377046344086,27.48030573924834,35.83702848356312,34.89360077163071,37.41019099219141,27.64463003054118,25.75983433957914,24.68348512227075,31.17275137716138,33.92164697526166,30.3819389186817,33.53533692894938,15.87453647074892,44.57440061579882,34.01556868085262,27.42323315856989,34.80916712218919,27.11083166905138,35.79050833864575,33.42631689324285,26.13827920775395,25.91218316770613,23.23260821758116,25.69213832051819,33.27692673919165,38.70288946254232,27.55933672125495,32.60511412605643,40.5048478024166,36.81811911772794,39.76428708257627,27.7795159162131,27.49300320089361,22.37863115132812,40.33698261022212,32.17800414263415,27.53889756322398,32.44329579467211,36.72068305292945,37.850442955495,37.18829270038704,27.71988419316477,33.86252617768974,32.65185425084643,35.14586178788738,29.52622157023993,30.68598907138657,28.46371173933801,34.5146394723478,24.37782894970222,37.30099655127014,27.29563387298258,23.22963693718794,39.3744985177342,29.30313019694447,36.80580955835944,31.87275715918775,24.8425471340816,22.14053304571917,25.59976318420203,28.02817007427016,33.13612737169451,35.56756025024649,35.84588926844841,34.70468534007082,25.04138439992296,38.65119718697709,20.01703513861023,35.22036332523683,24.48146591363195,22.37096083498743,31.91992988973038,37.77312728368097,33.6328819595385,27.13816251616134,34.87623743876457,35.75740752995613,30.07337813943186,33.56157489054693,23.7010448606383,39.46511520638253,26.75860350590266,35.38819585265861,33.62445286499949,20.89205533975806
89,29.64872108922643,0,30.33417724300968,31.44688792765002,36.64911600484532,38.37955899753182,41.82135219464627,39.45817059907038,43.55931539432079,34.40528558131361,26.17600264267854,32.16765572534887,36.69505419662144,34.67070695953256,43.18202428589939,33.32401457200089,27.56150117989019,32.38238123653131,42.47934440291944,27.43145220068904,37.0561444477104,29.7920483312804,32.78405971740798,31.55121887250185,35.96265338752309,40.36097526744999,37.78170318405122,33.16930517237711,36.38551059478442,30.77164152415841,23.95736286523439,36.27912065885621,21.17759682654092,32.45205270408312,31.77993680917925,33.74313487375986,29.9446812735697,35.92134481954984,36.13099148233017,24.9125846033495,36.90545861024385,40.35072580473465,30.86730111092709,35.03832789839973,21.47718311994698,29.27673833297894,25.22210086505847,28.7416998676062,34.73678831178378,42.44070198329045,33.41036548063005,20.92429725899843,39.46330695104648,34.41240728163275,26.15730974146305,31.48470099213807,25.87110819838895,41.15710442506505,38.14932434658531,38.82679751071797,23.7254289237167,21.37344424643873,31.37296428429038,31.43066840866984,30.37006848215269,37.3921445581355,40.53303052689912,27.43503763225793,27.32800000100326,23.95440035135341,29.32289305966157,39.15844336120889,38.34496698563481,29.8452693909988,30.34780264251669,24.97249917551791,30.36548092295645,38.59241784041265,39.31846088314726,25.39673829450992,35.89521816184176,27.81820692804684,31.0872929947651,33.7052999636449,27.00759805627961,33.42231594125662,37.11912218480495,21.87791011799436,32.04097667781581,42.40262223413915,34.60279780675973,37.84464350113295,35.7283588012226,31.41706778014965,26.10437076118505,39.48220712765429,30.2739571875935,34.34483373502066,22.95152313702949,28.08278440899324
98,25.05531515042299,30.33417724300968,0,34.30071958080004,28.18213542820942,36.31687512710928,30.70566468028211,29.25508973702118,39.13127626480037,33.82145418973428,22.75064595051598,30.40389294289642,36.64389184837421,27.04053637111203,33.35143503399729,29.29870511106531,25.55128017933774,20.95605142493568,25.77871294862049,36.96020629727904,32.80803161836485,31.4738259475608,21.65883082234458,36.36289606959686,42.163739285981,37.54205420261859,22.98386446776921,20.05993248547307,33.82724524714911,40.83956740235248,28.98133810001023,35.64445812191157,27.61692044818541,25.62289455567038,29.51431179316313,34.48932405932246,18.37473263892726,29.90384306391253,36.25106972090637,35.88440514254104,36.41882724656397,26.65914053145247,29.39892642037304,34.8331172170049,33.373877384091,40.74560680452619,31.88500847763135,31.01034712251673,28.49894879888558,36.73026245755161,28.39084503084745,28.72031548285625,39.10154838292167,27.20909222248333,27.58234983554893,36.07930596765449,30.33220451587164,37.25775581584013,30.35287878376394,34.00294213589106,22.83440711000688,35.55182837344191,24.82710033235763,34.93512578829205,24.86174787068457,40.80177377269176,27.74029069055254,30.01269978857947,41.51290830177779,26.45227838490693,29.51572478349872,38.53287823012694,28.25143442448973,21.66755040378652,33.52251710494161,37.51191630893893,37.88326276932506,33.87832443777115,29.14740286287915,32.09961734797679,35.9287312848323,40.99775646080565,38.10913333925484,34.69851393559642,28.40493952199288,30.24141802202216,40.1367650734319,35.37817534199546,23.04527395459374,24.27018995007496,36.47850568101838,23.67868288648487,38.35602552500233,23.1714977072706,35.20694975479157,36.34308824827603,34.24363573303696,28.54722262867777,28.17278163827549,33.74675843977143
27,38.68667425885889,31.44688792765002,34.30071958080004,0,36.37743936119887,27.81376047247826,38.3759574852191,24.98967308194964,32.82972718215312,33.69425842342831,22.34520470576239,35.34767596615923,32.10895702363886,22.32893825327468,35.41631759945375,27.20364179724022,32.67300805263447,35.50168280626485,31.66572088668028,20.8660111842126,36.49275248297652,27.98928178775728,30.71553634746247,39.0091942887852,30.1607756419023,37.78967746319712,35.44972632014774,37.86935214971729,23.79408679883052,26.41619386094728,39.99939989491919,34.72969190596955,32.25803736479605,33.56500056833485,33.4052045937148,35.59593517290968,33.24825928007727,39.5121959100142,38.19856706957001,28.58540663658428,25.09764486747048,29.81549987269145,24.72960261749713,18.70826907784517,32.09045727851188,28.13916378563266,40.98686276878281,29.48544835089483,44.42300326873858,26.19155614890159,33.9574045212747,33.79740798708346,32.29397871084032,23.95907726395548,32.80152561501878,35.87984405244136,30.487186743111,40.43341890102074,25.31766399460261,39.4098123379558,28.266313759988,35.23602914023194,36.17854775417913,31.84407248417456,39.16435917817439,24.88778706859007,27.50811822718423,38.68617706516466,24.44651801517187,20.33920163123846,32.34738977179633,31.45637700731442,34.74432967438924,35.34990810161987,42.27649413316684,28.32230934565215,20.26466183591914,41.20397284338289,33.93795598973997,25.39295084093815,28.55160432363921,32.95540010806597,36.04322708670061,25.26804691838401,38.30385438776371,34.11470026447115,35.42722228986979,28.44575560651314,24.98217931850069,34.36601362552043,30.82228702379822,32.83844340259812,32.13264756893083,34.56977743924963,32.98489352130693,20.64422790025392,27.60598271737663,23.150612814653,28.12264293380157,29.25556314579752
39,23.85601675653333,36.64911600484532,28.18213542820942,36.37743936119887,0,31.78993114099389,26.31216684900234,29.65482037774916,36.66624777644651,32.20586402698828,33.63618760843493,24.02297256266035,36.22392930027937,38.61861481603373,20.70855256860284,37.34445222411792,35.30441961831875,35.56674895936207,26.16812174501289,37.77654839141155,33.04901296646452,28.16521819230904,30.39746063288694,25.30824495810145,38.10712803790705,37.80891479938029,34.32653112923386,31.9989876673723,36.18485059593358,36.68570291574623,32.71030635446517,21.74503336338243,28.44922670518691,37.56273653407793,28.37712105290834,29.66289151940127,19.78045329840395,25.76740044130434,27.11041878343468,29.66779765487823,37.02189203313727,28.62521548683123,36.61161965397783,35.62141123160412,38.84640657053494,43.49419916280355,30.93010473863103,34.79323286028622,33.47049598439173,36.32994538012721,26.63864321212608,34.4782917608232,30.02881723644951,34.78459848837693,32.67104975421285,42.22555425315444,22.32121905876235,34.81072586291296,40.23678237830374,34.70705903772402,28.4492127595975,41.73497732891177,27.96908710689758,42.98000215146391,37.3496183397033,27.13093952197544,28.14668969036867,22.19485182301319,34.64343998780806,27.00952960143519,41.00526374988668,30.61851791862618,30.74072389906791,30.22405683338443,29.68734192194546,33.84745553871602,35.7703506848469,30.58889842997418,33.37612818700579,35.31857315634428,26.54297236662538,37.50998314677553,29.12442536259671,23.81007888437552,35.45834102699924,28.14102984543126,24.17045730005873,36.0622912151135,24.70506782391293,19.73477461724931,39.02774374893448,34.41278337866746,41.18071165350737,39.44234880809628,33.37012237549465,38.16341794925289,37.5586518023796,27.3840552862704,44.90616176417916,24.21862682597113
21,38.41419750570613,38.37955899753182,36.31687512710928,27.81376047247826,31.78993114099389,0,30.21644306307289,21.03900720087073,21.52836161131416,30.1389177350717,35.95134262659421,33.61826189722128,38.25140108073805,32.91892761891739,22.26191181811281,35.17700943866961,24.67326873079896,30.93912171192688,25.60525109855087,35.26584710917015,29.80517369062839,30.40803310292684,41.76365220204982,28.19017069429821,31.78939075195731,35.30102475417551,24.56038181179478,40.70808663386374,25.58601237545597,25.53445737747827,42.16937220398282,27.72742206889486,36.17115088646961,34.75153795381238,25.19211503677068,23.01166162301639,31.18778226562445,36.40410468364612,39.14228519925379,39.13189927746556,29.17936821994677,31.3472680056606,35.60954564055072,18.56050412964771,29.9881104441473,27.58264447335346,36.66114574308827,42.62496034188253,34.53357209850657,25.97050796574789,31.28442030377543,30.53141281622948,21.57123235300416,32.01103481538605,31.38718798065793,30.9772558524101,25.29962915918093,31.68508814452191,33.63421320651737,33.73876662915814,36.74233699988964,38.87031808137238,42.08745786927141,33.304965580515,40.23777237066229,22.81087167124407,32.3061094830495,37.02524816091877,29.10005440211702,36.58012601341887,29.24451325240332,35.61391810220046,31.0190119354218,29.81452460848328,31.27805860318987,37.50499940606552,27.34426327892282,24.03747779993144,36.50078137832335,25.35274556936445,36.66786194418935,34.50688907939099,32.98062897547107,29.61942820297418,35.39390583655522,35.78073777065658,24.15273931549533,26.72904250884773,22.73210927261442,35.62943522529557,20.26215136780695,24.46963566500208,37.56920005984482,41.71402645488474,40.07354434584835,31.30505233105951,30.06112468934769,33.09196604031754,39.64585611950111,30.80526718913828
80,28.53642113553898,41.82135219464627,30.70566468028211,38.3759574852191,26.31216684900234,30.21644306307289,0,30.18253355605796,28.0127322359647,30.38840488048484,37.79836537191983,39.02920578134491,26.14734150162209,35.68052024757188,16.83027844948724,29.84387684141389,34.19646125483185,27.38515000113694,24.58543647971424,38.58927954439112,32.38113405138161,26.74454119341355,26.92220852517923,35.91603096115784,26.86658685557343,24.78908769779836,26.74054962746754,31.84031228823225,37.76321271578072,32.55792575599185,37.31999789833441,26.96046020878109,39.84067546233953,35.00614537549068,24.47730577747855,33.2220934779687,32.94582027510506,20.82528884559301,30.1491541749417,38.17888642914143,39.82384146491323,32.78810668492272,40.05172743033531,31.1562137078737,34.67064201285559,39.13211792807036,29.66654140525721,34.60092033852736,29.17217595115904,29.33412679120401,24.54344600466469,39.38513885323366,23.55842374642188,30.41288087926594,37.18935892301146,29.11309387189498,33.17128516184939,23.65749825885764,28.42106738332781,20.53631781570959,30.44637184698961,37.6280848428199,27.79036925168924,30.48689355798345,35.48973938008216,35.41593315219794,20.56068101416665,28.51260830507261,35.17053484479355,39.04697002495313,39.6595060985973,34.1636852313192,29.52147371679724,27.08686582301187,23.74263638541728,40.91118079353101,40.91776144772167,29.5796244316278,32.43339433362301,34.6266945010556,26.09978420588261,36.75049902683965,30.08751742918053,27.13553823290597,24.15849447850549,31.45264007402261,22.54325299988462,41.93551525848451,35.50631667989307,23.29846323014924,31.75148249511852,24.53832781875023,33.41807854707804,32.45833633935135,30.70767086675917,28.84354064869389,37.69224702601851,35.99449723394565,40.62384078734473,36.4428502991836
78,31.83917434375756,39.45817059907038,29.25508973702118,24.98967308194964,29.65482037774916,21.03900720087073,30.18253355605796,0,23.95303661478692,31.39707662020786,23.33512757520247,26.8997145339492,37.48164875700044,27.18565066814105,21.17609976289802,37.86685906379569,26.28480625469176,31.24549868746867,26.57583472963718,30.93061854965009,30.18571912881839,30.67424836754204,32.78373940237524,34.14085620351481,36.17055231881503,30.0545764710804,22.02621310458732,32.29023287846058,27.82918525493339,27.2269798251121,39.7985473305218,36.44822272449846,38.64174031268204,37.11249763995983,29.57200753994089,28.39649003522367,29.26098190869528,38.50276524674362,36.85044684477661,39.69600224760965,30.46284754990394,21.36196858649187,26.16480130118749,27.88557485313674,35.11857155584494,33.27168974315079,43.12328400105331,38.65459462451614,32.83162834817119,22.7045034594898,38.00412849200992,28.23466130284928,31.06487744719091,23.25029992974616,37.11925607429794,38.91283195173135,26.93544583265138,37.38768319138657,24.59582213913597,34.79573333880253,35.40173551476351,41.69886581854333,36.51210673964959,30.47619300334024,31.62535279997999,27.6668120929807,24.60319675004595,34.51057154657597,36.67187836226091,30.77514805115738,31.81731186226957,28.95465543253122,16.63482691236499,29.90823871749459,35.82434885258294,36.32006081836845,22.58915532136053,31.23039026165592,32.81931858008072,34.40508892437875,30.26460645710709,42.69751498027025,31.58415573059606,30.18177390144341,37.11530261398,35.93010111962872,31.47156855480727,36.59637220161338,20.85639488768417,24.701781992137,21.53497469904621,28.87876161640386,35.53103000832631,37.60946417282928,35.45821107896337,31.10261694743969,28.29492065054276,32.3011106317351,35.66781419549624,28.41181908880673
67,36.25709020633091,43.55931539432079,39.13127626480037,32.82972718215312,36.66624777644651,21.52836161131416,28.0127322359647,23.95303661478692,0,32.95136359555715,38.22343689256881,34.49431644168628,29.97013221885792,29.43728426098783,21.83958951611286,37.47967520303951,30.35475776543408,35.82437249542832,26.62424178165344,35.62146013539939,18.92920777820204,37.34328240058343,39.96858241793204,31.22474338438908,28.00397073825804,21.88754663106506,25.4993245317129,35.35289947821452,31.08004195501045,29.82697135785107,39.32945696217948,31.4443222587374,40.87850016225043,31.72477198981118,37.51335322488901,23.63460864658345,34.74511140717851,32.64997518339802,29.94298754046834,39.76594521600426,23.69085462479318,25.03373943389927,30.29124815660101,28.68768694483927,35.63877073334454,24.57570644065052,37.4012827511155,36.64252795957874,28.40452795434536,18.46250588758498,35.18718697503862,36.05646662966067,22.09680140442751,34.78996102262688,36.67112485567856,28.03846657966627,38.11738534136886,20.75469705159097,28.62092375326554,27.25161024170469,43.90991756142633,34.31932307591541,40.30714431577371,32.09959410828579,33.5979389518733,25.78380126858576,29.38370339269493,39.02709006438714,35.58486473960521,41.56105959649039,27.82490091612144,25.93207573584482,25.4831330486694,35.24743814148874,31.28002518694987,33.81331733970581,27.62533077740563,24.42321848711116,28.23297198801603,34.93277805950593,33.73041222626107,33.43005179889591,27.8528039591896,35.68561067075134,36.26223010994165,33.11298968643163,26.83085707690759,34.98886995885989,35.01883584762833,33.26602010264424,20.87560535771023,29.85808692653294,25.15950624867532,36.59788726862238,36.29937238466163,27.34612914309138,29.3928159243383,35.16596014556768,37.582646403375,34.52702240107187
60,39.13134666884331,34.40528558131361,33.82145418973428,33.69425842342831,32.20586402698828,30.1389177350717,30.38840488048484,31.39707662020786,32.95136359555715,0,33.71430635036942,30.52778680392381,27.34726762290365,41.64086649828046,27.91865701599016,30.66916024391748,37.91448338635965,23.19527783710787,33.35076689387874,23.69051781401614,37.46911149821137,38.98087507092537,35.67660366473705,27.72837178599269,38.09628152705438,29.51232131601505,26.72448378686479,42.69452149106827,19.64585418597406,30.69508554971486,26.8315984182903,28.15035518362784,40.18106671140781,34.40646253428299,26.34523320594284,39.31495471485835,30.81942082347572,38.23831909926272,32.09312875360243,29.19194335384893,35.61318439027976,38.78191324568373,30.47253351176613,33.35001120639486,20.77269860333791,29.1113774772427,32.91526844079674,37.94263028811178,34.61782685306774,22.97677495882346,34.67283170126282,31.16394332698489,38.0584083946822,21.35344733213911,23.95423881221401,31.41704552999369,30.38500522045543,33.40539071784695,37.64144733019895,18.97998495224357,32.24483986201442,36.47598575241108,23.59244218887295,29.78425654573999,32.36126842700553,30.1370777080793,37.95207926784247,23.02223931866316,26.6736110195742,34.53610364882597,31.78147878516803,29.21226123352604,30.86388525295387,40.2324965238567,26.84705926841013,38.04278490018374,34.58729851807539,23.89107293528145,27.2912080269672,38.45330174053073,35.28969645406391,29.30556866937464,35.00467635144964,21.69579458153693,35.75279372644509,44.41121780224248,25.99780017478717,33.31287573150755,30.62955283027993,30.91659366946783,28.71227732889603,34.32712748701135,41.58481606700305,30.37631213816746,30.99872279719417,34.25463115264206,44.82795893194164,34.80726007797712,37.60630079541899,40.44083844376208
26,27.64749957295116,26.17600264267854,22.75064595051598,22.34520470576239,33.63618760843493,35.95134262659421,37.79836537191983,23.33512757520247,38.22343689256881,33.71430635036942,0,27.48485457563564,35.8923175673125,24.7424268553377,36.22632774722338,33.94587949786506,28.16523266509682,30.71074263176693,35.94720243720189,23.02712938366267,36.30752174109809,29.03364919332621,22.6723945423905,38.66556668243022,38.25740256835172,34.58497460098613,30.67412055252339,26.74725649633778,31.76121295290998,29.99976753804024,31.43237306499512,41.52273674167512,31.65010534790634,35.10879203025323,32.47003122694584,36.29453130982746,28.65527810236933,39.39083779866593,36.89116734166551,31.91637977152132,34.11350013175564,27.76463529326476,19.82542318110123,33.50076285325481,31.26544332925415,34.31580759078885,40.01025298402323,28.88446022516603,35.86490758674343,32.71772125082107,38.784650787449,23.75477860899778,40.78041077917394,20.38718247712027,34.46152158314482,39.62002406268127,27.57689003884573,44.00631840849177,24.30613170336217,38.56880699486695,25.23833538742371,34.5074828020524,28.70553990990744,28.03313047443969,25.32442539369735,35.84000641726367,28.40405560548684,30.67236594534718,35.22607048495331,18.17113660269341,31.79982818934843,31.96585806680523,24.35158939292359,29.83664299359654,38.22531692473555,29.95197127342898,23.64100830213111,41.00223685298762,34.00123471314227,33.23355096268666,28.78284088279776,40.5508955667176,33.15009827201415,31.08257274625657,33.39188486067965,34.99899003231462,39.88829677585412,34.88378095757422,24.73930050179629,29.00157131218964,30.75940958471015,34.88353540205576,34.43419788284235,29.30920156375598,27.25961909347501,33.13616026353284,27.99611917251524,30.60458764354557,22.58291829346604,27.59465865679811
81,26.45252450394178,32.16765572534887,30.40389294289642,35.34767596615923,24.02297256266035,33.61826189722128,39.02920578134491,26.8997145339492,34.49431644168628,30.52778680392381,27.48485457563564,0,39.63779791877317,37.51462268040449,29.52410593911601,44.50796086246126,32.11356676480261,37.59419406905578,34.93639888093173,31.64597448150164,27.99224949736409,38.91804354158499,37.19624839758934,19.44516065010588,44.26403312044651,35.16621348649575,32.1726211169296,31.6099030604727,32.27432787118325,35.68105411657289,24.61421455697268,33.00353510294872,29.86767145932772,36.64418510407423,37.41589287750048,27.51837659253936,19.90462005160166,37.66998612464532,26.9518491814688,29.88479448933731,30.92574817610775,25.90607981632589,23.41760169959346,41.30066369269326,35.48074856587965,35.26239011275308,36.30362901615101,35.84194894972286,28.76159250370287,33.84487926581328,39.7964872385995,22.91533972091191,39.26035173763539,34.30396515632628,30.66574091957634,43.4827077507096,25.82452738933853,38.76897204502077,41.42290150096265,37.06987775275078,37.58815257705128,37.6608197095123,31.72228074897087,40.83931329097157,26.35327098778627,27.04095428312581,38.02450453297922,24.32254084972781,37.68661352565468,27.18751968589929,31.31022838085072,23.75029926075066,22.64832065358344,36.57616234446517,32.1484325150666,27.19998396465656,24.8435888065625,27.99395248804892,30.27443107959499,40.25029870458754,34.10063407852812,37.46019745980357,26.88245407493834,33.06495083777607,41.04345046537268,34.90757939587365,32.32724237223266,32.04685644551049,25.06338301014367,28.33315895634266,32.98892911709612,41.30562085788785,39.38036616238028,38.23014593421203,32.72157075568968,43.23668648816056,34.58532799322668,31.71897502385789,38.82105009833553,23.97858367411193
41,35.27421513973593,36.69505419662144,36.64389184837421,32.10895702363886,36.22392930027937,38.25140108073805,26.14734150162209,37.48164875700044,29.97013221885792,27.34726762290365,35.8923175673125,39.63779791877317,0,32.58175268602046,31.75486729508394,23.0750634286155,41.62060437056697,33.19144944085185,32.10647994500577,25.87971430884019,32.31030950579714,35.08654086307997,26.03602331944983,37.31270004359556,23.58955931164031,22.21345470500843,35.7520116017175,35.22733853595127,32.07864695940854,33.27936513424903,29.61702404383111,28.24125357185585,38.1373048380445,29.15145079403354,36.96558466507467,39.68249782726357,35.97490499300356,26.35581163676742,21.97561640151965,24.78418216267725,30.85564867317007,34.62477395836604,30.09010315677341,32.55133082932714,31.53587047608725,29.55960760439804,29.29562569053878,20.52277498130618,36.14497864529711,23.6247488302297,28.64946135075379,41.78457863305569,31.29966148508723,28.92872493500152,32.54029216644376,25.25538641183419,41.17314232530269,23.15554415104165,28.46768741490981,18.72139823908266,31.97455722970477,27.221542022519,22.25737055796248,29.92953787088177,33.34021934520553,32.15106290973083,27.61158291387155,30.90355524416896,27.52873316401568,34.27083925275359,35.51108122868646,24.58950044871471,35.37811407211758,39.69924257864354,31.1899242803176,30.12884946110956,36.16178986997081,35.47413837768602,22.89745569266094,36.45117363182685,24.61821008668099,23.23869523648084,30.74264827648689,25.86653972217832,31.19767639669139,33.12644059401813,28.94703714015698,37.88219912943472,41.26421363451409,30.2955961504917,35.58214971016837,35.13877943138629,24.04913979577666,22.60423391832952,23.32070488130448,19.67687904858312,39.06908008739122,30.30630549899034,32.12862410748387,39.42456571296002
44,32.46351267049253,34.67070695953256,27.04053637111203,22.32893825327468,38.61861481603373,32.91892761891739,35.68052024757188,27.18565066814105,29.43728426098783,41.64086649828046,24.7424268553377,37.51462268040449,32.58175268602046,0,36.54354504855492,28.1256163565503,26.27808103762548,34.2811284734161,26.32183017682903,33.90365564038294,26.47098654813834,30.85792746003107,26.81383882031206,41.86158028147867,31.40341923538422,34.82343967084323,30.50403926937484,23.36718678545757,33.46634350647778,36.22501146581123,38.92262987462355,38.25881952953932,29.8665436564811,23.66555710344883,39.50877135657844,30.80263450854446,30.25603395207785,32.00119363511966,36.1854106130614,36.17876005704754,22.91208875835488,19.93025201828371,24.19129034911968,25.70600923210898,38.07739777099614,31.78815142179946,38.23306130553076,24.39810448057826,35.71961576260422,30.31489971796569,31.23332293881808,35.53243938869919,31.3300476029644,31.50152781493312,34.84254353196742,32.24761343147156,38.50211454196184,33.77701215754858,18.91836047363931,38.83114416409163,32.31206188681492,30.66288999819611,37.13460010550482,33.51097148138685,31.76163640425894,34.7203901685531,22.19550844379031,42.81781841713109,38.2041482498791,27.90555308236625,26.64752401402696,34.26356021166161,31.65045424789183,27.70996475306932,41.6300093093439,29.4640300813267,27.99861054517492,40.28740351047806,29.37048698855263,26.42749730393744,32.61263180769417,37.11836530101556,36.14226665503088,37.87793591804417,33.47094677698043,24.14359772971051,41.58231562741086,32.8561271303539,29.86706576337005,32.64732088969307,32.93642653261571,26.10639510453861,22.76453444931711,27.18612766200146,35.8649690374211,22.30004034661517,20.53588781182804,24.53778488491749,21.70103417117571,31.3137948235519
43,29.58372693059674,43.18202428589939,33.35143503399729,35.41631759945375,20.70855256860284,22.26191181811281,16.83027844948724,21.17609976289802,21.83958951611286,27.91865701599016,36.22632774722338,29.52410593911601,31.75486729508394,36.54354504855492,0,37.1353722601757,33.0588052846638,32.21138920151615,22.95697864550881,36.57990517003245,28.39194665453248,30.37425349508448,33.96160313075532,27.94757269238897,31.7007243187698,26.01078439036465,25.4821026081976,34.72469810841346,32.65196202202722,29.96942570787834,37.70363818867694,24.8384500062206,39.36750107481949,37.65534049450052,26.81312425922837,27.09640137161071,29.03933284470552,28.17339608312145,28.42919540608846,37.39385301755622,34.47055044583792,26.92644096057641,35.7650662317231,30.95155180884488,36.3079927114461,36.79773287101207,35.09649218046194,38.66354236012013,29.17068921549208,24.3462756635377,30.53876755858573,35.43730116047001,22.77586824306076,30.63167030124574,36.46414830077199,35.57241663105368,28.15650894350924,26.73343156305584,32.54940941288557,25.60920139054631,36.0924415717125,41.52942368831156,32.48294592812741,34.78258952786928,35.7079510318659,25.44084897511489,24.35027028913493,28.03639297091851,34.52572764059753,36.98951174337065,37.66574830428885,27.13993273320269,23.05779468938597,31.18752324541946,26.21813519865344,38.01177905110512,33.20505985712582,23.55351872802024,31.14275448491362,36.61779405395627,26.8403024333678,37.79059072947163,26.85382927695516,25.49466261525402,33.88296776332815,33.10676985547614,17.71543888023228,38.96168145306142,28.94651262034821,20.77016645340023,27.41077999864301,29.17653130414404,35.98757540653053,38.9342814518701,33.7127268262579,32.07890061721923,35.85785446018207,33.75115049591911,44.28409868594797,30.73163662731431
72,40.00377046344086,33.32401457200089,29.29870511106531,27.20364179724022,37.34445222411792,35.17700943866961,29.84387684141389,37.86685906379569,37.47967520303951,30.66916024391748,33.94587949786506,44.50796086246126,23.0750634286155,28.1256163565503,37.1353722601757,0,36.79505446596811,24.73727049803141,26.54811407642719,31.19847822620834,38.50603754847037,31.05116609081599,25.37962370117264,41.87010914019935,30.07642113208891,37.74915326662371,33.03368435731824,36.82201223167439,27.68736608094553,37.54416614189751,36.12060163351774,28.8558548182416,32.88517830692901,23.25478357852835,30.41995592173658,41.72822595705158,32.60862771414848,29.31300299659852,37.10265821071717,29.38367000942949,32.85400333379993,37.04786652311189,34.87312283131826,22.28142556591153,29.54596359370867,34.09146614570397,29.94860841142106,26.53591467017084,41.8087316722376,30.65427925990408,19.92043492107267,41.55430219019794,33.13881756027448,26.74113366466505,25.6994582166139,25.26631255463779,38.14014452323108,31.68653825549907,28.90353133239996,28.96299915287282,21.52640683635822,31.61214072857879,27.09629574440534,32.8335001905388,39.47270495943854,36.57810545141569,27.92909041830133,37.12382839400338,28.10674811991305,30.27315521706056,33.18030213490048,39.27998701958035,42.17063317435767,33.26604829938692,37.09570809653827,37.34094786614904,40.44819090613508,38.42615763812847,28.74383729708964,25.68494912700071,33.9848446836568,28.00201791475963,42.14987006737893,26.76753931321155,29.82095988623908,33.40608890236624,36.30445320734282,32.41331802273358,33.16152190300829,33.78848122323767,38.76316004954288,23.55522656429471,34.18279692637858,21.61263570363289,34.82072249715053,19.20835471803801,39.13848648668368,24.60489275152225,28.833518267732,41.64732514069512
73,27.48030573924834,27.56150117989019,25.55128017933774,32.67300805263447,35.30441961831875,24.67326873079896,34.19646125483185,26.28480625469176,30.35475776543408,37.91448338635965,28.16523266509682,32.11356676480261,41.62060437056697,26.27808103762548,33.0588052846638,36.79505446596811,0,27.44988560668621,31.79174112384479,38.1475722494181,26.2252666714205,28.11260965138589,36.03700474205924,31.60584931824272,35.13898186595021,35.81040352886969,22.21168756561958,26.31796531629286,36.08351579071226,30.16694906844191,35.34542971378376,37.33686083237382,27.95352874744102,29.55950569414116,28.43707202440229,19.40344493949635,27.59958168916781,33.51432331231629,39.96309147647443,40.82321081789558,33.2483824445134,29.70714345744742,32.39196267139275,28.76912248587756,28.17248870282934,29.39296023755524,31.33860278036747,37.35110054888746,23.76916852026532,37.14443782706299,32.50869429266986,18.97197359134226,30.0171290471245,34.77121573755753,31.37535392207327,28.72593502502195,25.91697286245984,34.70755493169561,30.18809041702461,37.57144235163981,32.56260932174033,29.41707208831138,40.07610199448848,29.18419655232906,28.11856251446907,36.76626744545555,33.26605759563082,35.58474991522515,37.45447040037122,33.99198606351185,22.00113623522216,40.73900509558619,27.9410861984511,15.23431246958676,28.67227733082411,34.01927787330273,28.88766281366908,29.66830913667417,38.39731280155183,22.28090157582123,39.05040565709132,37.85395877355586,30.84039603258122,39.6743262881679,24.76579409787468,29.4933557499552,35.63966667939509,25.96978180861897,25.27173474916604,38.23981200621865,22.32341606367406,23.24116853656737,32.97010401917662,34.76422230911522,36.20378839016888,37.71965667156356,19.45979505668523,36.4185315663622,26.72402407001569,27.14091429464206
63,35.83702848356312,32.38238123653131,20.95605142493568,35.50168280626485,35.56674895936207,30.93912171192688,27.38515000113694,31.24549868746867,35.82437249542832,23.19527783710787,30.71074263176693,37.59419406905578,33.19144944085185,34.2811284734161,32.21138920151615,24.73727049803141,27.44988560668621,0,28.83300154849613,34.09094086657866,37.00300046149716,34.36807001937246,30.09682863916249,36.41634529362143,39.200291081016,33.7841672265703,16.20245131584542,34.20301069596842,27.43411039331947,35.67697197369317,31.27930580189405,34.53281104866846,37.16602644577377,27.40746816637455,21.35856066720313,38.06028626289689,28.85318152790125,34.59076969922868,40.40476408524572,38.59850634260391,39.21500324823569,37.20576134107955,34.27263366137104,30.34141405955159,21.54957986524974,34.0302937777597,30.79054383864122,38.02489031130646,29.89699845014613,31.26186303042426,29.42038435500505,29.43970614180967,38.03187131909501,22.03290723699561,24.33984965149828,26.3595503268809,31.68263923343787,34.08284734211029,30.92323125300378,24.01108057636623,25.94443981158181,34.75217208476771,26.60188903719184,26.07501690046467,29.01494011977274,41.26751554000344,33.61873387756284,30.36455254542135,35.86196897221048,35.98062392141372,27.26369647899671,41.33052385958658,31.585249166735,27.11462523070508,27.89631861748612,43.47783683425735,40.42757953713279,27.74554349678866,31.0332649495667,31.60176074488213,40.17836026140753,36.6934959422356,40.42277867998786,31.95400340147029,25.48763392570945,40.3462087833182,35.64836175914846,34.14703160870697,27.97234704954309,32.13222106760914,29.07711766468336,19.29042274656522,40.92098365815122,23.21814848583366,35.95257604245952,34.42707745565431,40.25099526874536,36.00155098252637,29.6327085776188,42.24104225449648
52,34.89360077163071,42.47934440291944,25.77871294862049,31.66572088668028,26.16812174501289,25.60525109855087,24.58543647971424,26.57583472963718,26.62424178165344,33.35076689387874,35.94720243720189,34.93639888093173,32.10647994500577,26.32183017682903,22.95697864550881,26.54811407642719,31.79174112384479,28.83300154849613,0,40.24149882887645,26.61595103086977,33.78034788341706,31.41230007520516,33.82789244576315,36.01394721731015,36.27043444771874,24.45692299702567,31.12964445507572,27.7045978856368,40.92158479986492,38.93567091658197,23.51366537146125,32.37242182687294,23.45979183580602,32.61861607287981,30.04441368170557,21.88386261703697,25.57279223427028,32.98016232326881,36.61314864875398,26.27831707182255,21.17580952898924,33.54314716163807,24.91376101378849,39.25267648804287,38.38663048606642,34.23344940066202,33.92476826362414,33.95848975488264,26.56842366639894,20.92404170161972,40.20837568219077,26.03462501798816,32.17654316236204,28.49181203604852,33.70687225608845,35.32653159695271,25.91685615010716,31.70628128838851,30.92383674173136,32.80855114753066,40.13396783693224,33.26011347818031,41.02505000080047,37.73727564394322,29.20536026998646,22.63921592369473,37.8611497891698,38.04574199499701,33.38601191318523,31.23967599320486,33.80013170694393,32.58870123772181,29.46471436971366,36.18323728233563,38.47104963800442,37.54671239242649,27.62593814027013,23.38889449049758,30.52817305924129,34.93060038930559,36.45188704938609,38.77699041421666,30.85456269545581,36.30545642250125,27.20366035745181,32.19051652841167,34.36815048704265,24.0189578766609,22.4418333881784,35.95368749408576,18.35174689926949,35.57116482934727,31.25228141212402,41.88894428412669,26.25792052156732,35.64615573475064,20.85855883798195,39.12659558890757,35.64003607151792
55,37.41019099219141,27.43145220068904,36.96020629727904,20.8660111842126,37.77654839141155,35.26584710917015,38.58927954439112,30.93061854965009,35.62146013539939,23.69051781401614,23.02712938366267,31.64597448150164,25.87971430884019,33.90365564038294,36.57990517003245,31.19847822620834,38.1475722494181,34.09094086657866,40.24149882887645,0,38.83749988393314,34.16893631716395,30.76304263384338,35.44475010263222,32.14315960711713,30.25654203338256,36.63405171770162,40.11688246353449,24.95703826623041,23.43929171930196,29.42290699179176,36.26966911330614,37.07484278894277,37.18061857521145,33.91385267926546,40.39968197562031,35.94734425922926,41.44505161009243,32.29059724785879,22.46187254898871,31.68904528403646,36.90089463201454,21.60558481310523,31.79900415777938,24.26309490406135,24.42940058776146,37.99652352598413,28.51647858796104,41.07208884002142,25.29484243025632,39.48701859314922,30.07200801881142,39.25658017816517,20.25193891739067,31.81999108911069,34.57779991855271,31.54263212451405,40.17939779729997,30.33874280802238,31.59252592512483,29.9608141315198,30.99115811390132,27.3564545020027,25.8270021638189,32.24764742897555,28.56766670205501,35.002205291424,28.69655367491007,21.36499025449119,24.36013193674687,33.48005734163235,25.09120862951754,31.93003539661078,41.38670967884907,35.90751367856527,26.69159001735052,22.41905002335875,38.90323789313117,31.96443746115841,35.46095168326892,27.14081795198548,28.57848380027071,31.21151297624582,22.73565159096939,36.90655579638806,41.09584563791504,32.60179920138396,32.11692908809506,33.28836443891149,35.12411718030953,29.51185284878553,40.94165263792662,33.22156988258949,30.86476226123618,21.95794468345754,28.31233629101461,35.95835710302939,32.13003731708126,27.79979430345865,33.56212555972864
92,27.64463003054118,37.0561444477104,32.80803161836485,36.49275248297652,33.04901296646452,29.80517369062839,32.38113405138161,30.18571912881839,18.92920777820204,37.46911149821137,36.30752174109809,27.99224949736409,32.31030950579714,26.47098654813834,28.39194665453248,38.50603754847037,26.2252666714205,37.00300046149716,26.61595103086977,38.83749988393314,0,37.99869496009646,37.49654972914531,25.54482151931698,32.94874010753858,27.52492584367976,28.01703266041985,24.49220935736892,35.72636622507446,37.07690958588613,30.61566779535011,30.00620433039906,29.59873906220001,23.67103878630926,41.36444221273536,16.44697228192756,25.4777838459704,25.81541933888582,23.36099925760046,35.28726947746906,20.32304552493765,19.3701799026965,26.84269380084485,34.76914971457824,37.25038473009636,27.79491965973731,29.73475079173614,29.78601624979391,20.20664673881591,29.74689799965129,31.51162719406863,32.0969099207493,26.11803404766026,40.32363685809737,31.62634826284449,29.27707591441056,37.52443208677237,19.45801477419299,33.69885482859008,31.49191673396318,41.74366042682282,27.20333017711608,37.47021763447708,37.98763045422675,26.60611276812171,28.94428915669513,31.76110184207971,36.20859982233236,39.28538964227413,37.1390725254409,22.37100406923312,26.3139979248599,26.71982464136551,30.89683383678586,29.62170104229209,25.82471993051694,28.86684888349877,24.09551897200568,24.56645095057165,33.22555586042945,35.44154320796737,31.01364208377341,25.10235539079043,40.05160639368334,34.04871690811372,22.60071269584586,31.93899561546738,30.16316111298123,33.80198033322661,32.90755235660004,29.35696376529514,31.3603188189586,22.23406811652092,32.31863917754085,35.20772860757082,33.58651858040462,25.15460841475257,30.71312267198732,33.50041286505712,28.8947909091765
70,25.75983433957914,29.7920483312804,31.4738259475608,27.98928178775728,28.16521819230904,30.40803310292684,26.74454119341355,30.67424836754204,37.34328240058343,38.98087507092537,29.03364919332621,38.91804354158499,35.08654086307997,30.85792746003107,30.37425349508448,31.05116609081599,28.11260965138589,34.36807001937246,33.78034788341706,34.16893631716395,37.99869496009646,0,25.70089844881159,38.51714604578667,23.21633946569973,36.93937812791668,36.59056064626533,31.84457031101279,40.7436132088629,24.13413695394148,40.58023800596767,32.4821623780111,29.83311561045058,39.34288158353478,22.05418624310042,30.99234458543026,34.25622454406781,27.696896629258,37.50489975512139,33.86875476981814,40.34743668404157,35.59210200733853,39.64084325945445,25.10424685020868,33.01428151305871,38.06285225880858,31.45466484278221,31.67638268632911,37.92299328308923,38.90471024190997,26.43826821283786,33.09439176313813,24.14200742347862,32.22772174196163,38.94508201054686,33.84732454189854,22.19030749551153,37.9471909819224,27.64965058845775,38.28298726426316,20.06077429299605,34.46086071976934,34.72314672812892,29.97842467707295,40.00157308123366,33.97715799256247,22.47029027026286,31.07464399831354,27.79208214036503,27.14243070330823,41.14618262789842,39.63400535784233,35.43462779861772,19.92859162024748,31.23475216323377,33.32687989371945,32.69134340365425,41.346690072911,43.35824546303684,21.36085903084689,22.0937771091284,36.72376617071592,28.39638504407428,26.21898078443865,22.36233087680269,26.58490922688273,28.17769542195914,34.3032452866285,30.55976527281856,33.35299140808507,32.9016125331567,29.65630100778942,33.36378411324124,38.66788239035774,27.41492775588998,30.01993973757013,25.44569038617397,33.51749992669998,34.39054027583604,23.08238352197753
