,0,89,98,27,39,21,80,78,67,60,26,81,41,44,43,72,73,63,52,55,92,70,10,93,85,13,94,42,49,25,22,45,28,34,90,1,96,91,56,16,61,38,77,14,12,7,57,6,18,86,65,75,31,99,29,83,84,71,95,11,47,48,76,88,30,58,15,69,19,62,23,53,50,33,68,54,51,79,97,40,46,20,24,5,9,66,37,87,4,35,8,64,82,17,74,3,2,32,36,59
0,0,27.138,33.624,15.875,33.277,25.760,25.041,35.846,23.230,29.526,33.535,38.651,27.559,36.818,40.505,24.843,22.141,34.515,32.443,37.188,30.073,36.806,27.647,33.562,22.371,32.464,23.701,32.605,40.337,30.382,24.683,39.764,44.574,33.426,34.876,29.649,26.759,35.757,27.720,27.480,30.686,25.692,35.568,29.584,35.274,31.839,33.863,28.536,34.894,31.920,37.301,28.028,34.809,20.892,34.016,35.220,24.481,31.873,39.465,26.453,27.493,22.379,33.136,33.633,27.423,32.652,40.004,29.303,37.410,28.464,31.173,36.721,32.178,35.791,39.374,37.850,27.539,34.705,35.388,38.703,27.780,27.645,33.922,38.414,39.131,27.296,23.233,37.773,23.856,26.138,36.257,24.378,20.017,35.837,25.600,38.687,25.055,27.111,25.912,35.146
89,27.138,0,40.814,27.918,34.009,33.353,25.003,24.954,28.042,30.845,29.237,42.043,22.096,41.240,36.743,23.954,33.703,38.901,35.033,42.156,37.508,39.957,29.002,31.345,32.119,32.647,33.044,30.241,27.907,30.746,22.179,43.799,33.497,33.332,38.165,42.403,39.546,32.273,33.428,38.240,43.352,27.441,33.921,20.770,30.296,24.702,34.036,23.298,22.442,31.994,32.540,37.560,30.598,33.437,39.321,26.442,37.242,26.228,31.734,28.333,31.590,33.762,36.679,28.299,34.016,30.692,33.788,29.162,35.124,22.676,35.738,26.300,31.538,35.017,40.257,36.181,38.708,41.188,27.215,35.328,38.308,32.908,38.983,35.629,30.917,19.959,28.807,43.694,19.735,36.844,33.266,31.956,33.974,32.132,35.433,34.366,24.270,37.224,24.272,29.792
98,33.624,40.814,0,27.503,33.911,34.391,37.148,33.459,38.113,29.831,32.063,33.477,34.415,26.918,33.137,34.269,30.634,24.696,40.554,27.196,26.461,23.347,22.583,20.836,34.066,21.701,29.291,23.825,35.581,33.966,28.226,26.361,35.049,38.218,31.380,22.952,26.975,32.591,38.399,26.724,20.601,38.459,41.446,44.284,32.129,35.668,38.214,40.624,39.127,44.162,42.070,29.484,43.377,36.395,33.879,39.763,27.811,38.171,31.008,38.821,24.839,33.945,30.491,35.881,30.303,24.459,28.834,29.800,27.800,33.084,42.024,29.599,36.646,25.916,35.669,31.660,28.233,28.963,34.582,32.127,34.074,33.500,34.210,39.646,37.606,34.561,37.423,30.917,44.906,37.049,37.583,24.551,36.127,29.633,37.206,28.123,28.173,31.416,34.732,36.295
27,15.875,27.918,27.503,0,37.376,31.845,31.679,30.960,33.645,32.219,30.543,41.054,21.785,40.028,39.939,26.269,22.568,35.957,35.719,35.971,26.661,31.737,26.747,26.653,20.909,23.367,30.987,28.883,39.118,31.976,22.922,39.940,43.529,39.404,37.010,33.169,25.786,31.476,36.741,26.318,30.086,29.736,37.836,34.725,35.227,32.290,32.973,31.840,31.130,40.728,41.522,30.647,39.106,28.941,40.712,41.267,27.433,34.499,36.484,31.610,24.672,23.267,35.479,34.295,30.098,27.959,36.822,31.113,40.117,30.702,37.817,36.726,32.389,28.097,44.956,37.156,31.859,34.984,32.694,34.562,31.844,24.492,37.039,40.708,42.695,25.520,24.752,39.049,31.999,29.106,35.353,21.389,29.875,34.203,33.535,37.869,20.060,28.079,25.541,36.606
39,33.277,34.009,33.911,37.376,0,33.869,26.995,28.920,25.645,27.139,42.455,19.195,36.000,30.879,34.434,39.648,40.510,39.250,35.896,35.352,33.394,35.699,31.916,31.182,31.139,36.179,24.687,28.002,34.179,37.199,30.666,31.536,30.673,37.259,40.733,24.913,37.713,41.798,31.891,40.823,27.801,22.776,37.490,37.394,24.784,39.696,35.069,38.179,36.613,30.205,25.447,19.051,24.485,29.441,34.220,22.549,36.938,25.710,31.320,29.885,20.810,40.482,30.498,33.997,23.540,39.977,29.384,20.412,22.462,24.250,28.548,33.611,29.262,31.807,21.190,25.463,35.411,32.741,22.999,29.318,27.053,35.287,32.766,39.132,29.192,35.992,31.171,27.127,29.668,37.203,39.766,36.354,30.022,38.599,34.096,28.585,35.884,24.578,28.153,33.706
21,25.760,33.353,34.391,31.845,33.869,0,22.094,43.358,31.075,20.061,36.591,36.724,35.592,33.014,25.104,35.435,19.929,29.978,24.142,33.847,33.364,41.146,29.034,38.668,26.585,30.858,27.415,39.641,38.905,36.939,25.701,38.063,40.744,22.054,32.902,29.792,25.446,29.656,22.190,28.113,34.461,37.505,41.347,30.374,35.087,30.674,37.947,26.745,33.780,28.178,33.977,33.327,32.482,23.082,24.134,26.219,22.362,39.634,30.020,38.918,31.676,37.923,32.691,30.560,40.580,27.650,31.051,27.142,34.169,34.723,38.517,32.228,26.438,39.343,27.792,38.945,33.094,21.361,33.517,40.347,31.455,37.999,23.216,30.408,38.981,22.470,27.697,34.303,28.165,30.992,37.343,40.002,28.396,34.368,31.235,27.989,31.474,29.833,34.256,38.283
80,25.041,25.003,37.148,31.679,26.995,22.094,0,35.380,27.108,28.268,40.001,34.769,30.983,37.818,33.458,30.237,34.181,32.032,28.241,38.029,27.651,43.837,28.783,36.076,28.515,32.613,18.367,32.593,31.233,27.272,21.828,37.626,39.478,33.218,35.505,35.895,31.498,39.191,30.963,39.050,35.277,24.820,41.714,26.840,24.618,30.265,34.805,26.100,34.931,25.702,28.896,27.330,31.711,25.101,26.180,21.809,31.648,24.395,26.194,34.101,24.161,38.356,29.557,36.582,35.880,26.941,33.985,26.374,27.141,27.385,37.568,29.909,32.629,40.906,28.575,41.675,38.179,35.522,31.410,36.483,35.342,35.442,22.848,36.668,35.290,19.576,27.731,40.879,26.543,35.487,33.730,36.390,22.389,40.178,33.235,28.552,35.929,35.642,35.384,32.935
78,35.846,24.954,33.459,30.960,28.920,43.358,35.380,0,34.031,37.177,28.259,30.170,23.603,36.170,35.832,30.386,40.091,39.096,36.944,32.706,30.931,26.295,34.001,20.647,33.002,29.370,35.447,21.535,21.892,29.059,31.011,32.299,24.975,41.511,37.039,39.318,40.122,32.486,41.922,38.397,33.120,23.051,27.781,31.143,22.897,32.819,24.807,32.433,23.389,35.971,30.940,31.760,28.605,39.817,42.600,33.003,39.571,22.687,28.352,30.274,26.257,31.599,35.255,33.132,26.134,33.822,28.744,33.088,31.964,24.802,31.943,30.400,30.947,19.740,37.949,24.965,38.805,39.720,23.445,21.757,33.524,24.566,38.923,36.501,27.291,31.450,30.363,35.395,33.376,36.140,28.233,27.656,36.539,31.033,35.841,33.938,29.147,34.737,24.080,24.294
67,23.230,28.042,38.113,33.645,25.645,31.075,27.108,34.031,0,26.817,33.550,32.171,37.749,26.561,40.366,28.628,33.248,32.290,37.015,36.129,39.372,38.092,30.672,33.355,36.366,42.818,20.535,33.506,36.047,30.135,29.348,36.679,36.191,26.035,33.884,27.435,39.962,39.107,22.937,35.585,33.211,25.246,29.838,28.036,30.904,34.511,35.510,28.513,37.861,23.962,33.538,31.869,28.860,29.668,30.376,23.851,28.515,29.357,40.629,24.323,32.814,28.627,34.951,32.829,19.863,39.439,37.124,29.521,28.697,18.887,24.482,29.862,33.203,38.720,29.935,30.546,26.486,38.159,36.652,41.436,25.644,36.209,36.599,37.025,23.022,35.520,30.481,35.569,22.195,34.807,39.027,28.118,24.040,30.365,19.319,38.686,30.013,32.601,27.303,26.445
60,29.526,30.845,29.831,32.219,27.139,20.061,28.268,37.177,26.817,0,35.108,34.011,37.828,28.200,28.496,38.320,25.499,31.923,35.617,33.972,38.902,38.184,25.238,28.613,31.614,32.312,28.184,35.888,38.927,40.365,19.249,39.462,34.476,21.977,38.792,23.725,35.727,29.050,25.068,32.563,33.462,37.416,40.889,36.092,31.975,35.402,40.227,30.446,32.809,34.396,37.684,34.898,31.389,31.801,33.074,23.090,24.699,40.421,31.118,37.588,27.922,39.640,37.670,27.627,32.482,31.524,21.526,20.412,29.961,23.342,38.712,25.783,23.549,33.080,27.836,29.114,32.880,24.910,28.117,40.426,28.350,41.744,33.248,36.742,32.245,27.798,29.648,32.579,28.449,39.398,43.910,36.633,36.679,25.944,33.118,28.266,22.834,26.509,28.488,35.108
26,33.535,29.237,32.063,30.543,42.455,36.591,40.001,28.259,33.550,35.108,0,39.744,28.279,28.122,30.876,21.805,26.369,27.880,34.165,28.842,37.183,22.686,30.674,28.265,37.923,30.504,38.276,30.227,25.918,28.825,34.216,31.668,27.479,27.194,21.842,37.782,34.885,18.884,32.403,22.212,36.584,37.958,21.198,25.482,35.752,22.026,30.295,26.741,24.457,34.212,37.218,41.813,35.386,38.695,34.711,35.984,30.035,36.328,34.797,32.173,39.974,22.859,34.974,25.726,33.786,28.540,33.034,38.525,36.634,32.923,32.831,25.507,33.459,27.592,40.156,28.855,27.205,34.005,36.233,33.608,35.234,28.017,39.344,24.560,26.724,31.314,34.899,34.913,34.327,30.025,25.499,25.195,36.413,16.202,28.295,35.450,22.984,38.651,26.955,25.361
81,38.651,42.043,33.477,41.054,19.195,36.724,34.769,30.170,32.171,34.011,39.744,0,39.999,25.754,30.562,42.799,39.935,36.312,29.929,22.461,29.529,29.713,40.551,31.591,32.413,37.118,29.596,33.436,32.712,34.608,38.794,21.919,30.773,37.274,35.769,27.818,36.874,37.626,36.500,37.854,20.260,26.170,31.395,37.791,23.239,42.698,25.521,36.750,36.452,27.481,27.090,23.838,22.417,35.428,32.802,29.453,33.315,31.172,29.960,37.460,26.714,37.125,33.507,38.900,27.419,40.619,28.002,33.886,28.578,32.523,27.165,38.466,26.787,27.278,19.204,23.231,36.689,28.397,29.949,27.280,21.027,31.014,27.029,34.507,29.306,39.831,29.752,21.715,37.510,33.301,33.430,38.187,30.427,36.693,29.055,32.955,40.998,28.703,33.526,28.787
41,27.559,22.096,34.415,21.785,36.000,35.592,30.983,23.603,37.749,37.828,28.279,39.999,0,42.690,33.417,22.757,31.250,40.222,31.146,39.451,28.242,29.562,27.765,32.533,23.997,19.930,37.128,22.408,27.558,32.061,30.202,36.465,33.173,40.904,33.792,40.351,26.577,30.848,36.188,29.707,37.524,28.236,32.924,26.926,34.625,21.362,31.204,32.788,21.176,36.774,28.758,29.464,33.720,27.454,39.130,36.495,39.221,25.060,30.312,25.906,29.154,30.196,27.282,26.514,35.783,28.241,37.048,29.302,36.901,35.069,33.635,33.729,33.498,27.886,42.086,35.306,34.933,35.772,23.644,21.571,39.292,19.370,37.527,31.347,38.782,22.833,30.321,36.400,28.625,25.793,25.034,29.104,31.700,37.206,38.976,29.815,26.659,31.240,22.433,36.806
44,36.818,41.240,26.918,40.028,30.879,33.014,37.818,36.170,26.561,28.200,28.122,25.754,42.690,0,29.940,34.737,32.529,20.834,36.413,21.963,37.318,26.017,31.265,29.700,41.482,38.077,27.877,32.537,32.388,32.364,36.332,21.326,27.567,23.321,23.533,21.477,36.461,31.798,27.253,28.172,25.283,37.639,28.988,36.308,31.536,35.119,35.249,34.671,39.253,30.088,35.638,34.605,33.666,37.148,24.302,29.275,25.333,37.839,35.508,35.481,36.228,32.190,32.202,32.484,26.963,35.034,29.546,34.144,24.263,30.363,30.270,26.425,33.730,32.495,23.018,23.724,22.395,28.112,38.707,37.300,26.889,37.250,33.024,29.988,20.773,40.325,37.981,24.834,38.846,35.289,35.639,30.526,32.655,21.550,23.251,32.090,33.374,34.643,34.119,26.354
43,40.505,36.743,33.137,39.939,34.434,25.104,33.458,35.832,40.366,28.496,30.876,30.562,33.417,29.940,0,38.600,29.514,31.984,22.188,27.438,33.750,31.317,33.501,35.995,32.278,25.706,38.152,35.449,27.532,38.466,34.899,28.420,25.209,26.400,28.798,35.038,29.300,21.356,30.201,28.769,35.207,40.589,35.063,30.952,32.551,27.886,33.079,31.156,24.914,30.138,26.521,35.598,28.046,33.323,27.479,26.427,32.745,38.498,19.629,41.301,35.025,41.720,30.266,25.668,43.479,27.749,22.281,30.979,31.799,39.314,37.415,29.181,24.556,30.230,23.768,30.218,36.676,16.427,26.286,27.991,35.303,34.769,25.580,18.561,33.350,27.132,33.825,25.890,35.621,31.481,28.688,43.310,37.697,30.341,37.056,18.708,34.833,32.843,33.602,35.356
72,24.843,23.954,34.269,26.269,39.648,35.435,30.237,30.386,28.628,38.320,21.805,42.799,22.757,34.737,38.600,0,31.279,28.477,35.925,38.218,32.770,31.341,24.352,33.790,36.402,31.650,29.665,23.928,26.228,21.539,31.346,33.803,34.569,33.977,22.490,38.345,30.820,34.445,31.037,27.941,37.760,30.629,29.175,23.058,35.378,16.635,34.861,29.521,32.589,32.560,33.950,34.740,39.366,30.207,30.263,35.011,34.204,25.033,37.075,22.648,36.384,22.765,26.316,30.025,31.779,27.048,42.171,34.632,31.930,31.664,32.063,26.632,41.324,37.336,41.165,38.521,25.224,41.051,38.063,34.302,40.074,26.720,38.235,31.019,30.864,28.637,36.493,40.602,30.741,28.998,25.483,19.745,25.779,31.585,30.004,34.744,28.251,40.041,29.511,30.051
73,22.141,33.703,30.634,22.568,40.510,19.929,34.181,40.091,33.248,25.499,26.369,39.935,31.250,32.529,29.514,31.279,0,31.143,27.745,30.447,34.014,32.249,29.837,33.975,24.642,27.710,34.343,38.296,40.709,36.953,28.691,38.082,41.254,24.423,30.628,29.845,23.657,20.524,25.771,15.234,32.259,39.111,34.468,31.188,39.699,29.908,34.346,27.087,29.465,34.426,39.970,36.974,35.148,27.382,33.004,36.902,18.012,43.184,36.272,36.576,34.769,26.435,36.355,27.855,37.154,28.912,33.266,32.909,41.387,36.092,36.077,35.168,25.882,31.575,38.331,34.695,27.548,22.022,35.509,39.167,28.232,30.897,32.530,29.815,40.232,26.566,25.778,32.701,30.224,24.783,35.247,32.025,31.594,27.115,27.858,35.350,21.668,27.246,27.816,36.986
63,34.515,38.901,24.696,35.957,39.250,29.978,32.032,39.096,32.290,31.923,27.880,36.312,40.222,20.834,31.984,28.477,31.143,0,35.793,24.857,30.780,32.699,28.033,30.166,41.742,33.511,23.905,32.714,29.935,23.048,30.969,25.947,35.770,27.380,19.157,31.431,32.315,32.398,33.721,29.184,29.091,39.452,37.273,34.783,29.930,30.476,36.517,30.487,41.025,33.657,40.792,37.873,42.464,38.411,20.078,33.357,22.625,37.139,31.198,40.839,35.461,32.323,31.751,38.588,35.469,21.391,32.834,38.041,25.827,32.921,41.267,23.155,39.495,38.224,31.283,38.513,28.192,33.458,43.789,40.841,36.191,37.988,27.582,33.305,29.784,32.651,38.825,38.142,42.980,37.850,32.100,28.467,30.758,26.075,28.157,31.844,34.935,43.108,41.612,27.095
52,32.443,35.033,40.554,35.719,35.896,24.142,28.241,36.944,37.015,35.617,34.165,29.929,31.146,36.413,22.188,35.925,27.745,35.793,0,27.379,27.363,36.218,40.780,40.689,23.511,31.330,34.756,40.049,31.417,32.098,37.048,31.752,37.582,30.866,29.786,39.463,26.541,27.402,31.661,30.017,33.375,31.251,30.967,22.776,31.300,31.065,22.327,23.558,26.035,20.156,24.916,32.387,22.935,27.662,28.094,30.453,29.541,34.193,26.250,39.260,34.208,33.885,32.640,34.249,42.283,32.093,33.139,37.656,39.257,40.568,31.650,39.450,23.205,34.010,28.785,36.925,38.861,23.801,32.018,30.435,29.515,26.118,18.260,21.571,38.058,25.389,22.691,31.430,30.029,21.325,22.097,42.268,26.184,38.032,28.942,32.294,39.102,33.046,34.205,32.808
55,37.188,42.156,27.196,35.971,35.352,33.847,38.029,32.706,36.129,33.972,28.842,22.461,39.451,21.963,27.438,38.218,30.447,24.857,27.379,0,26.288,24.962,39.620,26.377,33.566,32.248,31.763,36.422,31.471,28.313,36.275,21.465,34.128,31.756,27.103,31.485,33.093,25.558,38.453,28.726,19.179,34.420,29.183,35.572,25.255,38.913,20.944,29.113,33.707,30.980,37.487,34.828,31.251,40.257,31.022,35.999,21.294,38.731,28.188,43.483,31.650,29.231,37.575,39.804,32.864,30.926,25.266,41.177,34.578,34.882,35.055,35.171,26.643,24.389,29.099,28.340,34.615,25.533,37.643,32.911,22.457,29.277,23.879,30.977,31.417,35.381,28.229,28.509,42.226,31.762,28.038,33.217,32.704,26.360,24.358,35.880,36.079,35.399,36.895,23.017
92,30.073,37.508,26.461,26.661,33.394,33.364,27.651,30.931,39.372,38.902,37.183,29.529,28.242,37.318,33.750,32.770,34.014,30.780,27.363,26.288,0,31.222,34.434,29.766,23.974,22.765,26.446,28.406,30.964,23.702,31.247,26.480,40.931,43.550,31.828,35.728,22.655,36.180,42.529,32.970,21.014,25.852,39.173,35.988,24.049,35.531,24.699,33.418,35.571,35.223,34.261,22.935,36.914,31.780,32.213,38.982,30.179,27.933,24.614,39.380,20.119,31.351,29.098,42.718,35.032,24.273,34.183,36.292,33.222,36.771,38.941,38.441,34.066,29.481,35.235,39.644,38.118,32.607,34.070,26.399,32.655,22.234,20.673,37.569,41.585,27.523,27.243,35.969,41.181,29.416,25.160,30.500,24.655,40.921,34.438,32.133,38.356,34.560,37.819,32.838
70,36.806,39.957,23.347,31.737,35.699,41.146,43.837,26.295,38.092,38.184,22.686,29.713,29.562,26.017,31.317,31.341,32.249,32.699,36.218,24.962,31.222,0,31.800,26.529,34.533,26.648,38.290,23.288,30.020,34.125,39.529,20.219,26.173,37.916,25.991,29.323,29.797,28.005,36.521,22.001,24.804,35.683,24.996,37.666,35.511,31.817,30.043,39.660,31.240,38.961,34.404,31.057,35.540,36.529,36.635,40.660,34.051,34.984,35.055,31.310,33.958,26.321,29.114,29.414,28.391,34.179,33.180,35.531,33.480,37.259,29.272,34.022,34.411,18.230,36.611,21.300,25.018,29.385,32.148,22.379,31.514,22.371,38.972,29.245,31.781,39.338,36.860,21.900,41.005,27.020,27.825,24.925,35.800,27.264,32.677,32.347,29.516,30.095,26.603,32.374
10,27.647,29.002,22.583,26.747,31.916,29.034,28.783,34.001,30.672,25.238,30.674,40.551,27.765,31.265,33.501,24.352,29.837,28.033,40.780,39.620,34.434,31.800,0,29.309,34.999,24.742,27.260,19.825,32.718,34.585,22.672,34.316,31.761,32.470,30.759,26.176,27.996,34.884,27.577,28.165,34.507,36.891,41.002,36.226,35.892,23.335,44.006,37.798,35.947,39.888,35.840,29.952,41.523,27.595,30.000,31.083,33.392,31.966,33.136,27.485,28.884,35.865,23.641,24.739,31.432,24.306,33.946,18.171,23.027,28.706,38.666,20.387,38.785,35.109,35.226,34.462,23.755,33.234,30.605,34.114,40.010,36.308,38.257,35.951,33.714,28.404,39.391,34.884,33.636,36.295,38.223,25.324,33.150,30.711,38.225,22.345,22.751,31.650,28.655,38.569
93,33.562,31.345,20.836,26.653,31.182,38.668,36.076,20.647,33.355,28.613,28.265,31.591,32.533,29.700,35.995,33.790,33.975,30.166,40.689,26.377,29.766,26.529,29.309,0,34.050,27.186,30.380,25.706,30.870,30.057,22.620,32.848,31.764,37.509,37.085,31.417,38.514,29.268,41.882,34.764,25.862,31.277,35.689,38.934,22.604,37.609,30.285,32.458,31.252,41.183,41.944,34.503,36.378,42.340,41.052,35.607,28.849,34.242,28.761,38.230,22.269,31.271,39.400,36.751,24.367,27.871,21.613,32.448,30.865,20.491,40.033,26.988,30.092,18.950,37.856,26.368,36.005,35.635,30.366,32.542,29.587,32.319,36.689,41.714,30.376,31.371,30.146,36.416,39.442,40.835,36.598,23.266,38.608,23.218,34.039,34.570,23.171,33.957,29.636,24.800
85,22.371,32.119,34.066,20.909,31.139,26.585,28.515,33.002,36.366,31.614,37.923,32.413,23.997,41.482,32.278,36.402,24.642,41.742,23.511,33.566,23.974,34.533,34.999,34.050,0,24.144,33.234,34.592,39.474,37.114,29.053,37.932,42.497,39.146,39.848,33.422,22.764,31.322,34.865,29.493,28.603,26.602,37.602,33.107,33.126,35.930,27.576,31.453,27.204,33.882,32.245,24.329,28.185,22.781,38.824,36.667,29.816,34.077,31.035,34.908,22.168,31.583,34.180,33.911,35.230,33.293,33.406,29.321,41.096,35.864,33.725,42.427,22.050,27.137,37.034,35.040,37.738,25.938,24.919,28.590,26.427,22.601,28.576,35.781,44.411,24.719,16.249,31.737,28.141,23.164,33.113,35.737,27.764,40.346,34.183,34.115,30.241,19.744,25.877,39.067
13,32.464,32.647,21.701,23.367,36.179,30.858,32.613,29.370,42.818,32.312,30.504,37.118,19.930,38.077,25.706,31.650,27.710,33.511,31.330,32.248,22.765,26.648,24.742,27.186,24.144,0,35.865,24.191,30.315,34.823,26.814,31.788,33.466,39.509,32.936,34.671,20.536,26.106,38.502,26.278,30.663,36.185,40.287,36.544,32.582,27.186,33.777,35.681,26.322,41.582,34.720,29.464,38.259,31.314,36.225,37.878,33.471,34.264,22.300,37.515,24.398,35.720,27.999,29.867,38.923,18.918,28.126,27.906,33.904,37.135,41.862,31.502,31.233,23.666,38.204,34.843,35.532,26.427,24.538,22.912,38.233,26.471,31.403,32.919,41.641,22.196,32.001,32.856,38.619,30.803,29.437,31.762,36.142,34.281,41.630,22.329,27.041,29.867,30.256,38.831
94,23.701,33.044,29.291,30.987,24.687,27.415,18.367,35.447,20.535,28.184,38.276,29.596,37.128,27.877,38.152,29.665,34.343,23.905,34.756,31.763,26.446,38.290,27.260,30.380,33.234,35.865,0,29.708,33.947,23.070,24.456,30.829,39.741,32.967,31.670,26.104,32.344,41.286,31.138,36.204,24.765,24.277,39.173,33.713,23.321,35.458,34.644,30.708,41.889,28.270,34.825,24.525,35.569,28.692,23.748,27.129,25.234,26.440,32.528,32.722,23.010,32.247,29.544,39.983,25.158,29.591,34.821,29.000,21.958,23.318,34.619,29.515,36.006,38.792,27.077,37.578,30.228,36.069,37.580,38.669,29.120,35.208,25.307,40.074,30.999,30.837,30.586,37.350,33.370,36.181,36.299,27.335,18.831,35.953,25.753,32.985,35.207,34.761,36.326,28.461
42,32.605,30.241,23.825,28.883,28.002,39.641,32.593,21.535,33.506,35.888,30.227,33.436,22.408,32.537,35.449,23.928,38.296,32.714,40.049,36.422,28.406,23.288,19.825,25.706,34.592,24.191,29.708,0,24.337,29.478,30.577,26.154,25.613,41.260,30.248,30.867,30.471,37.607,36.110,32.392,30.146,28.465,34.544,35.765,30.090,26.165,36.282,40.052,33.543,38.948,29.800,23.550,37.884,31.543,34.236,34.017,39.483,20.783,30.853,23.418,25.594,32.858,20.228,29.353,25.931,28.849,34.873,24.815,21.606,29.547,32.916,26.061,39.584,27.868,35.458,29.653,27.822,37.353,26.956,21.129,38.869,26.843,38.594,35.610,30.473,32.936,38.776,31.748,36.612,33.744,30.291,21.638,31.750,34.273,38.298,24.730,29.399,32.535,26.962,33.798
49,40.337,27.907,35.581,39.118,34.179,38.905,31.233,21.892,36.047,38.927,25.918,32.712,27.558,32.388,27.532,26.228,40.709,29.935,31.417,31.471,30.964,30.020,32.718,30.870,39.474,30.315,33.947,24.337,0,23.015,34.685,25.835,19.709,35.485,25.108,42.441,37.367,31.659,38.082,37.144,37.430,30.712,28.658,24.346,23.625,22.705,28.335,29.334,26.568,29.248,24.978,35.311,31.578,38.980,30.148,27.135,39.656,21.718,21.678,33.845,34.261,36.162,27.822,32.163,36.659,26.498,30.654,35.894,25.295,32.213,34.763,22.526,36.209,31.853,31.324,32.900,37.521,38.004,30.511,24.380,40.603,29.747,31.819,25.971,22.977,28.508,37.363,36.758,36.330,35.702,18.463,33.588,34.118,31.262,35.705,26.192,36.730,42.967,34.185,23.278
25,30.382,30.746,33.966,31.976,37.199,36.939,27.272,29.059,30.135,40.365,28.825,34.608,32.061,32.364,38.466,21.539,36.953,23.048,32.098,28.313,23.702,34.125,34.585,30.057,37.114,34.823,23.070,29.478,23.015,0,31.890,28.464,37.450,36.914,24.196,40.361,34.936,36.694,39.609,35.810,30.599,24.965,30.926,26.011,22.213,30.055,24.900,24.789,36.270,28.268,35.475,33.934,37.122,37.504,28.297,34.181,29.990,23.321,30.627,35.166,31.661,25.254,32.264,42.219,31.533,25.713,37.749,41.236,30.257,29.898,35.628,30.070,39.114,36.454,36.371,40.190,34.982,41.795,41.315,35.202,35.225,27.525,27.499,35.301,29.512,29.520,31.955,42.612,37.809,33.927,21.888,24.661,23.036,33.784,25.733,37.790,37.542,44.383,38.559,18.816
22,24.683,22.179,28.226,22.922,30.666,25.701,21.828,31.011,29.348,19.249,34.216,38.794,30.202,36.332,34.899,31.346,28.691,30.969,37.048,36.275,31.247,39.529,22.672,22.620,29.053,26.814,24.456,30.577,34.685,31.890,0,41.509,38.413,32.424,39.506,32.784,34.730,31.781,34.964,36.037,34.104,31.459,43.103,33.962,26.036,32.784,37.046,26.922,31.412,37.683,40.133,33.966,36.524,33.738,36.475,28.463,27.011,33.665,27.309,37.196,20.672,36.309,37.527,34.045,32.149,22.666,25.380,24.218,30.763,19.046,43.140,24.650,29.243,32.660,36.620,36.726,37.467,34.747,29.076,38.701,33.826,37.497,32.480,41.764,35.677,18.453,26.951,41.946,30.397,40.783,39.969,30.004,34.283,30.097,35.893,30.716,21.659,33.119,30.623,32.155
45,39.764,43.799,26.361,39.940,31.536,38.063,37.626,32.299,36.679,39.462,31.668,21.919,36.465,21.326,28.420,33.803,38.082,25.947,31.752,21.465,26.480,20.219,34.316,32.848,37.932,31.788,30.829,26.154,25.835,28.464,41.509,0,27.106,36.947,20.266,29.277,29.311,35.566,35.748,29.393,21.627,33.601,29.605,36.798,29.560,33.272,29.854,39.132,38.387,31.493,28.498,26.609,34.714,35.107,24.401,35.061,33.887,30.363,30.211,35.262,33.299,33.047,22.762,36.292,31.830,32.808,34.091,36.785,24.429,38.802,30.083,33.155,37.492,29.965,25.057,28.867,27.971,29.403,36.335,24.462,32.722,27.795,28.455,27.583,29.111,39.781,39.015,22.815,43.494,29.444,24.576,31.700,29.203,34.030,30.731,28.139,40.746,35.833,36.926,30.163
28,44.574,33.497,35.049,43.529,30.673,40.744,39.478,24.975,36.191,34.476,27.479,30.773,33.173,27.567,25.209,34.569,41.254,35.770,37.582,34.128,40.931,26.173,31.761,31.764,42.497,33.466,39.741,25.613,19.709,37.450,38.413,27.106,0,32.790,30.606,36.386,41.008,31.012,33.648,36.084,38.747,37.585,28.522,32.652,32.079,27.829,36.337,37.763,27.705,34.021,25.454,36.639,29.744,39.964,34.584,26.134,42.541,31.121,28.900,32.274,37.712,41.014,29.849,23.458,34.774,35.891,27.687,30.690,24.957,32.979,31.904,22.882,34.368,28.963,28.329,21.233,34.067,33.727,25.808,24.908,39.307,35.726,40.180,25.586,19.646,36.979,41.949,27.662,36.185,38.144,31.080,37.329,41.445,27.434,38.702,23.794,33.827,37.203,28.817,30.751
34,33.426,33.332,38.218,39.404,37.259,22.054,33.218,41.511,26.035,21.977,27.194,37.274,40.904,23.321,26.400,33.977,24.423,27.380,30.866,31.756,43.550,37.916,32.470,37.509,39.146,39.509,32.967,41.260,35.485,36.914,32.424,36.947,32.790,0,28.267,31.780,37.701,25.279,18.407,28.437,38.964,41.397,31.608,26.813,36.966,29.572,38.162,24.477,32.619,25.424,35.813,42.448,30.594,34.179,25.791,23.408,24.312,42.208,35.811,37.416,41.412,35.489,37.664,26.269,37.781,34.007,30.420,33.638,33.914,31.668,34.056,25.808,28.477,39.142,27.912,31.869,29.162,27.140,37.922,43.763,31.179,41.364,33.408,25.192,26.345,31.863,34.116,33.637,28.377,34.978,37.513,38.715,34.856,21.359,25.078,33.405,29.514,36.374,32.518,30.609
90,34.876,38.165,31.380,37.010,40.733,32.902,35.505,37.039,33.884,38.792,21.842,35.769,33.792,23.533,28.798,22.490,30.628,19.157,29.786,27.103,31.828,25.991,30.759,37.085,39.848,32.936,31.670,30.248,25.108,24.196,39.506,20.266,30.606,28.267,0,34.603,27.544,30.478,29.123,22.323,32.277,37.850,26.742,27.411,35.582,21.535,32.916,31.751,35.954,28.368,31.764,35.697,38.052,32.943,18.375,34.539,30.083,33.005,33.855,32.989,40.553,27.430,23.648,31.709,36.844,27.411,38.763,39.142,29.512,39.462,31.613,28.174,39.766,36.920,31.861,35.724,22.688,31.863,41.471,33.324,37.372,29.357,30.529,20.262,28.712,34.593,39.614,31.881,39.028,26.316,20.876,29.283,27.128,29.077,26.654,30.822,36.479,40.932,36.683,29.332
1,29.649,42.403,22.952,33.169,24.913,29.792,35.895,39.318,27.435,23.725,37.782,27.818,40.351,21.477,35.038,38.345,29.845,31.431,39.463,31.485,35.728,29.323,26.176,31.417,33.422,34.671,26.104,30.867,42.441,40.361,32.784,29.277,36.386,31.780,34.603,0,30.274,37.845,25.871,27.562,21.373,36.131,38.592,43.182,36.695,39.458,41.157,41.821,42.479,37.119,37.392,24.972,36.279,28.083,30.772,33.705,27.008,39.158,39.482,32.168,28.742,34.737,30.365,32.041,23.957,38.149,33.324,23.954,27.431,31.373,31.551,34.412,33.410,32.452,27.328,26.157,20.924,25.397,34.345,36.905,25.222,37.056,35.963,38.380,34.405,40.533,35.921,21.878,36.649,33.743,43.559,30.370,31.087,32.382,30.348,31.447,30.334,21.178,29.945,38.827
96,26.759,39.546,26.975,25.786,37.713,25.446,31.498,40.122,39.962,35.727,34.885,36.874,26.577,36.461,29.300,30.820,23.657,32.315,26.541,33.093,22.655,29.797,27.996,38.514,22.764,20.536,32.344,30.471,37.367,34.936,34.730,29.311,41.008,37.701,27.544,30.274,0,32.999,31.434,19.460,27.841,36.312,39.518,35.858,39.069,28.295,35.782,37.692,35.646,36.487,32.955,24.727,39.243,19.808,27.916,39.922,30.061,35.820,32.612,34.585,30.470,31.934,21.845,32.418,39.566,26.697,39.138,31.015,35.958,43.206,36.442,38.810,35.369,33.945,35.841,39.524,28.136,23.690,34.185,29.091,35.832,25.155,27.714,30.061,44.828,29.115,32.979,29.499,37.559,19.980,29.393,33.037,25.624,40.251,35.891,27.606,34.244,27.864,33.706,42.789
91,35.757,32.273,32.591,31.476,41.798,29.656,39.191,32.486,39.107,29.050,18.884,37.626,30.848,31.798,21.356,34.445,20.524,32.398,27.402,25.558,36.180,28.005,34.884,29.268,31.322,26.106,41.286,37.607,31.659,36.694,31.781,35.566,31.012,25.279,30.478,37.845,32.999,0,33.727,23.241,36.152,41.140,29.553,29.177,35.139,28.879,29.027,24.538,18.352,35.077,37.903,42.603,31.194,38.664,37.124,34.812,26.517,42.871,28.438,41.306,37.255,31.786,39.765,26.392,40.410,27.579,23.555,37.090,40.942,35.893,38.328,30.495,21.870,23.918,37.531,28.961,35.680,23.575,31.103,33.896,31.878,31.360,33.898,24.470,34.327,26.213,28.565,32.706,34.413,31.056,29.858,36.304,40.442,19.290,32.606,32.838,23.679,34.022,28.554,30.718
56,27.720,33.428,38.399,36.741,31.891,22.190,30.963,41.922,22.937,25.068,32.403,36.500,36.188,27.253,30.201,31.037,25.771,33.721,31.661,38.453,42.529,36.521,27.577,41.882,34.865,38.502,31.138,36.110,38.082,39.609,34.964,35.748,33.648,18.407,29.123,25.871,31.434,33.727,0,25.917,37.811,37.455,32.136,28.157,41.173,26.935,41.469,33.171,35.327,25.350,28.788,33.414,30.174,20.841,24.344,24.634,30.741,37.071,40.059,25.825,39.391,34.643,28.237,20.362,34.158,38.236,38.140,25.541,31.543,34.217,25.768,30.845,32.491,40.627,27.225,31.489,21.010,27.096,34.359,39.351,32.112,37.524,36.260,25.300,30.385,34.526,35.780,27.716,22.321,27.844,38.117,36.726,28.285,31.683,27.430,30.487,30.332,28.223,26.747,38.199
16,27.480,38.240,26.724,26.318,40.823,28.113,39.050,38.397,35.585,32.563,22.212,37.854,29.707,28.172,28.769,27.941,15.234,29.184,30.017,28.726,32.970,22.001,28.165,34.764,29.493,26.278,36.204,32.392,37.144,35.810,36.037,29.393,36.084,28.437,22.323,27.562,19.460,23.241,25.917,0,29.417,39.963,29.668,33.059,41.621,26.285,34.708,34.196,31.792,35.640,36.766,34.019,37.337,27.141,30.167,39.674,24.766,40.739,37.720,32.114,37.351,23.769,28.888,25.272,35.345,30.188,36.795,33.992,38.148,40.076,31.606,34.771,32.509,29.560,37.454,31.375,18.972,22.281,36.419,33.248,31.339,26.225,35.139,24.673,37.914,33.266,33.514,25.970,35.304,19.403,30.355,28.119,30.840,27.450,28.672,32.673,25.551,27.954,27.600,37.571
61,30.686,43.352,20.601,30.086,27.801,34.461,35.277,33.120,33.211,33.462,36.584,20.260,37.524,25.283,35.207,37.760,32.259,29.091,33.375,19.179,21.014,24.804,34.507,25.862,28.603,30.663,24.765,30.146,37.430,30.599,34.104,21.627,38.747,38.964,32.277,21.373,27.841,36.152,37.811,29.417,0,28.769,35.370,41.529,27.222,41.699,27.867,37.628,40.134,35.497,37.416,22.064,34.864,33.276,32.397,38.549,24.127,34.683,33.247,37.661,22.392,28.647,32.252,41.056,24.356,33.860,31.612,34.520,30.991,33.153,32.895,38.742,31.478,25.423,30.054,29.247,30.014,27.789,35.824,30.869,20.792,27.203,27.132,38.870,36.476,38.068,28.935,25.786,41.735,30.490,34.319,27.438,26.838,34.752,27.326,35.236,35.552,27.236,34.491,31.426
38,25.692,27.441,38.459,29.736,22.776,37.505,24.820,23.051,25.246,37.416,37.958,26.170,28.236,37.639,40.589,30.629,39.111,39.452,31.251,34.420,25.852,35.683,36.891,31.277,26.602,36.185,24.277,28.465,30.712,24.965,31.459,33.601,37.585,41.397,37.850,36.131,36.312,41.140,37.455,39.963,28.769,0,30.677,28.429,21.976,36.850,23.158,30.149,32.980,26.376,27.471,22.016,25.197,29.943,36.846,30.708,35.496,16.247,33.348,26.952,22.393,28.730,32.866,39.303,22.969,37.823,37.103,32.806,32.291,25.338,25.688,38.087,31.496,31.764,33.653,33.242,37.517,40.127,29.882,28.876,26.930,23.361,31.404,39.142,32.093,31.784,23.050,36.417,27.110,30.752,29.943,29.420,20.943,40.405,27.948,38.199,36.251,31.743,28.200,26.597
77,35.568,33.921,41.446,37.836,37.490,41.347,41.714,27.781,29.838,40.889,21.198,31.395,32.924,28.988,35.063,29.175,34.468,37.273,30.967,29.183,39.173,24.996,41.002,35.689,37.602,40.287,39.173,34.544,28.658,30.926,43.103,29.605,28.522,31.608,26.742,38.592,39.518,29.553,32.136,29.668,35.370,30.677,0,23.554,35.474,31.230,23.648,29.580,27.626,25.386,29.858,38.071,25.118,37.295,36.385,34.895,35.207,32.393,39.901,27.994,41.793,22.265,36.041,30.366,29.667,41.728,38.426,41.753,38.903,35.098,17.754,36.404,32.019,29.550,36.269,24.542,29.904,36.394,36.515,31.444,28.700,24.096,39.641,24.037,23.891,39.569,32.587,29.871,30.589,25.167,24.423,31.325,31.906,27.746,21.877,41.204,33.878,36.417,25.585,23.761
14,29.584,20.770,44.284,34.725,37.394,30.374,26.840,31.143,28.036,36.092,25.482,37.791,26.926,36.308,30.952,23.058,31.188,34.783,22.776,35.572,35.988,37.666,36.226,38.934,33.107,36.544,33.713,35.765,24.346,26.011,33.962,36.798,32.652,26.813,27.411,43.182,35.858,29.177,28.157,33.059,41.529,28.429,23.554,0,31.755,21.176,26.733,16.830,22.957,17.715,25.441,38.012,24.838,30.732,29.969,25.495,33.883,27.140,32.079,29.524,38.664,29.171,33.205,28.947,37.704,32.549,37.135,36.990,36.580,32.483,27.948,30.632,30.539,37.655,34.526,36.464,35.437,36.618,33.751,34.471,35.096,28.392,31.701,22.262,27.919,24.350,28.173,38.962,20.709,27.096,21.840,35.708,26.854,32.211,26.218,35.416,33.351,39.368,29.039,25.609
12,35.274,30.296,32.129,35.227,24.784,35.087,24.618,22.897,30.904,31.975,35.752,23.239,34.625,31.536,32.551,35.378,39.699,29.930,31.300,25.255,24.049,35.511,35.892,22.604,33.126,32.582,23.321,30.090,23.625,22.213,26.036,29.560,32.079,36.966,35.582,36.695,39.069,35.139,41.173,41.621,27.222,21.976,35.474,31.755,0,37.482,23.156,26.147,32.106,28.947,32.151,30.129,28.241,39.425,33.279,25.867,31.198,24.590,19.677,39.638,20.523,36.145,36.162,41.264,29.617,28.468,23.075,34.271,25.880,22.257,37.313,28.929,28.649,29.151,27.529,32.540,41.785,36.451,30.306,30.856,29.296,32.310,23.590,38.251,27.347,27.612,26.356,37.882,36.224,39.682,29.970,33.340,30.743,33.191,31.190,32.109,36.644,38.137,35.975,18.721
7,31.839,24.702,35.668,32.290,39.696,30.674,30.265,32.819,34.511,35.402,22.026,42.698,21.362,35.119,27.886,16.635,29.908,30.476,31.065,38.913,35.531,31.817,23.335,37.609,35.930,27.186,35.458,26.165,22.705,30.055,32.784,33.272,27.829,29.572,21.535,39.458,28.295,28.879,26.935,26.285,41.699,36.850,31.230,21.176,37.482,0,37.388,30.183,26.576,31.472,27.667,36.320,36.448,28.412,27.227,30.182,37.115,28.955,31.103,26.900,38.655,32.832,22.589,20.856,39.799,24.596,37.867,30.775,30.931,36.512,34.141,23.250,38.004,37.112,36.672,37.119,28.235,34.405,32.301,30.463,43.123,30.186,36.171,21.039,31.397,24.603,38.503,36.596,29.655,28.396,23.953,31.625,31.584,31.245,35.824,24.990,29.255,38.642,29.261,34.796
57,33.863,34.036,38.214,32.973,35.069,37.947,34.805,24.807,35.510,40.227,30.295,25.521,31.204,35.249,33.079,34.861,34.346,36.517,22.327,20.944,24.699,30.043,44.006,30.285,27.576,33.777,34.644,36.282,28.335,24.900,37.046,29.854,36.337,38.162,32.916,41.157,35.782,29.027,41.469,34.708,27.867,23.158,23.648,26.733,23.156,37.388,0,23.657,25.917,26.381,31.971,33.576,23.699,38.322,37.804,36.062,30.340,30.396,29.051,38.769,30.735,25.719,39.038,40.455,33.028,35.006,31.687,42.828,40.179,34.090,30.040,40.111,24.834,24.611,35.476,31.600,40.808,34.130,33.685,28.364,24.245,19.458,26.839,31.685,33.405,31.430,19.646,34.614,34.811,27.464,20.755,34.117,29.208,34.083,25.302,40.433,37.258,36.065,32.362,20.875
6,28.536,23.298,40.624,31.840,38.179,26.745,26.100,32.433,28.513,30.446,26.741,36.750,32.788,34.671,31.156,29.521,27.087,30.487,23.558,29.113,33.418,39.660,37.798,32.458,31.453,35.681,30.708,40.052,29.334,24.789,26.922,39.132,37.763,24.477,31.751,41.821,37.692,24.538,33.171,34.196,37.628,30.149,29.580,16.830,26.147,30.183,23.657,0,24.585,22.543,35.416,40.911,26.960,36.443,32.558,27.136,24.158,34.164,28.844,39.029,34.601,29.172,40.918,35.506,37.320,28.421,29.844,39.047,38.589,27.790,35.916,30.413,24.543,35.006,35.171,37.189,39.385,34.627,35.994,39.824,29.667,32.381,26.867,30.216,30.388,20.561,20.825,41.936,26.312,33.222,28.013,35.490,30.088,27.385,23.743,38.376,30.706,39.841,32.946,20.536
18,34.894,22.442,39.127,31.130,36.613,33.780,34.931,23.389,37.861,32.809,24.457,36.452,21.176,39.253,24.914,32.589,29.465,41.025,26.035,33.707,35.571,31.240,35.947,31.252,27.204,26.322,41.889,33.543,26.568,36.270,31.412,38.387,27.705,32.619,35.954,42.479,35.646,18.352,35.327,31.792,40.134,32.980,27.626,22.957,32.106,26.576,25.917,24.585,0,32.191,29.205,38.471,23.514,35.640,40.922,30.855,36.305,33.800,26.258,34.936,33.925,33.958,37.547,24.019,38.936,31.706,26.548,33.386,40.241,33.260,33.828,32.177,20.924,23.460,38.046,28.492,40.208,30.528,20.859,26.278,34.233,26.616,36.014,25.605,33.351,22.639,25.573,34.368,26.168,30.044,26.624,37.737,38.777,28.833,36.183,31.666,25.779,32.372,21.884,30.924
86,31.920,31.994,44.162,40.728,30.205,28.178,25.702,35.971,23.962,34.396,34.212,27.481,36.774,30.088,30.138,32.560,34.426,33.657,20.156,30.980,35.223,38.961,39.888,41.183,33.882,41.582,28.270,38.948,29.248,28.268,37.683,31.493,34.021,25.424,28.368,37.119,36.487,35.077,25.350,35.640,35.497,26.376,25.386,17.715,28.947,31.472,26.381,22.543,32.191,0,21.921,32.953,19.320,28.997,23.588,21.031,31.331,28.378,32.990,32.327,37.062,32.837,32.398,34.079,34.924,38.084,36.304,36.617,32.602,33.046,23.148,34.712,28.852,39.589,22.870,34.147,34.649,32.742,35.700,35.908,27.961,31.939,25.051,24.153,25.998,32.077,27.909,32.960,24.170,27.634,26.831,39.613,21.695,35.648,20.433,35.427,40.137,36.543,33.339,25.580
65,37.301,32.540,42.070,41.522,25.447,33.977,28.896,30.940,33.538,37.684,37.218,27.090,28.758,35.638,26.521,33.950,39.970,40.792,24.916,37.487,34.261,34.404,35.840,41.944,32.245,34.720,34.825,29.800,24.978,35.475,40.133,28.498,25.454,35.813,31.764,37.392,32.955,37.903,28.788,36.766,37.416,27.471,29.858,25.441,32.151,27.667,31.971,35.416,29.205,21.921,0,25.349,21.336,25.408,28.773,23.404,42.523,22.124,29.368,27.041,34.320,39.798,21.955,27.494,36.979,38.595,36.578,28.928,28.568,37.663,23.509,34.945,32.355,35.891,23.546,31.151,35.653,31.851,24.377,21.626,36.319,28.944,31.216,22.811,30.137,33.136,34.888,26.716,27.131,27.000,25.784,41.442,28.180,41.268,35.528,24.888,40.802,31.986,29.257,35.555
75,28.028,37.560,29.484,30.647,19.051,33.327,27.330,31.760,31.869,34.898,41.813,23.838,29.464,34.605,35.598,34.740,36.974,37.873,32.387,34.828,22.935,31.057,29.952,34.503,24.329,29.464,24.525,23.550,35.311,33.934,33.966,26.609,36.639,42.448,35.697,24.972,24.727,42.603,33.414,34.019,22.064,22.016,38.071,38.012,30.129,36.320,33.576,40.911,38.471,32.953,25.349,0,31.705,20.754,31.500,33.334,36.147,23.490,32.801,27.200,19.627,34.958,21.025,35.651,26.767,36.291,37.341,24.017,26.692,34.114,28.233,38.911,34.481,31.800,28.199,32.409,30.937,31.195,27.299,23.590,30.008,25.825,29.849,37.505,38.043,35.077,31.427,25.812,33.847,27.537,33.813,31.714,21.807,43.478,34.667,28.322,37.512,22.628,29.885,38.609
31,34.809,30.598,43.377,39.106,24.485,32.482,31.711,28.605,28.860,31.389,35.386,22.417,33.720,33.666,28.046,39.366,35.148,42.464,22.935,31.251,36.914,35.540,41.523,36.378,28.185,38.259,35.569,37.884,31.578,37.122,36.524,34.714,29.744,30.594,38.052,36.279,39.243,31.194,30.174,37.337,34.864,25.197,25.118,24.838,28.241,36.448,23.699,26.960,23.514,19.320,21.336,31.705,0,31.903,36.280,22.727,35.130,30.960,30.970,33.004,32.554,35.921,37.156,30.245,32.646,41.826,28.856,32.532,36.270,30.807,22.460,37.513,17.343,29.482,25.402,24.032,39.218,29.285,23.819,29.492,23.091,30.006,31.175,27.727,28.150,32.668,22.593,27.404,21.745,29.408,31.444,41.707,31.704,34.533,27.997,34.730,35.644,27.843,24.652,28.521
99,20.892,33.437,36.395,28.941,29.441,23.082,25.101,39.817,29.668,31.801,38.695,35.428,27.454,37.148,33.323,30.207,27.382,38.411,27.662,40.257,31.780,36.529,27.595,42.340,22.781,31.314,28.692,31.543,38.980,37.504,33.738,35.107,39.964,34.179,32.943,28.083,19.808,38.664,20.841,27.141,33.276,29.943,37.295,30.732,39.425,28.412,38.322,36.443,35.640,28.997,25.408,20.754,31.903,0,27.709,31.571,33.726,30.443,37.377,23.979,30.910,33.584,21.401,27.571,34.697,35.866,41.647,23.233,33.562,37.802,27.354,38.456,33.697,38.833,31.541,37.183,26.511,28.158,30.439,32.075,33.181,28.895,31.819,30.805,40.441,30.500,31.138,28.981,24.219,20.536,34.527,35.202,20.021,42.241,32.711,29.256,33.747,22.681,27.205,42.655
29,34.016,39.321,33.879,40.712,34.220,24.134,26.180,42.600,30.376,33.074,34.711,32.802,39.130,24.302,27.479,30.263,33.004,20.078,28.094,31.022,32.213,36.635,30.000,41.052,38.824,36.225,23.748,34.236,30.148,28.297,36.475,24.401,34.584,25.791,18.375,30.772,27.916,37.124,24.344,30.167,32.397,36.846,36.385,29.969,33.279,27.227,37.804,32.558,40.922,23.588,28.773,31.500,36.280,27.709,0,26.431,29.405,32.690,31.594,35.681,37.171,36.845,22.203,34.443,38.543,28.953,37.544,33.677,23.439,37.888,34.125,28.559,38.651,43.111,21.342,39.251,27.095,29.549,40.525,37.509,36.635,37.077,22.934,25.534,30.695,33.087,38.948,32.494,36.686,31.240,29.827,36.837,23.200,35.677,28.457,26.416,40.840,39.267,40.332,33.515
83,35.220,26.442,39.763,41.267,22.549,26.219,21.809,33.003,23.851,23.090,35.984,29.453,36.495,29.275,26.427,35.011,36.902,33.357,30.453,35.999,38.982,40.660,31.083,35.607,36.667,37.878,27.129,34.017,27.135,34.181,28.463,35.061,26.134,23.408,34.539,33.705,39.922,34.812,24.634,39.674,38.549,30.708,34.895,25.495,25.867,30.182,36.062,27.136,30.855,21.031,23.404,33.334,22.727,31.571,26.431,0,34.772,28.676,26.759,33.065,32.120,41.959,32.006,28.221,34.366,34.254,26.768,24.704,22.736,24.480,32.052,22.983,28.057,38.285,18.316,30.685,36.430,32.177,27.103,35.617,33.329,40.052,29.688,29.619,21.696,28.162,32.759,33.788,23.810,38.419,35.686,40.614,31.983,31.954,31.902,25.268,34.699,34.960,31.221,28.877
