,0,89,98,27,39,21,80,78,67,60,26,81,41,44,43,72,73,63,52,55,92,70,10,93,85,13,94,42,49,25,22,45,28,34,90,1,96,91,56,16,61,38,77,14,12,7,57,6,18,86,65,75,31,99,29,83,84,71,95,11,47,48,76,88,30,58,15,69,19,62,23,53,50,33,68,54,51,79,97,40,46,20,24,5,9,66,37,87,4,35,8,64,82,17,74,3,2,32,36,59
0,0,26.728,28.670,29.707,31.421,31.704,32.915,24.306,32.703,35.588,27.900,33.838,33.926,23.901,31.512,34.098,24.115,30.434,26.746,34.779,27.917,35.103,20.900,39.495,33.010,31.371,34.611,25.090,31.268,38.391,32.227,34.727,28.185,31.023,30.732,27.072,36.840,27.264,34.193,31.395,29.749,32.507,24.280,36.960,38.576,29.907,35.584,38.190,22.339,30.500,35.172,40.573,34.746,25.491,36.399,34.975,20.963,32.121,28.061,39.480,28.142,25.304,33.865,30.611,37.642,26.996,27.739,32.948,30.006,27.517,33.917,34.124,35.048,35.875,26.693,36.713,23.342,29.805,31.680,25.072,30.021,38.967,42.444,34.416,38.241,24.257,36.039,33.080,38.056,31.157,27.096,32.798,33.578,28.447,31.972,41.052,30.593,28.154,39.523,35.958
89,26.728,0,34.692,34.143,31.050,23.973,30.248,27.502,31.140,19.575,30.087,32.621,38.782,29.669,34.532,29.874,38.758,39.601,28.478,29.498,32.338,41.733,25.090,29.722,33.743,35.259,36.197,36.228,43.678,40.781,23.582,35.982,30.917,31.945,32.711,26.054,37.649,33.912,38.666,31.835,25.838,25.305,31.324,32.965,34.413,34.545,35.207,35.496,27.715,35.233,29.932,36.219,37.462,22.239,36.249,33.520,22.858,39.215,26.012,38.456,30.966,35.302,31.204,43.390,29.069,31.201,27.719,34.613,33.434,28.313,39.437,29.505,41.861,29.395,33.934,35.648,29.537,29.919,33.919,38.541,36.452,38.433,32.829,31.552,22.774,36.360,29.046,26.187,37.295,31.948,25.867,31.896,38.221,34.984,32.791,37.708,26.617,40.524,37.486,32.801
98,28.670,34.692,0,37.386,33.757,33.239,27.399,25.135,30.740,30.217,24.122,28.399,35.094,33.492,36.169,33.196,36.010,27.218,35.615,36.021,28.525,32.300,22.319,31.749,31.340,28.762,24.101,27.140,31.522,31.761,35.354,39.839,33.391,38.404,35.193,32.139,40.660,27.246,32.454,23.245,23.571,44.408,40.518,32.717,37.548,30.773,26.342,30.560,32.532,26.806,37.297,35.860,38.640,33.409,37.153,28.643,35.615,20.330,42.825,36.238,32.808,31.081,32.863,30.104,28.439,29.352,35.685,24.035,34.222,25.033,36.797,36.479,31.995,38.903,36.251,30.045,26.979,35.714,30.667,36.807,39.949,38.319,37.503,37.808,39.386,31.438,27.976,40.818,38.543,42.577,33.830,35.909,34.888,27.851,35.846,41.963,27.906,28.443,28.294,32.389
27,29.707,34.143,37.386,0,39.298,24.862,36.442,37.253,28.499,34.980,29.731,35.456,36.080,29.220,33.408,30.737,30.776,38.410,28.476,34.786,24.292,30.517,36.570,36.153,33.895,39.304,30.514,36.599,36.192,29.579,26.457,26.529,28.290,31.162,36.084,41.834,26.531,33.130,26.562,29.865,39.808,29.907,30.649,33.758,34.278,38.774,32.275,40.859,31.766,35.535,32.520,33.800,27.122,31.789,42.539,34.479,29.829,38.438,24.357,32.911,24.906,30.017,29.838,23.880,35.809,43.542,39.386,30.202,37.016,35.102,38.863,38.639,29.570,27.677,29.640,42.820,27.423,36.896,33.237,27.276,27.255,34.795,36.299,27.757,37.934,27.025,42.864,33.805,28.988,35.270,34.825,21.336,31.434,32.290,30.927,35.794,19.952,32.431,31.193,29.202
39,31.421,31.050,33.757,39.298,0,37.277,33.744,37.654,29.719,31.736,29.969,34.209,28.983,35.259,26.722,33.766,31.411,31.593,38.772,31.494,41.418,26.083,25.620,26.123,36.791,36.237,35.070,26.982,30.558,34.852,42.050,35.030,40.117,30.934,30.996,27.190,35.915,36.438,39.773,24.035,32.573,33.218,38.681,22.130,28.959,28.972,37.359,25.360,28.701,21.800,39.645,40.831,35.194,24.134,35.409,38.277,29.627,35.270,31.543,36.602,28.882,28.248,29.759,37.476,29.994,22.549,28.697,36.194,35.938,38.030,31.521,33.892,30.453,25.107,30.663,24.359,34.013,29.287,26.903,38.554,33.473,29.885,36.848,26.952,30.720,27.515,25.507,21.856,35.247,22.062,32.922,38.574,42.264,24.074,33.577,30.501,34.051,40.384,34.939,31.973
21,31.704,23.973,33.239,24.862,37.277,0,35.321,34.779,34.051,29.487,35.655,30.288,38.831,34.963,40.365,22.897,34.758,41.061,19.813,34.750,25.280,37.323,29.357,26.581,23.309,36.654,31.505,35.662,39.016,28.526,22.507,29.566,26.773,34.853,29.640,36.950,32.678,24.870,31.507,29.466,29.459,30.158,35.535,33.378,31.322,39.807,24.427,37.566,33.444,30.670,27.191,34.324,24.466,30.879,35.637,29.192,27.841,40.392,30.627,36.167,33.349,35.188,27.607,34.942,25.214,40.921,30.092,29.803,36.563,23.991,41.299,30.534,32.854,25.577,30.327,37.248,29.586,29.745,32.477,38.638,28.868,39.158,28.409,31.585,30.274,38.332,35.008,27.339,34.225,38.724,33.371,30.134,32.506,28.679,39.923,31.979,20.874,35.050,31.678,33.723
80,32.915,30.248,27.399,36.442,33.744,35.321,0,21.661,23.685,22.549,28.658,29.791,38.173,35.700,30.387,24.395,34.211,36.816,37.386,25.524,30.478,31.401,33.288,29.129,33.068,29.070,27.360,29.602,38.711,40.864,28.035,37.668,41.985,27.601,38.473,36.686,30.776,35.558,27.904,31.587,32.266,31.157,34.465,32.019,36.251,20.703,36.200,30.584,32.484,36.952,35.045,27.386,37.634,30.976,32.699,34.610,28.420,24.879,37.483,37.166,31.174,35.494,22.843,37.325,35.903,30.798,31.836,21.090,27.981,28.798,26.589,37.321,34.890,37.627,45.260,27.514,30.657,26.228,35.688,35.584,41.647,27.433,26.480,38.445,34.962,27.106,22.328,35.286,28.688,36.131,29.739,28.595,31.622,31.674,27.385,37.549,30.816,29.736,31.504,36.643
78,24.306,27.502,25.135,37.253,37.654,34.779,21.661,0,32.520,26.708,29.812,33.508,37.199,29.496,33.992,34.532,33.701,27.638,33.787,26.359,30.785,37.994,24.603,39.200,31.851,26.071,26.222,33.119,35.045,39.139,27.669,35.704,30.407,28.617,32.995,27.385,40.358,33.311,27.097,34.973,27.734,34.858,29.256,37.898,40.052,24.670,35.982,30.779,28.103,39.122,28.609,29.666,39.284,31.029,27.928,28.972,30.549,26.447,34.324,36.796,30.350,37.522,34.064,37.116,35.631,27.787,28.609,26.763,24.906,19.564,34.477,34.459,38.305,42.210,38.867,31.080,29.575,29.250,31.127,26.650,36.267,32.209,32.213,41.838,34.228,32.060,30.585,36.784,35.474,35.957,24.781,34.089,30.408,36.187,25.652,41.478,32.339,25.140,34.292,33.492
67,32.703,31.140,30.740,28.499,29.719,34.051,23.685,32.520,0,26.356,20.457,24.913,33.520,29.053,25.427,33.348,37.889,38.525,40.091,27.924,32.310,21.372,35.875,30.040,42.089,39.337,32.429,30.503,35.934,37.755,26.469,33.789,40.454,35.041,43.188,36.386,29.369,33.260,28.493,26.438,34.962,30.547,36.962,33.408,33.050,34.637,37.877,33.998,35.376,31.291,35.225,28.391,31.712,19.923,42.104,33.101,28.837,29.984,28.527,39.598,27.510,35.368,23.267,29.483,27.817,31.489,37.562,23.176,26.130,34.751,29.644,33.348,35.412,24.195,35.389,27.714,28.268,31.632,28.952,33.692,38.620,28.342,34.781,30.186,34.923,21.492,30.545,34.030,32.105,35.159,37.983,31.234,36.948,33.537,24.988,35.105,27.237,33.180,27.992,28.009
60,35.588,19.575,30.217,34.980,31.736,29.487,22.549,26.708,26.356,0,23.981,30.648,35.904,32.816,32.547,29.242,42.670,35.336,36.107,23.337,33.459,37.719,29.630,24.935,33.917,31.386,27.771,38.601,43.259,37.175,25.083,37.284,33.432,30.663,36.157,30.795,35.055,39.261,34.626,28.339,25.758,30.165,35.710,25.385,32.983,30.644,31.370,26.795,29.396,37.256,29.119,28.022,40.570,28.801,35.639,31.856,32.950,32.740,31.633,30.840,29.327,35.855,28.560,41.433,26.995,31.940,33.957,30.298,35.336,31.476,38.059,33.269,37.481,31.216,40.181,32.137,29.900,35.070,33.056,39.454,40.187,31.481,26.335,29.600,21.449,34.906,22.857,31.384,29.883,33.748,27.608,27.582,36.339,36.350,26.007,36.035,23.108,39.421,27.201,25.763
26,27.900,30.087,24.122,29.731,29.969,35.655,28.658,29.812,20.457,23.981,0,26.344,26.838,22.245,25.972,36.471,38.336,28.860,36.987,30.337,30.114,29.788,29.943,31.933,39.472,30.422,30.780,30.328,34.543,35.578,30.209,38.672,31.567,37.050,39.425,30.252,32.382,34.512,35.418,24.918,25.691,35.083,32.070,28.159,34.146,32.565,30.266,31.223,27.325,30.722,34.913,31.522,39.615,27.591,42.024,32.582,33.503,24.507,30.542,31.193,27.653,25.491,32.121,27.320,30.100,26.438,39.187,31.155,33.377,36.832,33.532,32.969,33.182,30.588,31.325,33.655,21.789,40.249,31.962,32.185,38.717,34.235,40.056,23.425,32.645,22.763,28.667,39.063,32.478,33.514,32.869,27.567,34.403,34.989,22.654,38.368,25.061,33.785,24.530,22.611
81,33.838,32.621,28.399,35.456,34.209,30.288,29.791,33.508,24.913,30.648,26.344,0,24.853,33.043,37.282,32.364,38.920,37.707,33.635,28.608,34.500,29.364,35.221,29.941,33.468,30.458,38.257,27.805,33.753,37.727,26.316,41.557,35.595,43.798,41.835,37.348,28.670,25.157,33.978,35.630,21.352,33.695,32.875,36.571,35.926,38.865,25.345,31.770,33.231,30.104,27.306,28.222,28.922,32.200,36.604,33.860,35.220,32.074,33.974,41.241,42.149,35.284,24.170,29.898,26.815,26.523,29.848,32.821,28.346,31.577,30.013,23.047,31.363,27.108,32.300,25.329,22.100,32.911,32.867,38.892,35.588,36.627,36.564,29.606,35.559,29.488,25.668,37.239,31.393,39.362,43.199,37.863,30.607,33.861,33.684,28.362,33.063,26.601,24.183,35.323
41,33.926,38.782,35.094,36.080,28.983,38.831,38.173,37.199,33.520,35.904,26.838,24.853,0,29.816,31.642,39.334,33.504,24.975,35.354,28.044,40.257,27.891,34.812,35.110,34.141,25.211,37.379,29.805,23.845,32.268,37.441,38.053,30.340,39.490,34.745,32.444,28.712,34.390,36.937,36.557,26.388,33.677,27.173,29.252,32.422,34.829,27.183,24.467,26.863,30.599,28.302,30.668,32.509,37.298,31.793,36.130,40.225,32.782,29.539,30.603,38.381,28.306,34.070,26.578,33.813,22.267,31.435,41.641,33.726,40.084,29.409,25.892,23.391,29.280,25.094,28.266,27.292,38.392,30.963,31.131,27.235,30.544,39.509,21.366,32.929,27.378,29.772,35.379,27.753,26.148,39.344,37.338,29.065,35.535,27.122,22.643,37.470,29.414,22.810,29.182
44,23.901,29.669,33.492,29.220,35.259,34.963,35.700,29.496,29.053,32.816,22.245,33.043,29.816,0,20.718,39.863,33.346,31.296,28.655,36.654,25.534,34.548,32.969,37.462,40.774,31.072,36.334,29.199,30.310,35.233,26.500,30.063,28.182,37.981,32.564,22.558,33.119,29.012,36.487,31.991,29.663,27.964,25.574,36.549,28.557,34.083,35.956,39.085,33.300,31.560,34.217,29.621,35.121,27.150,36.770,25.156,27.819,27.071,25.275,30.872,27.778,29.399,40.953,26.334,33.322,29.053,39.358,33.579,25.568,35.994,30.741,25.140,39.008,32.182,23.773,36.635,32.023,36.479,35.302,23.725,34.947,33.981,39.757,28.420,29.016,29.905,34.970,38.963,40.315,29.215,27.368,29.244,27.667,41.007,24.436,36.823,34.094,34.317,30.922,25.679
43,31.512,34.532,36.169,33.408,26.722,40.365,30.387,33.992,25.427,32.547,25.972,37.282,31.642,20.718,0,36.094,29.793,32.942,35.886,35.748,30.661,26.438,36.221,31.103,42.313,33.433,33.909,25.902,28.763,34.904,34.382,27.117,40.165,31.536,31.904,26.271,29.280,35.032,36.018,27.326,37.128,26.189,33.017,29.207,21.471,25.301,41.032,35.023,36.538,28.624,41.113,29.821,35.335,26.495,35.030,29.596,26.566,24.440,29.669,28.858,22.794,28.748,37.348,29.465,35.292,29.018,40.263,30.070,26.981,40.800,22.012,31.581,35.905,30.652,32.454,30.799,38.789,31.714,35.343,28.175,38.042,23.082,34.378,28.887,28.843,26.273,29.759,34.517,37.374,22.159,26.065,28.299,31.465,36.760,23.729,33.280,36.773,38.422,31.430,27.691
72,34.098,29.874,33.196,30.737,33.766,22.897,24.395,34.532,33.348,29.242,36.471,32.364,39.334,39.863,36.094,0,28.066,42.237,24.801,34.059,25.552,34.410,33.575,20.182,20.544,30.726,30.776,28.758,39.425,34.445,29.796,34.432,39.198,28.353,30.590,41.115,24.018,30.600,33.074,30.002,33.184,27.926,34.800,27.103,30.656,27.178,27.877,35.615,32.504,31.427,36.130,34.568,29.971,35.705,32.989,36.783,24.958,34.635,37.677,34.380,33.942,29.235,20.816,36.730,35.867,38.879,29.541,27.464,37.954,30.738,30.982,36.994,28.112,32.107,41.261,34.806,31.658,24.940,39.530,41.022,35.677,34.217,24.159,33.039,34.032,32.732,26.260,28.846,27.392,35.524,30.089,24.011,29.750,22.433,39.221,31.415,27.054,34.594,33.454,40.796
73,24.115,38.758,36.010,30.776,31.411,34.758,34.211,33.701,37.889,42.670,38.336,38.920,33.504,33.346,29.793,28.066,0,32.289,26.063,37.550,29.591,28.825,31.340,36.341,27.088,30.173,33.012,21.495,23.368,32.261,38.919,27.858,36.140,25.887,23.916,35.576,28.866,28.951,31.145,33.253,38.814,30.716,28.019,33.147,32.037,23.754,35.982,36.869,29.967,28.721,38.863,38.808,27.265,35.361,28.770,36.635,24.577,32.530,33.628,34.796,29.874,24.785,32.643,27.542,42.483,33.689,28.603,32.408,32.598,33.133,25.794,37.404,24.881,36.471,31.604,34.596,34.325,24.098,35.049,25.574,25.360,30.837,35.762,35.822,40.534,25.615,36.247,30.331,33.123,26.619,28.721,31.597,27.504,23.114,35.905,32.357,36.851,27.287,38.356,40.576
63,30.434,39.601,27.218,38.410,31.593,41.061,36.816,27.638,38.525,35.336,28.860,37.707,24.975,31.296,32.942,42.237,32.289,0,38.422,30.608,38.865,32.436,24.340,40.251,32.818,25.530,24.367,34.261,22.498,27.577,41.957,34.556,25.696,32.090,28.042,26.735,41.800,37.905,32.167,31.185,30.060,42.391,33.908,29.372,36.597,28.454,31.538,21.231,26.156,33.413,32.110,34.835,39.821,37.888,28.994,31.168,41.704,27.819,35.668,26.988,29.554,31.249,40.455,30.285,35.163,26.347,34.060,36.590,35.744,32.927,37.794,36.715,27.307,40.283,30.309,31.348,32.480,39.364,25.473,25.232,29.168,30.002,38.483,34.466,35.694,31.671,34.469,37.142,34.241,29.957,30.573,38.192,33.410,34.271,26.566,36.512,34.803,29.110,28.099,25.195
52,26.746,28.478,35.615,28.476,38.772,19.813,37.386,33.787,40.091,36.107,36.987,33.635,35.354,28.655,35.886,24.801,26.063,38.422,0,39.653,20.435,40.174,31.558,31.102,22.051,27.773,36.362,28.709,33.963,31.276,26.476,30.299,26.444,35.763,22.551,32.911,28.910,21.717,36.852,34.964,28.255,26.460,26.033,34.995,28.506,34.368,25.476,40.845,32.352,30.317,31.595,34.770,27.264,36.410,30.287,29.507,24.926,35.799,32.256,31.948,35.800,28.052,35.662,31.853,35.457,37.473,30.501,34.972,34.737,29.541,34.084,27.167,32.608,33.021,28.151,39.719,32.162,29.729,39.993,33.853,28.870,39.638,32.607,31.426,30.919,37.468,34.182,32.997,36.676,33.677,27.326,27.673,22.285,31.943,39.499,31.419,31.993,33.097,34.530,38.230
55,34.779,29.498,36.021,34.786,31.494,34.750,25.524,26.359,27.924,23.337,30.337,28.608,28.044,36.654,35.748,34.059,37.550,30.608,39.653,0,41.761,31.303,32.149,35.423,32.549,31.394,29.787,39.012,36.695,37.967,29.682,36.058,32.551,26.389,37.968,35.406,33.154,41.055,25.910,37.131,31.552,29.603,29.332,30.795,39.012,30.927,34.741,19.635,23.783,40.901,19.188,26.638,34.640,31.231,29.618,37.458,36.642,37.744,25.243,36.042,32.831,39.174,23.437,38.557,33.005,28.307,24.307,34.496,30.670,30.487,35.100,33.804,30.731,31.437,37.805,26.553,26.852,31.293,25.043,31.134,29.105,24.248,28.845,32.296,30.460,28.554,29.730,27.094,19.642,28.981,35.274,35.221,34.807,35.178,20.003,29.294,30.172,28.940,28.350,29.296
92,27.917,32.338,28.525,24.292,41.418,25.280,30.478,30.785,32.310,33.459,30.114,34.500,40.257,25.534,30.661,25.552,29.591,38.865,20.435,41.761,0,36.302,34.259,31.020,30.703,30.983,30.062,27.757,35.521,31.536,24.236,30.103,32.466,35.890,31.014,36.061,29.225,23.348,32.390,28.283,32.703,31.830,32.708,35.638,29.446,32.068,29.309,43.343,37.360,30.938,38.198,31.647,32.016,34.511,37.740,25.771,25.037,25.838,36.904,31.145,29.502,28.202,35.376,26.288,35.382,40.569,40.555,23.366,32.923,30.384,32.789,34.313,35.151,36.244,34.847,40.738,32.530,33.262,40.899,32.348,38.078,37.941,33.097,34.751,35.814,33.367,34.869,40.521,38.211,39.646,26.941,20.272,23.576,33.330,36.174,39.514,27.449,32.443,31.727,35.010
70,35.103,41.733,32.300,30.517,26.083,37.323,31.401,37.994,21.372,37.719,29.788,29.364,27.891,34.548,26.438,34.410,28.825,32.436,40.174,31.303,36.302,0,36.035,31.450,37.787,38.063,30.003,26.040,22.007,28.619,37.598,28.584,40.831,33.526,37.418,38.471,28.523,31.596,25.257,26.192,39.082,35.321,39.119,30.781,29.851,32.681,36.172,29.412,36.411,24.769,37.014,31.359,24.080,28.715,36.517,33.623,33.868,30.107,32.495,36.942,28.792,33.133,25.545,21.822,30.534,31.831,35.514,25.909,28.736,36.203,26.361,35.226,23.576,25.185,31.322,22.865,33.208,29.459,24.214,30.390,30.332,22.462,34.608,31.289,39.634,20.548,33.498,31.549,30.395,31.558,40.598,36.286,34.828,26.541,30.003,27.691,33.206,28.528,26.559,30.289
10,20.900,25.090,22.319,36.570,25.620,29.357,33.288,24.603,35.875,29.630,29.943,35.221,34.812,32.969,36.221,33.575,31.340,24.340,31.558,32.149,34.259,36.035,0,33.446,27.985,31.489,26.659,30.952,31.992,31.706,37.071,34.962,26.368,29.571,25.339,22.967,43.528,30.983,34.647,24.293,24.939,39.070,35.898,29.547,36.796,29.756,30.922,27.599,22.788,27.179,33.212,41.363,37.309,26.999,32.549,31.795,29.811,33.212,33.852,36.201,27.507,30.054,33.639,37.142,28.717,26.383,25.071,32.260,35.787,22.328,40.693,35.340,32.877,35.135,29.274,31.377,27.836,30.854,23.943,33.745,30.541,37.611,37.004,35.289,33.164,32.927,31.082,27.666,38.289,32.718,26.303,37.611,39.245,23.996,35.219,39.633,26.773,33.385,35.992,31.155
93,39.495,29.722,31.749,36.153,26.123,26.581,29.129,39.200,30.040,24.935,31.933,29.941,35.110,37.462,31.103,20.182,36.341,40.251,31.102,35.423,31.020,31.450,33.446,0,29.543,33.076,31.952,29.242,37.423,30.194,32.869,34.157,40.495,35.551,30.786,34.972,28.218,31.352,38.691,22.950,29.013,30.580,41.577,20.366,20.469,31.464,27.051,30.556,37.180,23.348,37.863,32.588,31.954,32.307,34.666,31.658,30.573,32.306,38.172,30.650,33.648,30.765,26.870,37.196,24.896,34.748,34.792,29.504,38.065,35.851,31.660,30.885,30.535,24.442,37.472,28.635,36.176,30.059,36.550,45.199,39.246,32.088,24.394,26.623,25.253,36.283,18.842,28.597,33.188,33.519,32.469,29.742,34.568,27.194,38.528,27.095,28.944,41.671,26.786,33.262
85,33.010,33.743,31.340,33.895,36.791,23.309,33.068,31.851,42.089,33.917,39.472,33.468,34.141,40.774,42.313,20.544,27.088,32.818,22.051,32.549,30.703,37.787,27.985,29.543,0,24.121,27.724,32.583,33.423,27.925,34.109,34.517,28.360,30.024,23.186,38.378,32.148,29.933,31.432,34.358,28.354,34.968,32.282,29.043,34.612,29.818,19.737,29.711,27.762,33.092,28.171,35.248,29.875,41.592,24.534,34.398,34.393,36.362,38.353,31.179,37.373,31.020,28.926,35.527,35.596,37.054,23.913,33.917,39.624,25.263,37.133,35.314,22.449,36.868,36.291,34.826,30.423,29.449,35.075,37.082,26.527,35.976,26.842,35.131,34.873,37.255,30.732,30.014,27.492,35.756,30.951,31.861,26.662,24.203,39.839,29.597,29.701,28.499,31.288,39.050
13,31.371,35.259,28.762,39.304,36.237,36.654,29.070,26.071,39.337,31.386,30.422,30.458,25.211,31.072,33.433,30.726,30.173,25.530,27.773,31.394,30.983,38.063,31.489,33.076,24.121,0,31.734,27.657,30.175,34.848,34.053,39.645,30.452,34.780,28.007,30.865,30.424,32.694,36.698,37.290,21.349,33.665,24.524,29.555,33.403,22.588,23.832,27.739,26.767,34.895,30.819,28.836,38.676,42.265,23.370,32.692,36.484,23.730,38.635,25.624,38.361,26.715,36.133,32.771,39.074,25.766,30.406,36.633,34.069,33.307,27.634,30.050,27.907,41.218,36.848,32.435,29.849,35.030,39.592,32.590,34.998,33.019,32.646,32.265,31.842,33.167,23.016,39.577,29.575,31.359,27.420,30.350,19.217,35.160,30.218,31.653,37.124,27.452,26.966,35.889
94,34.611,36.197,24.101,30.514,35.070,31.505,27.360,26.222,32.429,27.771,30.780,38.257,37.379,36.334,33.909,30.776,33.012,24.367,36.362,29.787,30.062,30.003,26.659,31.952,27.724,31.734,0,36.715,31.489,22.093,34.654,27.414,30.189,24.082,28.799,35.192,38.120,36.453,20.755,22.371,35.073,39.985,40.077,26.195,33.463,26.816,30.015,25.039,32.180,33.983,32.392,30.112,35.315,35.151,31.300,26.662,37.097,27.554,37.473,25.981,21.509,34.839,31.864,31.435,30.442,38.120,36.459,21.155,36.173,25.575,39.297,41.271,27.002,37.417,38.342,32.401,33.955,34.126,25.569,30.052,32.542,26.227,25.410,37.286,34.730,33.013,33.748,33.576,29.980,36.435,27.636,29.148,33.060,28.696,29.231,37.531,22.546,30.337,25.569,24.669
42,25.090,36.228,27.140,36.599,26.982,35.662,29.602,33.119,30.503,38.601,30.328,27.805,29.805,29.199,25.902,28.758,21.495,34.261,28.709,39.012,27.757,26.040,30.952,29.242,32.583,27.657,36.715,0,23.658,35.645,36.352,35.565,40.411,37.319,31.118,31.212,28.400,20.399,36.813,29.398,29.457,32.719,32.376,33.384,28.796,25.913,32.697,36.218,33.960,18.636,41.184,36.264,29.714,30.990,32.795,33.089,24.003,22.707,37.867,37.847,34.976,23.512,31.180,25.943,35.577,24.183,31.047,29.304,27.462,33.762,17.623,29.308,29.511,33.140,31.136,26.779,31.435,25.098,36.519,33.903,35.958,34.050,38.026,33.104,38.411,24.522,25.449,35.758,37.950,31.842,33.048,34.590,28.377,24.983,36.788,32.373,38.107,28.713,33.767,39.851
49,31.268,43.678,31.522,36.192,30.558,39.016,38.711,35.045,35.934,43.259,34.543,33.753,23.845,30.310,28.763,39.425,23.368,22.498,33.963,36.695,35.521,22.007,31.992,37.423,33.423,30.175,31.489,23.658,0,24.326,40.810,27.481,33.428,36.576,27.122,30.556,34.794,26.777,30.130,31.810,34.563,38.195,34.825,34.418,28.907,31.408,33.239,29.727,35.601,23.728,35.353,32.927,26.188,35.712,27.137,27.998,36.559,27.376,35.339,32.739,32.978,31.706,37.992,20.420,33.656,28.135,33.388,32.846,27.950,33.706,27.541,30.229,24.289,34.045,24.158,25.542,36.586,31.123,26.899,24.618,25.388,27.258,37.347,34.802,38.587,29.475,35.303,35.433,37.202,29.676,36.302,40.268,28.191,30.789,33.025,27.929,40.043,25.160,28.601,31.941
25,38.391,40.781,31.761,29.579,34.852,28.526,40.864,39.139,37.755,37.175,35.578,37.727,32.268,35.233,34.904,34.445,32.261,27.577,31.276,37.967,31.536,28.619,31.706,30.194,27.925,34.848,22.093,35.645,24.326,0,37.709,22.212,27.444,34.860,23.737,35.385,36.004,30.889,28.923,24.072,35.462,39.763,41.734,27.127,24.725,36.887,25.258,29.568,37.761,26.128,33.037,32.294,26.718,38.131,31.816,23.499,39.864,33.553,36.447,23.721,28.651,33.812,37.363,25.678,26.151,40.577,38.865,30.457,38.773,32.487,40.095,34.904,23.176,30.307,27.414,33.785,38.339,36.787,26.936,32.957,26.015,30.093,29.479,31.492,33.092,38.104,37.600,32.843,35.028,35.115,34.456,33.987,31.408,30.169,36.790,28.826,28.664,34.537,22.700,24.173
22,32.227,23.582,35.354,26.457,42.050,22.507,28.035,27.669,26.469,25.083,30.209,26.316,37.441,26.500,34.382,29.796,38.919,41.957,26.476,29.682,24.236,37.598,37.071,32.869,34.109,34.053,34.654,36.352,40.810,37.709,0,31.837,30.624,36.705,37.876,35.594,29.241,28.617,29.067,36.461,29.748,23.489,28.664,39.358,33.282,37.978,32.273,39.366,35.894,38.701,24.024,22.031,29.565,29.306,35.555,26.944,27.869,35.015,26.823,36.955,34.217,39.435,29.992,34.159,29.868,37.719,34.569,27.853,25.730,27.442,34.841,26.044,39.734,29.966,35.071,35.972,29.654,31.127,36.358,32.964,35.679,34.688,28.643,33.659,28.473,35.258,33.474,35.733,33.556,38.364,33.012,27.454,26.514,40.384,29.266,34.054,27.856,31.755,29.342,31.927
45,34.727,35.982,39.839,26.529,35.030,29.566,37.668,35.704,33.789,37.284,38.672,41.557,38.053,30.063,27.117,34.432,27.858,34.556,30.299,36.058,30.103,28.584,34.962,34.157,34.517,39.645,27.414,35.565,27.481,22.212,31.837,0,32.419,27.474,23.936,32.377,34.164,31.844,24.917,28.930,41.954,28.733,37.171,33.864,22.604,34.167,38.727,35.980,39.719,31.378,33.254,29.587,22.711,29.731,29.749,22.850,29.663,36.294,27.381,30.021,21.638,38.328,37.030,29.924,30.827,41.067,37.044,27.114,29.280,31.427,35.233,33.435,33.166,28.743,28.714,33.762,42.280,27.552,27.736,25.249,25.414,23.302,26.022,35.657,30.214,36.055,40.269,27.104,37.257,28.731,28.836,32.137,31.078,34.443,31.844,29.799,32.487,35.638,32.215,27.116
28,28.185,30.917,33.391,28.290,40.117,26.773,41.985,30.407,40.454,33.432,31.567,35.595,30.340,28.182,40.165,39.198,36.140,25.696,26.444,32.551,32.466,40.831,26.368,40.495,28.360,30.452,30.189,40.411,33.428,27.444,30.624,32.419,0,35.768,28.115,30.584,39.763,33.423,32.996,35.085,27.325,36.845,28.320,34.842,37.438,39.727,25.296,33.014,25.714,37.238,21.952,34.666,34.809,37.056,33.680,29.352,38.496,38.669,27.731,29.319,32.530,33.652,39.930,31.902,32.215,36.350,33.318,39.204,38.167,28.888,45.146,32.069,32.315,35.360,23.702,40.946,27.687,40.820,29.608,27.644,23.395,39.135,38.009,30.892,31.702,37.894,40.578,35.322,34.757,34.891,31.479,33.714,30.987,37.684,31.727,36.198,27.002,31.662,29.867,25.652
34,31.023,31.945,38.404,31.162,30.934,34.853,27.601,28.617,35.041,30.663,37.050,43.798,39.490,37.981,31.536,28.353,25.887,32.090,35.763,26.389,35.890,33.526,29.571,35.551,30.024,34.780,24.082,37.319,36.576,34.860,36.705,27.474,35.768,0,27.920,35.814,34.872,42.489,26.865,31.430,41.520,29.686,32.611,27.182,35.835,21.105,40.349,29.721,26.199,39.302,34.633,36.395,36.298,32.384,30.186,38.406,28.772,37.603,29.779,31.930,20.335,33.687,29.572,39.462,40.789,37.347,29.586,30.976,36.713,31.891,36.089,43.657,30.780,37.119,40.509,35.856,35.841,27.601,30.639,28.363,29.408,24.271,27.456,37.032,34.136,29.481,35.793,23.503,26.624,24.991,22.562,28.037,36.237,28.333,27.791,36.569,29.097,35.051,38.125,33.878
90,30.732,32.711,35.193,36.084,30.996,29.640,38.473,32.995,43.188,36.157,39.425,41.835,34.745,32.564,31.904,30.590,23.916,28.042,22.551,37.968,31.014,37.418,25.339,30.786,23.186,28.007,28.799,31.118,27.122,23.737,37.876,23.936,28.115,27.920,0,24.998,37.122,30.802,35.954,29.832,32.237,32.171,33.835,27.496,23.927,27.097,30.970,31.302,32.208,27.819,34.447,36.473,31.693,36.362,21.359,26.940,30.486,34.075,34.630,24.972,29.000,30.113,39.857,35.644,33.939,34.429,29.891,35.123,36.387,30.202,35.585,32.001,30.043,35.516,29.101,34.303,40.057,28.685,33.146,31.897,26.541,31.515,28.366,34.211,27.037,39.406,32.705,26.972,37.967,25.662,20.105,33.318,29.276,29.589,37.273,30.397,34.970,36.842,34.459,33.025
1,27.072,26.054,32.139,41.834,27.190,36.950,36.686,27.385,36.386,30.795,30.252,37.348,32.444,22.558,26.271,41.115,35.576,26.735,32.911,35.406,36.061,38.471,22.967,34.972,38.378,30.865,35.192,31.212,30.556,35.385,35.594,32.377,30.584,35.814,24.998,0,43.174,32.592,40.775,30.753,25.791,33.259,34.004,33.443,28.680,30.810,37.969,31.193,32.545,29.068,35.033,35.642,39.429,26.423,29.384,25.468,30.483,30.535,31.304,33.101,29.852,34.431,43.002,38.686,29.264,21.899,32.500,36.749,28.811,32.106,35.224,25.339,41.076,34.935,27.096,29.853,38.039,32.624,30.761,32.162,35.825,33.820,37.010,34.224,23.137,37.666,29.256,32.377,44.460,26.348,23.379,39.404,36.143,38.491,30.638,36.806,38.070,39.524,35.400,28.036
96,36.840,37.649,40.660,26.531,35.915,32.678,30.776,40.358,29.369,35.055,32.382,28.670,28.712,33.119,29.280,24.018,28.866,41.800,28.910,33.154,29.225,28.523,43.528,28.218,32.148,30.424,38.120,28.400,34.794,36.004,29.241,34.164,39.763,34.872,37.122,43.174,0,33.295,34.180,36.610,36.558,21.828,27.004,30.231,28.303,32.118,30.797,37.576,34.329,34.134,34.910,27.885,27.227,37.974,36.018,38.594,30.627,34.192,31.160,31.703,36.505,27.471,25.849,27.512,39.758,37.268,36.188,34.485,34.576,41.708,22.324,32.357,25.891,28.014,36.545,35.814,31.225,32.551,41.656,35.006,33.512,29.679,31.715,24.142,34.969,26.170,30.848,35.100,22.721,30.279,36.943,22.631,22.975,33.457,31.661,23.799,34.036,32.651,27.934,37.626
91,27.264,33.912,27.246,33.130,36.438,24.870,35.558,33.311,33.260,39.261,34.512,25.157,34.390,29.012,35.032,30.600,28.951,37.905,21.717,41.055,23.348,31.596,30.983,31.352,29.933,32.694,36.453,20.399,26.777,30.889,28.617,31.844,33.423,42.489,30.802,32.592,33.295,0,33.550,31.432,27.194,34.593,35.213,40.074,29.717,37.475,28.135,40.167,38.790,21.090,34.671,33.856,22.093,31.222,33.270,24.529,26.878,29.741,36.896,40.317,37.910,33.333,33.602,25.627,27.920,32.862,31.827,27.454,26.078,25.239,30.392,23.522,33.652,30.929,26.071,30.321,32.126,26.404,34.263,34.917,32.755,39.167,36.172,36.433,37.310,34.629,32.762,36.654,42.069,39.907,36.717,37.542,27.092,29.853,41.160,32.581,35.085,27.423,32.158,38.320
56,34.193,38.666,32.454,26.562,39.773,31.507,27.904,27.097,28.493,34.626,35.418,33.978,36.937,36.487,36.018,33.074,31.145,32.167,36.852,25.910,32.390,25.257,34.647,38.691,31.432,36.698,20.755,36.813,30.130,28.923,29.067,24.917,32.996,26.865,35.954,40.775,34.180,33.550,0,33.146,39.961,35.649,35.897,37.574,37.612,33.020,35.717,31.200,35.212,38.207,26.613,25.715,25.604,33.187,31.315,29.451,35.300,33.559,31.827,36.789,27.806,41.277,27.040,28.114,33.402,39.561,33.144,20.632,27.161,23.470,35.780,38.680,28.877,35.021,37.162,30.512,32.783,28.605,23.760,23.661,27.106,23.970,27.267,40.670,39.912,29.445,39.439,33.228,27.971,37.926,36.423,33.733,30.419,32.293,27.723,34.147,28.531,20.575,28.719,30.830
16,31.395,31.835,23.245,29.865,24.035,29.466,31.587,34.973,26.438,28.339,24.918,35.630,36.557,31.991,27.326,30.002,33.253,31.185,34.964,37.131,28.283,26.192,24.293,22.950,34.358,37.290,22.371,29.398,31.810,24.072,36.461,28.930,35.085,31.430,29.832,30.753,36.610,31.432,33.146,0,33.078,38.102,43.102,21.970,26.248,31.076,31.201,31.059,34.065,19.739,40.532,37.355,34.129,25.498,39.675,28.200,29.962,28.052,35.880,30.205,19.432,27.380,31.372,30.052,23.854,34.727,38.665,23.287,37.437,32.457,37.180,37.725,30.107,27.544,31.596,31.750,33.339,33.756,27.129,36.811,36.323,32.249,33.134,29.385,32.505,30.174,30.488,30.541,37.189,34.085,29.397,29.779,39.034,23.210,34.636,37.305,21.301,38.834,28.798,24.546
61,29.749,25.838,23.571,39.808,32.573,29.459,32.266,27.734,34.962,25.758,25.691,21.352,26.388,29.663,37.128,33.184,38.814,30.060,28.255,31.552,32.703,39.082,24.939,29.013,28.354,21.349,35.073,29.457,34.563,35.462,29.748,41.954,27.325,41.520,32.237,25.791,36.558,27.194,39.961,33.078,0,35.688,31.337,31.673,34.002,34.167,20.523,28.427,27.819,29.397,27.860,32.355,37.522,34.381,31.442,29.802,35.208,29.327,36.211,33.906,39.819,30.877,34.214,35.755,26.700,22.245,28.465,36.579,33.569,28.895,35.331,22.375,34.027,33.808,30.774,29.672,24.979,35.686,34.523,39.249,36.502,39.690,36.017,29.446,27.743,36.278,21.184,36.819,36.202,36.241,32.903,36.461,30.444,34.625,34.462,33.169,32.312,32.476,26.699,32.470
38,32.507,25.305,44.408,29.907,33.218,30.158,31.157,34.858,30.547,30.165,35.083,33.695,33.677,27.964,26.189,27.926,30.716,42.391,26.460,29.603,31.830,35.321,39.070,30.580,34.968,33.665,39.985,32.719,38.195,39.763,23.489,28.733,36.845,29.686,32.171,33.259,21.828,34.593,35.649,38.102,35.688,0,23.201,33.372,26.581,31.547,38.445,37.839,32.920,36.741,30.617,28.247,28.864,28.946,31.250,35.135,21.838,38.860,20.644,34.329,32.377,34.037,30.395,37.364,37.121,34.184,30.438,35.943,28.422,37.369,26.440,26.650,36.890,26.258,33.874,34.754,35.403,25.784,38.696,32.391,31.860,28.277,28.439,27.899,24.076,31.942,31.158,26.322,30.508,22.421,28.593,26.721,28.007,37.753,28.341,25.917,35.324,37.691,35.130,35.538
77,24.280,31.324,40.518,30.649,38.681,35.535,34.465,29.256,36.962,35.710,32.070,32.875,27.173,25.574,33.017,34.800,28.019,33.908,26.033,29.332,32.708,39.119,35.898,41.577,32.282,24.524,40.077,32.376,34.825,41.734,28.664,37.171,28.320,32.611,33.835,34.004,27.004,35.213,35.897,43.102,31.337,23.201,0,37.446,38.294,31.141,34.467,37.480,22.675,40.861,27.732,32.509,35.215,36.920,31.666,39.046,29.979,36.544,24.134,34.499,36.571,28.904,35.189,32.877,44.013,30.066,28.910,41.295,31.460,36.511,29.988,30.627,33.607,37.236,31.776,39.567,26.102,34.393,39.625,24.411,28.465,35.272,39.263,30.171,34.476,27.925,35.793,36.125,28.763,26.535,30.392,29.070,23.543,39.011,26.066,33.161,36.936,28.120,35.872,37.594
14,36.960,32.965,32.717,33.758,22.130,33.378,32.019,37.898,33.408,25.385,28.159,36.571,29.252,36.549,29.207,27.103,33.147,29.372,34.995,30.795,35.638,30.781,29.547,20.366,29.043,29.555,26.195,33.384,34.418,27.127,39.358,33.864,34.842,27.182,27.496,33.443,30.231,40.074,37.574,21.970,31.673,33.372,37.446,0,25.862,26.163,27.510,22.535,27.138,28.395,36.885,35.538,37.640,35.294,34.181,36.297,35.438,32.765,34.580,20.822,26.715,23.474,30.250,35.571,31.981,32.778,34.987,35.134,42.834,39.443,35.089,37.759,23.184,29.033,35.689,32.833,33.210,36.506,32.850,38.981,33.877,28.273,29.362,21.121,26.766,31.257,24.781,27.374,25.897,25.036,27.951,26.362,35.898,26.182,31.376,29.301,26.171,40.792,26.193,26.797
12,38.576,34.413,37.548,34.278,28.959,31.322,36.251,40.052,33.050,32.983,34.146,35.926,32.422,28.557,21.471,30.656,32.037,36.597,28.506,39.012,29.446,29.851,36.796,20.469,34.612,33.403,33.463,28.796,28.907,24.725,33.282,22.604,37.438,35.835,23.927,28.680,28.303,29.717,37.612,26.248,34.002,26.581,38.294,25.862,0,32.018,32.763,33.863,40.946,22.910,37.764,28.273,27.964,32.281,30.128,23.327,30.384,30.513,33.455,24.410,29.764,31.899,37.361,31.527,27.283,35.235,38.823,31.406,32.403,38.550,27.999,25.436,32.556,24.853,29.845,30.004,42.442,30.459,35.914,36.740,34.817,26.261,25.775,26.813,21.538,37.491,27.838,30.437,38.052,26.593,28.833,30.349,28.838,34.765,34.647,23.493,35.681,41.367,26.582,28.362
7,29.907,34.545,30.773,38.774,28.972,39.807,20.703,24.670,34.637,30.644,32.565,38.865,34.829,34.083,25.301,27.178,23.754,28.454,34.368,30.927,32.068,32.681,29.756,31.464,29.818,22.588,26.816,25.913,31.408,36.887,37.978,34.167,39.727,21.105,27.097,30.810,32.118,37.475,33.020,31.076,34.167,31.547,31.141,26.163,32.018,0,36.860,28.288,28.622,33.950,39.087,33.260,39.441,35.528,25.599,35.390,28.594,23.353,37.996,29.167,27.697,27.580,32.483,36.361,41.278,27.989,30.893,29.347,32.469,33.506,24.047,38.795,30.320,41.004,41.838,30.088,35.680,27.007,36.825,30.895,37.293,24.881,29.064,36.863,33.823,27.716,24.082,33.156,30.540,25.984,19.926,28.319,29.329,29.055,28.257,35.962,36.035,32.100,34.653,36.843
57,35.584,35.207,26.342,32.275,37.359,24.427,36.200,35.982,37.877,31.370,30.266,25.345,27.183,35.956,41.032,27.877,35.982,31.538,25.476,34.741,29.309,36.172,30.922,27.051,19.737,23.832,30.015,32.697,33.239,25.258,32.273,38.727,25.296,40.349,30.970,37.969,30.797,28.135,35.717,31.201,20.523,38.445,34.467,27.510,32.763,36.860,0,29.872,30.112,29.562,28.435,32.450,32.310,41.694,33.700,31.570,39.679,32.512,38.769,27.891,39.364,28.067,31.686,29.285,29.312,35.420,33.534,35.495,41.019,31.760,38.492,30.807,22.677,32.767,31.714,35.538,25.552,39.106,35.703,39.637,31.632,39.239,33.270,26.745,33.506,36.602,29.143,37.566,29.359,39.305,36.740,31.115,26.824,30.049,38.266,29.602,26.786,30.832,20.739,32.412
6,38.190,35.496,30.560,40.859,25.360,37.566,30.584,30.779,33.998,26.795,31.223,31.770,24.467,39.085,35.023,35.615,36.869,21.231,40.845,19.635,43.343,29.412,27.599,30.556,29.711,27.739,25.039,36.218,29.727,29.568,39.366,35.980,33.014,29.721,31.302,31.193,37.576,40.167,31.200,31.059,28.427,37.839,37.480,22.535,33.863,28.288,29.872,0,27.084,33.484,27.084,30.400,36.704,35.739,25.682,34.089,41.541,33.001,34.770,29.602,33.104,36.073,30.221,37.451,28.945,25.373,27.501,35.376,35.812,32.436,35.825,34.118,25.028,33.170,36.102,21.445,32.734,34.071,22.982,35.461,30.411,23.762,28.596,31.571,29.298,33.077,24.900,28.378,25.941,28.465,34.343,38.898,36.120,31.238,27.213,27.294,32.859,32.572,23.861,26.565
18,22.339,27.715,32.532,31.766,28.701,33.444,32.484,28.103,35.376,29.396,27.325,33.231,26.863,33.300,36.538,32.504,29.967,26.156,32.352,23.783,37.360,36.411,22.788,37.180,27.762,26.767,32.180,33.960,35.601,37.761,35.894,39.719,25.714,26.199,32.208,32.545,34.329,38.790,35.212,34.065,27.819,32.920,22.675,27.138,40.946,28.622,30.112,27.084,0,36.572,28.805,39.507,38.889,33.382,34.527,41.732,32.510,37.393,26.969,33.790,31.124,24.262,29.056,36.024,38.950,26.541,23.750,39.861,39.080,33.010,37.736,37.586,27.290,35.098,32.066,36.650,18.066,35.699,30.651,30.391,26.821,35.998,39.429,27.366,34.901,24.801,32.467,29.039,24.520,26.579,29.615,31.141,35.422,28.084,27.754,36.021,27.166,30.682,34.858,33.142
86,30.500,35.233,26.806,35.535,21.800,30.670,36.952,39.122,31.291,37.256,30.722,30.104,30.599,31.560,28.624,31.427,28.721,33.413,30.317,40.901,30.938,24.769,27.179,23.348,33.092,34.895,33.983,18.636,23.728,26.128,38.701,31.378,37.238,39.302,27.819,29.068,34.134,21.090,38.207,19.739,29.397,36.741,40.861,28.395,22.910,33.950,29.562,33.484,36.572,0,40.821,38.760,27.384,28.102,35.865,28.917,28.931,29.157,37.164,35.476,32.034,26.405,33.128,27.282,24.614,28.961,33.992,30.152,33.692,33.939,30.439,28.779,28.645,25.067,24.453,26.580,34.574,29.465,30.152,38.467,33.580,35.216,36.959,29.033,34.225,31.454,28.242,30.924,40.835,32.793,35.161,37.501,35.636,22.532,40.247,30.302,33.353,36.301,30.645,33.101
65,35.172,29.932,37.297,32.520,39.645,27.191,35.045,28.609,35.225,29.119,34.913,27.306,28.302,34.217,41.113,36.130,38.863,32.110,31.595,19.188,38.198,37.014,33.212,37.863,28.171,30.819,32.392,41.184,35.353,33.037,24.024,33.254,21.952,34.633,34.447,35.033,34.910,34.671,26.613,40.532,27.860,30.617,27.732,36.885,37.764,39.087,28.435,27.084,28.805,40.821,0,24.433,29.169,35.599,27.164,31.048,38.876,40.590,25.120,35.215,37.794,41.818,30.983,36.111,29.701,33.792,25.596,36.964,30.620,26.083,39.858,26.715,32.301,31.392,31.358,31.693,28.424,33.739,27.130,30.515,23.501,31.645,29.274,33.313,29.004,37.144,35.322,30.768,26.981,34.390,37.136,37.158,29.166,39.221,27.794,27.023,31.113,27.081,26.418,29.321
75,40.573,36.219,35.860,33.800,40.831,34.324,27.386,29.666,28.391,28.022,31.522,28.222,30.668,29.621,29.821,34.568,38.808,34.835,34.770,26.638,31.647,31.359,41.363,32.588,35.248,28.836,30.112,36.264,32.927,32.294,22.031,29.587,34.666,36.395,36.473,35.642,27.885,33.856,25.715,37.355,32.355,28.247,32.509,35.538,28.273,33.260,32.450,30.400,39.507,38.760,24.433,0,30.405,36.578,27.396,23.367,37.878,28.247,32.390,29.024,35.118,41.316,33.542,30.980,30.671,35.184,37.693,28.077,23.765,32.929,28.635,26.024,34.308,33.144,37.813,28.206,36.805,33.188,34.582,30.435,35.706,21.863,22.444,34.276,27.448,35.621,29.777,38.457,29.704,34.947,34.789,30.996,21.045,42.846,23.064,26.585,35.465,29.453,18.562,27.487
31,34.746,37.462,38.640,27.122,35.194,24.466,37.634,39.284,31.712,40.570,39.615,28.922,32.509,35.121,35.335,29.971,27.265,39.821,27.264,34.640,32.016,24.080,37.309,31.954,29.875,38.676,35.315,29.714,26.188,26.718,29.565,22.711,34.809,36.298,31.693,39.429,27.227,22.093,25.604,34.129,37.522,28.864,35.215,37.640,27.964,39.441,32.310,36.704,38.889,27.384,29.169,30.405,0,31.554,31.266,29.675,30.118,39.060,29.085,39.221,35.435,37.925,27.506,26.046,29.060,38.421,29.825,29.581,27.649,29.727,31.232,27.451,27.481,22.414,26.308,28.989,35.206,23.551,28.635,31.939,21.848,30.127,30.020,33.712,36.387,32.952,37.745,27.413,33.475,34.400,40.436,37.114,28.867,29.302,37.880,21.336,34.099,28.000,30.465,35.894
99,25.491,22.239,33.409,31.789,24.134,30.879,30.976,31.029,19.923,28.801,27.591,32.200,37.298,27.150,26.495,35.705,35.361,37.888,36.410,31.231,34.511,28.715,26.999,32.307,41.592,42.265,35.151,30.990,35.712,38.131,29.306,29.731,37.056,32.384,36.362,26.423,37.974,31.222,33.187,25.498,34.381,28.946,36.920,35.294,32.281,35.528,41.694,35.739,33.382,28.102,35.599,36.578,31.554,0,39.725,31.658,20.904,36.165,23.596,42.491,24.139,36.457,29.603,36.097,25.555,29.099,31.728,27.990,25.697,30.250,34.872,31.052,40.313,23.183,28.902,28.738,32.151,26.259,24.583,33.136,34.774,32.495,36.697,33.042,30.953,28.127,33.420,25.290,40.088,30.629,32.516,36.735,41.648,31.743,30.265,37.222,29.170,37.830,37.091,29.398
29,36.399,36.249,37.153,42.539,35.409,35.637,32.699,27.928,42.104,35.639,42.024,36.604,31.793,36.770,35.030,32.989,28.770,28.994,30.287,29.618,37.740,36.517,32.549,34.666,24.534,23.370,31.300,32.795,27.137,31.816,35.555,29.749,33.680,30.186,21.359,29.384,36.018,33.270,31.315,39.675,31.442,31.250,31.666,34.181,30.128,25.599,33.700,25.682,34.527,35.865,27.164,27.396,31.266,39.725,0,28.607,35.899,33.158,36.391,31.263,37.504,39.504,36.971,38.502,36.007,30.227,24.324,35.181,28.489,27.912,29.836,28.341,31.404,39.105,36.618,25.532,40.678,24.571,33.229,31.449,28.676,25.051,23.054,39.937,28.860,39.723,28.631,30.455,33.759,28.419,28.540,39.128,24.655,35.885,33.205,25.346,41.737,29.570,31.960,36.992
83,34.975,33.520,28.643,34.479,38.277,29.192,34.610,28.972,33.101,31.856,32.582,33.860,36.130,25.156,29.596,36.783,36.635,31.168,29.507,37.458,25.771,33.623,31.795,31.658,34.398,32.692,26.662,33.089,27.998,23.499,26.944,22.850,29.352,38.406,26.940,25.468,38.594,24.529,29.451,28.200,29.802,35.135,39.046,36.297,23.327,35.390,31.570,34.089,41.732,28.917,31.048,23.367,29.675,31.658,28.607,0,34.164,25.974,35.456,29.348,29.929,39.617,40.396,29.689,22.034,35.594,38.874,24.157,25.172,25.905,35.379,24.836,37.423,33.272,29.607,29.739,39.939,32.088,30.253,30.866,34.961,30.171,27.178,37.283,26.819,40.326,33.049,37.240,42.281,37.271,29.497,35.099,27.241,39.001,32.671,33.438,33.401,33.496,24.822,24.577
