0,0,27.072272912132,30.59273618667442,41.0515129853927,38.05634881525307,34.41626870411064,38.19043623953896,29.90735047082091,27.09624008058832,38.240992960181,20.89963232039332,39.48019159672685,38.5762575883961,31.3705832088886,36.96020582088065,27.73930360514582,31.39529128976721,28.44667194163264,22.33882582213826,30.00560814343449,38.96702360317406,31.70436163996467,32.22749924486444,33.9167249607074,42.44392607788896,38.39107420613954,27.90048923490889,29.70694326913988,28.18520764360945,36.39868911856146,37.64209204562353,34.74611170532973,28.15405194886063,35.87532992333161,31.02340445126827,31.15744082947468,39.52250917495223,36.03894936351421,32.5068240518536,31.42143368539918,25.07154405482398,33.92602140545644,25.08957936463543,31.51177723101556,23.90105012376228,34.72735848220437,30.02090700060167,28.14202348434427,25.3040464319979,31.26809304280474,35.04839660187443,23.34234375971668,26.74582822292639,34.12425562202839,36.71339317784336,34.7787563650818,34.19331190682781,35.58359558933159,26.99623840670919,35.95840011164088,35.5879061741021,29.74899162472153,27.5168458213536,30.43423982130329,32.79786502665236,35.17171101419917,24.25656099880914,32.70307366276646,26.69310502254957,32.9477458878505,35.10319372305081,32.12115946165996,34.09773961348169,24.11528030810446,31.97181234796481,40.57342904253842,33.86489729583055,24.28016635098403,24.30587795080349,29.80541920920356,32.91450894110364,33.83782610415813,33.57780367072377,34.97486375303205,20.96256935832699,33.00950549318625,30.49980121438528,33.0797861512082,30.61130215185246,26.72824137479271,30.73187096608929,27.26394529459256,27.91733570002222,39.49475238676401,34.61072591002578,28.06130656124049,36.84008298859717,31.67973403270818,28.67016871264651,25.49111690616166
89,27.072272912132,0,38.07014388879519,36.80588218780394,44.46036542135954,34.22391386646231,31.19316096891028,30.80991558771256,23.37939010989259,23.13701664085052,22.96746882955198,33.10145583134542,28.68048572129937,30.86548659932675,33.44267881330772,32.50012643805523,30.75330887068167,38.49055194537185,32.54534701845311,28.81127374056265,33.81966008346065,36.94989231901498,35.59399398485591,35.22361367245739,37.00958331175757,35.38477413453447,30.25157456163752,41.83424798041803,30.58380551101409,29.383725004661,29.26356580919238,39.42894580253608,39.52391587181479,34.93463205784618,35.8135581625775,26.34845139108568,35.3999577868946,29.2559091955267,33.25908852645338,27.19042208641454,32.16181164644669,32.4441128300359,31.21171609549031,26.27091235684938,22.55796687728963,32.37746807443165,35.82510384363583,29.8519283860965,34.43060189570507,30.55588164993224,41.07598008742887,38.03889747992156,32.91146514836723,25.3385660282007,29.85254824588169,35.40616296626953,40.77487626426521,37.96879004913576,21.89869132994863,28.03619394070457,30.79535568452341,25.79105830854666,32.1063479948762,26.73466566235315,39.40416270833581,35.0333047337446,37.66617324491573,36.38633483193108,27.09605803817202,36.74864315249609,38.4705416646397,30.53520084261891,41.11488939421666,35.57564734382781,30.63763069096674,35.64231732829314,43.00225151330559,34.00445463254038,27.38543298873332,32.62410860017771,36.68624641423144,37.34770007366043,36.14335920053439,25.46810303170309,30.48287892591785,38.37758599377717,29.06788568089321,32.37740586594251,38.68586862034362,26.05432168939359,24.99804257999756,32.59243854463868,36.06099028017128,34.97203955314843,35.19190729573335,31.3041745957758,43.17409722214184,30.76090482212485,32.13883331042749,26.42349246886328
98,30.59273618667442,38.07014388879519,0,38.3998700066106,28.42457489527498,28.08144387941043,32.85874753953872,36.03515507936113,31.81074993749988,33.54246054405369,26.77349587952551,31.90805386154694,35.68101931538438,37.12408435363043,26.17080048034918,35.95350684968277,21.30055699792588,27.14358797403484,27.16551975705055,40.29762579497506,36.18939164893503,20.8738254409685,27.85634637127905,43.18808798952248,32.52974678872532,28.66378985080126,25.06131710793862,19.95198835408703,27.00248130612234,41.73722743459963,27.91086741987926,34.09906815675499,35.4250216506667,28.26773514119635,29.09650090216904,37.59192136522409,28.59840233069805,35.59356559215922,35.32409555715711,34.0506126335084,35.51358341466501,37.46952298755703,38.10731043872844,36.77264585640532,34.09422112273875,32.48667843892716,32.29263781742329,23.50030817863346,30.42364400585786,40.04347236898998,29.90322168629264,23.6155760647065,31.9925568507611,39.71411451495988,38.892836215161,30.17190699126179,28.53060893330082,26.78591422065729,39.90676500470799,25.40314124374216,23.10820965031326,32.31186943754898,29.20026681615659,34.80323987693593,23.88789604754137,31.11341961856554,30.3758072787523,27.23748007637671,33.96941975005565,27.23814973715334,33.20614526580702,36.41448604326365,27.05357939801471,36.85062956113098,32.01644391222494,35.46516643050417,25.58665872554156,36.93626640202471,32.33889179631822,37.02893211314861,30.81633592060182,33.06289213911904,37.38901420110037,33.40140072915457,31.89014413498035,29.70100526950811,33.35275394351649,30.50642136762262,32.51923081941539,26.61653549720076,34.96973598208583,35.08529763699188,27.44863557036767,28.94430006764823,22.54575464132517,30.07962115470368,34.03557601717556,28.58406977822789,27.90610343297726,29.17009212655599
27,41.0515129853927,36.80588218780394,38.3998700066106,0,27.36522165570386,26.11298734339275,27.29407536362847,35.96162770877597,39.21690148517035,27.55917253082115,39.63323002069291,31.71681362310472,23.49299374364313,31.65278281060301,29.30108078584613,28.92977957791289,37.30468642627827,34.05899580787901,36.02116329647216,32.59248704601246,25.01401289637989,31.97866422578388,34.05385535448335,28.09074638207638,26.69818352621288,28.82552739557709,38.36834921594606,35.79420814552775,36.1981453824804,25.34647586375711,30.58601392166491,21.33634534366503,34.10756646625584,22.72228480844016,36.56930350018104,26.16076200937634,24.78254945219289,29.15353787810094,25.91741382181339,30.50146498534534,36.66523902834369,22.64333104443025,32.37323935761125,33.27983372589416,36.82316110932892,29.79861702866065,25.30639811626233,39.22522055116909,36.202147182212,27.92931790710614,24.68360240072525,37.18263401122289,31.41883309780507,23.4529737809107,25.34104515407376,29.29431948340616,34.14709038954064,29.60181364813405,32.75634496318548,33.57983707036956,36.03485659032599,33.16883333593837,37.99953646411411,36.51156986145413,37.0558017075707,27.02290236316201,35.38757385849195,35.10529462000282,30.06614344431413,38.33718772922618,27.69086469226876,38.83122672069256,31.41472889464933,32.35725394726963,33.94723817130567,26.58514738856092,29.87995054489317,33.16073986978883,41.4778177898502,29.30752373675672,37.54890164756767,28.36170700120514,27.74168838758628,33.43762466461715,36.89238947310004,29.59746380314539,30.30216920623544,26.55320754971354,32.71348605615127,37.70834367305472,30.39703072557053,32.58138859280346,39.51398196563114,27.09461722517319,37.53102438981148,29.9421827478441,23.79916299383195,32.51100619339758,41.96261369435514,37.22174039494607
39,38.05634881525307,44.46036542135954,28.42457489527498,27.36522165570386,0,27.75306684857621,25.94065365318042,30.54030349759513,37.29023160222725,36.27168650456471,38.28894307768487,30.94505503197169,38.05167186841906,29.57453582770041,25.89667810557385,30.79840446482559,37.18874369237918,31.41085285608402,24.5200374853932,39.48237184771554,27.08387332775292,34.22463368896288,33.55605342886113,33.9108614497961,29.91495797018722,35.02786974526158,32.47788378134204,28.98807114204761,34.75723766687834,33.75930113631503,39.813700717689,33.4745343287711,29.51349675024309,32.75367827876461,26.62434514403353,30.72230814184962,26.69313614646339,32.51259460514797,30.50761678557552,35.24732607593377,33.73726933789144,27.75281303061515,37.95019222281739,37.37352238412389,40.31490355224786,37.2566462776477,28.77035668703725,34.63941068233799,32.08924378357989,37.20249422322907,20.36783232752657,26.21105252201136,36.67625489224147,39.679684910086,34.89282974335291,19.64165075539088,27.97132304207314,29.35873858878573,36.65304144610794,33.92589306026528,29.88336847089661,36.20215406218166,37.69457193490651,34.24068277408074,27.08384167095177,26.98092967819037,26.30297126455141,32.10505337766499,40.30694551957691,36.35971558078159,30.39488051053392,38.29914195624178,27.39180869631445,33.12273402826249,26.63061365496025,29.70430682484806,21.32855512619758,28.76252455147082,35.47435657844275,35.81930343748145,28.68763784897042,31.39283297522238,30.51119537671298,42.28056563019714,38.56786364819268,27.49248434422945,40.83492776689484,31.35494337268839,33.85417180502458,37.29479303250761,37.9674108936602,42.06880212545268,38.21109921597878,33.18848576930242,29.98038056720012,30.66941200845247,22.72111567760672,34.13337323423512,38.5426482377455,40.08772404425613
21,34.41626870411064,34.22391386646231,28.08144387941043,26.11298734339275,27.75306684857621,0,31.57141396453081,36.86270608295392,35.18703415130455,26.96349214266984,35.28918706369862,26.58756856528368,26.81287245156095,32.26472480909487,21.12051460554326,36.8076170378518,29.38466682749549,33.55988060982695,27.36637591450513,40.32255579477082,34.03690148548157,31.58527459178366,33.65892550232181,34.3425765053579,37.73864899163413,31.49199216921191,23.42466359059849,27.75652784227193,30.89187296173244,39.93704810099,31.61317083824569,33.71247510211312,40.05323324670547,20.58228808428815,37.03222847056646,25.22313286529523,25.2340491317495,30.51264100563458,27.89904181364478,26.95188953246913,36.89666333891471,21.36569407113466,33.10409310486776,28.88717142265993,28.42038430883179,35.65719558750083,31.22988553809994,32.30738576002693,22.32957654641309,34.80207097470456,27.08342305600242,27.51857396726171,31.42628917718382,29.8488255669128,36.62179616077873,32.29617126138159,40.66972070909043,26.7451568965339,31.89205150323781,25.91557258356296,29.59952025557393,29.44554080570177,43.28856950908212,34.46615434979711,26.94166278484809,33.31287601132605,28.78591277557609,30.18627874117138,25.98488419316239,40.59416277917508,31.28932945831898,36.94278369237514,33.03871664509433,35.82191780273315,29.85596516637146,34.27593604951382,31.90974274103655,30.17093645015275,41.83842477022002,40.17664008336209,38.44490431955022,29.60557630729663,33.55794958829375,37.28290486190885,34.56820436940032,35.13091759005206,29.03338307811445,31.25207864537458,30.0758211094498,31.55192863112276,34.2111617968574,36.43326564330101,34.7512628006972,26.62269239352054,37.2863210840406,25.5252657922314,24.14188502568848,35.17846765983874,37.80840413106623,33.04244294247085
80,38.19043623953896,31.19316096891028,32.85874753953872,27.29407536362847,25.94065365318042,31.57141396453081,0,28.287986086616,34.34272572079906,29.29785656936775,27.59888653151426,29.60232832930197,33.86319410061722,27.73852833511397,22.5348946594328,27.50067693501553,31.05893944863091,31.23795519364999,27.08387182780945,35.81181730817691,23.7623436726097,37.56645655469525,39.36551869156521,35.82521372796939,28.59647392241767,29.56817890180955,31.22322814044859,40.85935069721855,33.01418974724962,25.68153662012863,28.94482725560644,36.70435277554605,32.57202343575612,33.16983854302128,29.72111431323911,28.46473581594135,23.8606255111628,24.89987641307028,37.83929289871715,25.35975148336776,35.460716332366,24.46684176514838,36.21778599041073,35.02303156992537,39.08472816626523,35.98041642264142,30.41062039149838,33.10384627255226,36.07325600705936,29.72653759686204,25.02787834013679,32.73437977352664,40.84460715725905,34.11835762441816,21.4448124924857,19.63477735853027,31.2000432870563,29.87150529511194,25.37266415114506,26.56474542738657,26.79506482934067,28.42722759200976,32.43606348762446,21.23053382847041,38.89800241618503,27.08447881344717,33.07748425288144,33.99823726266427,36.10161120147061,35.37623264573898,29.41190679559558,33.00118073599224,35.61538031552139,36.86918172285262,27.21298611515805,30.40004810191703,30.22097514872644,37.47957167492136,30.77865445756989,34.07145609899801,30.58400738096445,31.77012195483415,36.11964582690064,34.08850117004496,41.5409895944811,29.71108003796218,33.48424154300762,28.37783534913455,37.45094958477554,35.49604596021909,31.30209194842062,40.16688374154607,43.34319435255482,30.55632627641524,25.03864278066157,34.76953165931511,37.57637567165889,22.98229984479145,30.55978236870051,35.73865943005588
78,29.90735047082091,30.80991558771256,36.03515507936113,35.96162770877597,30.54030349759513,36.86270608295392,28.287986086616,0,19.92555015309105,33.82347366887409,29.75550423212686,29.16713150237629,32.01821849126838,22.58844499294956,26.16345901374693,30.89251197248343,31.07578761057544,29.05536145262935,28.62223142538653,32.46882822244162,24.88057816511098,39.80724188338028,37.97842495762275,24.04657837332932,29.06358844567146,36.88713212586003,32.56535526291606,38.77395051535515,39.72698516054977,25.59856604349727,41.27829320071798,39.4412567776914,32.0996470026638,41.00417166655384,21.10526728368504,25.98440062194194,34.65264265379661,24.08224355491135,31.5467618745383,28.97217482979037,30.89545972160695,34.82860329207036,25.91250024713074,25.30087977363932,34.08284235502548,34.16749631362594,37.29255649958429,27.69651753719898,27.57997360951489,31.40757889095704,30.32045075935171,35.67995900792627,34.36775203257059,38.79545736925889,30.0876646964897,30.92746236473815,33.02006942449492,36.85953830543782,27.98946359921171,36.84298907455033,30.64409280023775,34.16709854976578,33.50636822090597,28.45398784404104,28.3192257057969,39.08660987771972,27.71559258278858,34.63659700997903,41.83811795293886,29.34714458484942,32.680847666729,23.35301423988382,27.17782660779491,23.75409927140256,28.25713961322018,33.25969190576503,32.48255800875891,31.14092011547933,24.66973403186723,27.00694834440581,20.70299424295614,38.8652692856493,29.32928491323015,35.38997326249082,28.59412789236893,29.81809383525809,33.94959308081637,33.15630937718206,36.36137713543065,34.54525826616452,27.09656457785643,37.47472566267059,32.06813984841612,31.46366015619628,26.81634933952501,37.9955919244421,32.11838248287295,36.82522512707816,30.77311595577365,35.52781912383626
67,27.09624008058832,23.37939010989259,31.81074993749988,39.21690148517035,37.29023160222725,35.18703415130455,34.34272572079906,19.92555015309105,0,25.54227879794178,26.30282022710674,25.12182926596684,28.83297130756891,27.42014577507435,27.95092517818053,34.34946141147498,29.39737555635864,34.57448653686365,29.61534028349621,34.81594548033227,31.26470050334523,33.37096007473696,33.012307042288,34.48131801732916,29.36757456983153,34.45633807481272,32.8688790415037,34.82471351483085,31.47896107406161,28.5401661385236,38.07116937663191,40.43600452206724,39.01608655879689,39.41750861918749,22.5621270370878,25.97165673832117,36.83073343298725,30.60466487832853,28.59286449073836,32.92151815542812,30.27925991036393,39.34383277899977,33.04828978094009,26.06532274834868,27.36831189242146,28.83609771345213,36.23120989854967,22.46673190888504,29.14334503637399,36.30184022474803,37.48417118191955,37.83598224053161,27.32590531829796,36.30661751285925,38.0259707888986,35.2740405259775,36.42346988942899,36.74013570003685,33.66529243081467,31.75724418761352,27.60798608044831,32.90299988786245,31.82197839017708,30.57325964057264,24.79895641200534,37.13620031558386,35.78929889677851,37.98303184860872,36.92101358896649,31.90652282188493,40.59819305532081,29.62098728650593,30.08883091954175,28.72128400044343,29.76030298181985,34.78913365277936,39.37911055190437,30.39160277271913,24.78110471890411,31.00927821497029,29.7387137231933,43.19941337071194,30.82051673096839,29.49659297319533,25.34662594922294,30.95116268293915,35.16132263070432,31.68494091854149,39.07328220361208,25.86672370378638,20.10502345847251,36.71664583460586,26.94142520372115,32.46899697770426,27.63632291450077,33.10288983239335,36.94341807434272,37.48953940730082,33.82999597753683,32.51599394145161
60,38.240992960181,23.13701664085052,33.54246054405369,27.55917253082115,36.27168650456471,26.96349214266984,29.29785656936775,33.82347366887409,25.54227879794178,0,33.1637219833816,26.18104152767359,21.53843487150329,31.84207834570961,26.76596189077746,34.23613189398154,32.50545401961678,40.71955677419891,34.90114171278515,34.0028373147213,29.54028416136574,30.27354802487395,28.47310807410991,36.35620694598875,25.01717110987759,33.09179346612393,32.64532457913246,37.93420584018217,31.7023476971431,28.86005802284917,26.24046994011746,36.38729952692809,43.86888783448563,27.60373944758222,34.13605383178771,25.54370039358859,28.73386323186826,25.87853650406526,24.07643055873884,30.71988092177425,38.46421518792425,32.9292447435251,38.4106766573024,28.84307527639297,29.0161958392029,30.21409985663407,35.75868114505074,31.89577880810186,37.21347048997411,38.58705612900326,38.93480024625426,39.47360862414489,30.91855812371809,23.64118601539023,32.01709885556808,30.46018675913731,39.91161993261792,33.50552689066671,32.14598232419397,25.21449854232879,21.44894896539321,27.74254454013912,36.05745735254459,35.69437796883177,32.23369286270401,29.00418998002062,41.3929000340674,34.92297135345297,32.89412111385929,37.46944217943911,39.63418966635599,36.71277132237692,34.03192817742759,40.53376318450131,29.67595635402599,27.44808258319996,37.93196737743811,34.47554294962324,34.22782305022807,33.78934435309073,34.96208252718779,35.55850771064312,33.29036543440451,26.8194038798153,33.11373358051509,34.87261733229153,34.22527931271505,27.76994166469953,41.8154156541336,22.77391996411967,27.03670936786587,37.30989321968548,35.81370204855387,25.25267190651762,34.72957991908919,28.19148592681826,34.96885025030692,34.85229736235308,39.3864589614692,30.95296872007464
26,20.89963232039332,22.96746882955198,26.77349587952551,39.63323002069291,38.28894307768487,35.28918706369862,27.59888653151426,29.75550423212686,26.30282022710674,33.1637219833816,0,36.20068162671496,36.79626125399695,31.48889718427228,29.54743406065709,25.07111540160052,24.29319042762279,23.9963458293374,22.78797293157546,35.78712576818496,37.61091229301871,29.35687985240152,37.07061153010965,40.69311348665049,37.00407884550969,31.70601198179065,29.94326005611788,36.5702838026201,26.3680481578178,32.54949881707076,28.71731183420765,37.30932530654317,33.38507652850451,35.13459420705388,29.57051908699976,32.7175007285655,35.99155464725615,31.08164534949252,39.07045096420744,25.61975125424552,33.74538364710322,34.81201229308643,30.9516201489049,36.22114544983975,32.96936161754873,34.96157201916341,30.54081649304511,27.5066393995064,30.05421684596945,31.99187458854959,32.87713669717739,27.83612115684306,31.55813811508873,35.33976850683145,31.37671017398028,32.14940167885389,34.64670870252756,30.92216191329596,26.38313797239778,31.15495640113132,29.62981233387493,24.939368036314,22.3279590788343,24.33997943321736,37.6114964854987,33.21207187123693,32.92692166425277,35.87504870168377,29.27429499060862,32.2595441384126,36.03529967578891,33.2123769076018,33.57493532043184,31.34022993268104,35.21902356543106,41.36338233797363,33.63897819519342,35.89846547137207,24.60292725460137,30.85425563262361,33.2876534615516,35.22052353753394,39.24538290546428,31.79477069395253,29.81078908743036,27.9847814807874,27.179058025946,27.66632525333752,37.14197196731594,25.09001938627575,25.33889455750756,30.98256295563255,34.25873854317237,33.44573768580259,26.65886746643787,33.85170920464709,43.52781537758404,23.94342670019135,22.31909567408687,26.99867816076928
81,39.48019159672685,33.10145583134542,31.90805386154694,31.71681362310472,30.94505503197169,26.58756856528368,29.60232832930197,29.16713150237629,25.12182926596684,26.18104152767359,36.20068162671496,0,24.40974807768698,25.6240290756323,20.82211079211148,42.3822771388384,30.20533224001257,38.46281935695058,33.79015612337428,41.58872181195198,28.50500084682378,36.16745900065519,36.95546951678168,36.6432932074794,29.35095771103822,23.72148655065612,31.19278347309898,32.91103579108724,29.31903251068316,31.2630751765275,36.45556484701315,39.22119897920702,39.71185286363127,36.87474545747636,31.92980107155442,28.58635625085699,23.18620872613016,32.62261329193596,34.32880183040819,36.60184331810621,32.99681713779057,30.60334819742001,37.84710703811591,28.85760470584601,30.87183781736011,30.02080087738537,34.55728262800956,28.62292598682117,28.41511953039478,32.73949605400574,28.26850410001264,38.94463953954656,31.94774234890723,36.34058378654402,39.31615751040809,36.04175171195605,36.78865061272058,27.89075528056537,38.49947623789511,23.9588918237136,30.83974558021913,33.90645827665415,40.8777667791583,26.98777136110768,23.60329052438317,35.21463488594709,37.77661834283921,39.59793435180704,35.4704777732536,36.81545513820198,36.94217436731783,29.84865521924737,34.38019660299215,34.79582765050289,28.97207055225934,29.0240942716463,41.38705505191801,34.49946245439162,36.79642095105235,41.95693159462886,37.16603412462445,41.24071294447965,26.76383100941305,29.34791115620504,40.34686026785973,31.17947137051341,35.47583908195314,37.77204814366548,32.12922917094027,38.45634766027421,24.97230284675747,40.31742827453463,31.14504615813623,30.65044512873786,25.98141447598799,36.11685751162368,31.70319218935127,38.39032598689857,36.23848797687963,42.49091962757432
41,38.5762575883961,28.68048572129937,35.68101931538438,23.49299374364313,38.05167186841906,26.81287245156095,33.86319410061722,32.01821849126838,28.83297130756891,21.53843487150329,36.79626125399695,24.40974807768698,0,33.40255050913661,25.86225743307485,38.82347562621456,26.24842277214473,34.76453358763101,40.94570397386857,32.40281484343551,26.26117645037465,31.32203110164208,33.28164534014095,27.99936506314329,25.77468356612202,24.72469050215675,34.14583084871503,34.27811196722282,37.43813723192391,30.12788111541499,27.2830814481986,27.96443597145874,41.36677015710563,24.8528698852224,35.83462590940718,26.59307829172802,26.58177284884568,27.83833332571285,26.58103497238714,28.95904519283535,36.74042650194804,32.42197504511587,28.79584842831862,21.47147768006271,28.55693841523673,22.60395085764275,34.81693622957567,29.76378411418815,31.899387692629,28.9067113755377,32.55552956381223,42.44188530921507,28.50649032998007,25.43599699781309,30.00365560441436,39.01187309614365,37.61224049803136,32.76261717186095,35.23507634225932,28.36178879697077,32.98266479952157,34.0019653169557,38.55046558669939,36.59658586191351,30.3488587014936,37.76436560968779,37.49133999591938,33.05014367721747,29.84544600167373,31.40575441084974,29.85096212451848,30.51291740707816,30.65581520661817,32.03666946926455,34.64694250542153,28.27292584644714,37.36081643790211,38.293926950092,40.05184885883648,30.4586129809069,36.25103955616665,35.92634156940396,28.83839703219215,23.32698527373116,30.38441400792074,34.61197534655383,22.91026342633046,30.43667759117776,31.52676292948239,34.41257198846699,23.92665238187271,29.71704674329596,29.44565518863161,20.46890675178991,33.46340115756972,33.45518375417603,28.30321840388759,35.91397975643855,37.54836761214832,32.28094395459241
44,31.3705832088886,30.86548659932675,37.12408435363043,31.65278281060301,29.57453582770041,32.26472480909487,27.73852833511397,22.58844499294956,27.42014577507435,31.84207834570961,31.48889718427228,25.6240290756323,33.40255050913661,0,29.55460215276558,30.40629469088493,37.28953159014544,35.16019237017766,26.76697352219418,34.06894464605763,33.01896626726293,36.65352955493763,34.05341486891789,27.63424962044337,32.64593738511069,34.84763875979905,30.42247779473894,39.30419187502788,30.45150825329238,23.37021023958108,39.07373349191519,38.67615809170457,27.45160761019186,41.21770548529068,34.77989270200663,31.35854508869445,26.96632381282748,23.01575407490073,33.66523395413197,36.23660430400135,32.5900197219729,25.21131231563763,27.65680378528944,33.43272531720878,31.0717256549065,39.64534644996578,34.99821686328496,38.36059464180548,26.71506378465976,30.17521825669754,27.90702087804202,29.84917745708976,27.77276893692659,30.05018543629291,32.43483889468556,31.39367862644366,36.69828736420322,23.83186239216398,25.76645220383607,35.8890845219267,31.38612301598963,21.34891897279091,33.30676731261653,25.52970472541117,30.34953851208073,30.81944896916139,33.16742509150577,39.33711634500004,36.8478345991667,36.6331415385022,38.0628875823402,23.72977342801393,30.72562081383784,30.1730907278402,30.21827883225922,28.83638693892766,36.13304106549559,24.52352470058446,26.07080344359482,35.03008220128635,29.0700977024489,30.45782852731227,19.21742550470053,32.69225976066493,36.48356638900165,24.12093369916947,34.89486254367868,39.57674347614144,32.7708854025841,35.2586145116156,28.00747019505992,32.69366105791457,30.98259403590804,33.07615107081016,31.733505396363,38.63459415440767,30.42441377601772,39.59177388141986,28.76177541556635,42.26478230907014
43,36.96020582088065,33.44267881330772,26.17080048034918,29.30108078584613,25.89667810557385,21.12051460554326,22.5348946594328,26.16345901374693,27.95092517818053,26.76596189077746,29.54743406065709,20.82211079211148,25.86225743307485,29.55460215276558,0,34.98746340348618,21.96999817674469,26.18216594242417,27.13836359055016,42.83360636767608,28.2733524311087,33.37773094028731,39.35817026371218,35.08928300268047,29.36203917058048,27.12689505869578,28.1590796824188,33.7580551298805,34.84184879798694,34.18105093289236,31.98074096217758,37.63959137535667,40.79184053578227,29.03314712648816,27.18230970116763,25.03609473871162,26.19294898768191,24.78123228811064,33.37150504596369,22.13046453450036,38.98104905987257,29.25168779722415,33.38350294208882,29.20694962580141,36.54863948244257,33.86442482374547,33.87718883501012,26.71521084889937,23.47425099573352,34.41811913248806,23.18401932509483,33.21032599718758,34.99474666750382,37.75937621755057,32.83328644356478,30.7950674810421,37.57371596690324,27.51003241281328,32.77805115412988,26.79733150641563,25.3852892250562,31.67274519888407,39.44302873873184,29.37206835732544,26.36156408970633,36.88458992713765,31.25680535792789,33.40843382597285,35.68884080622075,35.13394167313368,30.78145628339423,32.76511388634064,27.10315243303809,33.14692102489466,31.37620843078773,35.53787222609525,30.24993767694355,37.44551729288619,37.89779040804654,36.50618269125509,32.01862675535607,36.57056997763898,35.89784757008604,36.29736779726645,35.43836768140266,29.04293239211037,28.39465646406216,27.37361161890173,35.57138400673892,32.96500042938366,27.49552326885839,40.07421118574792,35.63787655432803,20.36629247279985,26.19523969753682,34.58021610820069,30.23081550947048,32.84990993253153,32.71666352749731,35.2940066145169
72,27.73930360514582,32.50012643805523,35.95350684968277,28.92977957791289,30.79840446482559,36.8076170378518,27.50067693501553,30.89251197248343,34.34946141147498,34.23613189398154,25.07111540160052,42.3822771388384,38.82347562621456,30.40629469088493,34.98746340348618,0,38.66465363206454,26.59046794281945,23.75032068763748,31.3526959684528,34.18258225036046,30.09231218000531,34.56925895042079,33.94637952226456,32.80790882817123,38.86547767792072,39.18717811317735,39.38579990423592,33.31786488141554,24.32438422951122,34.91518934927988,29.8249637619303,28.31604914410861,33.12015048092105,29.58621802151376,29.63391569697871,38.04226913984056,29.51342984018017,30.4382395215323,28.69720858230625,35.29956877495988,31.43538549818765,31.04690963006059,40.26275221447214,39.35813622103769,37.04392286670683,24.93943234945253,38.5231353335789,36.38387542831635,33.38815893971952,30.89763810172226,28.77325412026223,30.50058997571961,30.60168442189127,26.35098892406862,24.30689362435778,33.1439240070852,33.53402461657528,25.67701297130399,40.80880596230915,33.95690838284573,28.46523011359418,24.54188966585361,34.06021191913619,41.17838556676056,25.59636790858623,32.82928708458839,37.56174626813004,33.55529831224207,37.50028394294508,35.51433750347317,40.7088444365753,29.54148529576939,28.60285304762024,36.08349281945915,37.69293633886301,25.61031757284534,28.90978332865436,28.60908719935212,20.98429152124562,31.83590396089686,29.84813930210273,35.0126734409459,38.87390606777176,29.50917855112064,23.91295784616191,33.99230835044107,21.59681721024841,40.7087571543298,27.71852525910301,29.89086487578115,31.82709094464519,40.55451377782246,34.79208396847483,36.45914974234216,30.51555838921756,36.18812070540863,28.55114923022643,35.68539213443604,31.7280405305398
73,31.39529128976721,30.75330887068167,21.30055699792588,37.30468642627827,37.18874369237918,29.38466682749549,31.05893944863091,31.07578761057544,29.39737555635864,32.50545401961678,24.29319042762279,30.20533224001257,26.24842277214473,37.28953159014544,21.96999817674469,38.66465363206454,0,23.2104222323901,34.06534807801802,37.43746992275996,32.24850032095538,29.46616351734529,36.46122549257539,37.17984581614502,33.13385192706448,24.07224950888621,24.91776898181497,29.86508498757922,35.08457156502708,39.67513159070084,23.85431587334154,34.12907763196108,38.83446224252227,27.54355928600425,31.42981125777129,34.08482784950479,28.79779792386219,30.487663305387,38.10199259625406,24.03507223499173,36.81058689834174,36.55657325579865,29.39824381766179,27.32640771072507,31.99060818136235,28.93029703855098,36.32306042134768,19.43183700169483,27.3803870055122,31.81013519516653,30.10717392215544,33.33892252019812,34.9642874992672,37.72547391081822,31.75013680855853,37.13119935503995,33.14601029185272,31.20073521745266,34.727295309315,24.54640095348186,28.33928321419734,33.07776571944933,32.457313893273,31.18547514943622,29.77858718576475,40.53209864846365,30.17440646430142,26.43771838633765,31.5959065663482,23.28748921645473,26.19216382298969,28.05179280029847,30.00220530129328,33.2534013657768,34.63647998558709,37.35459268289812,31.37196550698719,43.10166995282943,34.97321107401093,33.75647726031995,31.58723399850766,35.62994558369731,39.03418300270115,28.19959367393716,29.96166575303373,34.35771278043514,19.7390068643428,30.5412825189601,30.05187412017231,31.83480433731162,29.8315779777566,31.43181981739225,28.28323285530055,22.95033776479879,22.37110756007509,35.87970694340752,36.61004884042057,27.12924372388898,23.24467476799321,25.49831721895666
63,28.44667194163264,38.49055194537185,27.14358797403484,34.05899580787901,31.41085285608402,33.55988060982695,31.23795519364999,29.05536145262935,34.57448653686365,40.71955677419891,23.9963458293374,38.46281935695058,34.76453358763101,35.16019237017766,26.18216594242417,26.59046794281945,23.2104222323901,0,28.08355963587117,39.35031006383924,35.34843367160835,28.67933228851967,40.38371410606735,34.69540386692102,34.99042489970918,30.16897224120125,34.98892698780387,32.28982032201696,37.68357224559247,35.88471764371156,33.81471298812787,29.30153493244216,31.94736999490928,30.91213425395378,28.3329427812685,34.02882849683956,35.85330309243349,31.50377690652131,37.75277353958967,24.07366617949074,38.11972935937676,35.53502304465172,24.98302217466093,36.76023467815073,41.00674059559823,34.44262614282612,29.62654308281726,30.46890419333526,25.76663178839774,30.78881776191083,21.72355471923442,28.81605470196401,31.94292113675743,40.4064641689513,31.03288889439079,35.17846885369564,32.29319833631082,30.04882785167195,33.90185009564897,38.8471179104484,36.34956318904548,34.62545112199857,29.82765082696319,34.27071909780691,34.51873930853999,39.22102025469751,26.7594152861402,33.53667543305144,34.24404959523734,29.31779888829359,26.54094494199944,35.31944827854289,22.43255666232552,23.11441120393258,40.63632386569001,42.84572867230757,22.3765442480773,39.01129460414518,36.1867708645762,26.4101364049201,31.67418602710458,33.86062161757005,38.1769721690132,39.00117601028879,28.18026537854973,24.20329181610016,22.53154956303777,25.42262074255086,32.4921142647091,34.98436334916651,29.58868513793433,29.85266905616861,33.3297790157327,27.19437147073894,28.69625250133356,37.60833598412048,33.45699562675576,29.15937513985121,27.85127365017495,31.74311651830832
52,22.33882582213826,32.54534701845311,27.16551975705055,36.02116329647216,24.5200374853932,27.36637591450513,27.08387182780945,28.62223142538653,29.61534028349621,34.90114171278515,22.78797293157546,33.79015612337428,40.94570397386857,26.76697352219418,27.13836359055016,23.75032068763748,34.06534807801802,28.08355963587117,0,39.07997004531642,35.99809698141119,33.44373843004049,35.89408118635418,37.73605102199418,39.42864383024835,37.76127115716574,27.32494600288498,31.76566837682931,25.71378085371866,34.52660269910906,38.9495034009492,38.88895584429535,30.68152828903713,35.09771732415881,26.19939704267476,26.57913731130369,34.85770928769712,32.46655752295878,32.91956907524967,28.70114422124146,30.3905067821668,26.86306936002298,33.95973229309447,36.5375463071138,33.30017948735019,39.71861843660069,26.82102349275793,31.12375840268125,24.26185078055525,35.60076636213932,27.29045871054478,18.06649333816937,32.35168892345864,37.58607933791815,36.64967266848772,23.78313441393722,35.21168734190193,30.11247944970056,26.54084334128818,33.14178779766193,29.39578334899793,27.81914555555133,33.00958656591534,26.15566566791593,31.14131767681118,28.80470909641619,24.80089888046225,35.37616515950323,32.06639368367161,39.86135323648791,36.41095772805672,37.39273876194413,32.50396801023676,29.96663821535217,27.75408871893261,39.50666465295181,29.05587336833059,22.6749452436951,28.10287588444986,35.6993922143619,32.48366961307701,33.23108042401477,35.42207626940446,41.73247221209287,32.51015119871068,27.76244479250597,36.57209148307119,29.03922529483593,36.02398761647274,27.71498716349969,32.2079176712847,38.78975289095135,37.35950233173856,37.17986994493032,32.17994255421497,26.96939690917886,34.32890525063399,30.65071760258571,32.53234213159802,33.38164307235817
55,30.00560814343449,28.81127374056265,40.29762579497506,32.59248704601246,39.48237184771554,40.32255579477082,35.81181730817691,32.46882822244162,34.81594548033227,34.0028373147213,35.78712576818496,41.58872181195198,32.40281484343551,34.06894464605763,42.83360636767608,31.3526959684528,37.43746992275996,39.35031006383924,39.07997004531642,0,26.74511541052282,36.56308806924136,25.73005869537138,23.91423675491119,32.64997222937962,38.77341644205612,33.37728792355306,37.01613683246293,38.16729792109575,28.4893534605874,31.88036951186833,27.64887417309437,25.8467519286129,33.53915192680421,36.71268840765693,33.66588508838492,32.94872099475864,32.31939678999763,28.42165885659265,35.93776944091562,25.95264534829839,33.72616002932503,27.46244192055957,26.9809809789899,25.56799493995982,29.28014778797208,34.7223605071601,34.1986123559497,41.63757152977518,27.94997510615612,39.63374753262745,36.32471712245849,34.73680978587046,23.68115218779763,22.89803921620738,30.67004912276594,27.16138291088419,41.0187023023372,27.32618168457005,34.63798185440983,35.33552203709159,33.56900944125454,27.40596865186894,35.74420636696728,39.36107697000458,30.62046764750634,30.95226079677821,26.12986016605513,32.87873992749345,26.2374491434749,28.73613029296984,28.50498882314365,37.95369497506814,32.59828082334533,27.39184663682742,23.76473807019507,34.00448833520756,31.45980260599448,24.90649002159928,22.5974132726306,27.98106398311782,28.34578978685171,28.34469624896587,25.17229182555178,27.9003109735525,39.6237156991504,33.69234741326851,35.65556226404211,31.34135166584135,33.43370287363,36.38696148163464,26.07804920304005,32.92289280695937,38.06477194788852,36.17300361147218,30.11125647739023,34.57645591752012,30.48047240773749,34.22179468475429,25.69734507586582
92,38.96702360317406,33.81966008346065,36.18939164893503,25.01401289637989,27.08387332775292,34.03690148548157,23.7623436726097,24.88057816511098,31.26470050334523,29.54028416136574,37.61091229301871,28.50500084682378,26.26117645037465,33.01896626726293,28.2733524311087,34.18258225036046,32.24850032095538,35.34843367160835,35.99809698141119,26.74511541052282,0,39.15830196286465,34.68803424946277,26.05227862034928,22.35604075654505,30.09272832254685,34.23514153807203,34.79536372091723,39.13466548298959,25.05075485358733,33.8460803782403,30.12692607516781,32.29727995673789,31.3794769461142,24.27055588260416,23.75130472246245,26.31948062577416,30.58082885919409,28.27728010182091,29.88493713280607,27.05377082720647,30.54415201106701,34.05031460366441,23.08208921597216,33.9812268200917,23.30174969363276,30.88750589328487,26.15133681875187,38.17477912864981,27.25794836919057,29.00073914368277,39.91881645247972,39.63789248430132,34.14616557703484,23.46180607797764,24.2480446715294,23.97009493689557,39.23895061478785,32.62695609135318,27.19978919024283,31.4807814626294,39.69028184297645,35.60079940707938,30.00187187633635,32.84138629018118,31.6454282070173,29.61058254984651,28.34241721969056,37.42617685634288,28.24929158617649,22.4624176614793,30.59207103876231,34.21738410902139,30.83671972333631,21.1677056554559,21.86306881203219,31.09957530788608,35.27239753676567,32.2092437637829,27.66089330181709,27.43299291833346,36.62671234146529,30.22834227856408,30.17071240874472,35.03112315534346,35.97611304407376,35.21609475012045,28.74662379487005,32.61465601463627,38.43347687974723,31.5154445393833,39.16716206739121,37.94060417798975,32.08835785300801,26.22737511255206,30.07989862945252,29.67869612501073,27.72578731593403,38.31894532511561,32.49534429346249
70,31.70436163996467,36.94989231901498,20.8738254409685,31.97866422578388,34.22463368896288,31.58527459178366,37.56645655469525,39.80724188338028,33.37096007473696,30.27354802487395,29.35687985240152,36.16745900065519,31.32203110164208,36.65352955493763,33.37773094028731,30.09231218000531,29.46616351734529,28.67933228851967,33.44373843004049,36.56308806924136,39.15830196286465,0,22.50671182427439,41.29886096643123,28.40910091274198,28.52565669798718,35.65530145591345,24.86158914971423,26.77293458217842,35.6373069450859,25.21433340854063,24.46608758631871,35.05047862027264,25.5773370075363,34.85341269873543,38.72423409597023,31.67787641404577,35.00772766500555,30.15840093335546,37.27733402034022,38.63800667828576,38.83078531018262,35.66240097484346,40.36500158783526,34.96285974032018,29.56550881924528,28.86788726596413,33.34923866399312,35.18763160272633,39.01574274317179,32.85442922707517,29.58637067500975,19.81302590567608,30.53386465920617,37.24844069876426,34.7502105126626,31.50744710389752,24.42731685422554,40.92149143906317,33.72274862127161,29.48711711337008,29.45868535972962,23.99094045611638,41.06088560954953,30.13370507853027,27.19072125062847,38.33248886444296,34.05093545604707,30.32738101797391,29.80269398058729,37.32307123268627,40.3916248579613,22.89677415813032,34.75813863637881,39.92290174843931,34.32443875658009,27.60679931225961,35.53534647241474,34.77907450567889,29.7450297054092,35.32108302645995,30.28841039150973,32.50620141082072,29.19220681147808,27.84122077496222,23.30898615369529,30.66965362284246,27.3394674105934,34.94237116375541,23.97292391682489,29.6402873362265,24.87039030828386,25.27993175763593,26.58114816175269,31.50457094334914,30.62704432595992,32.67756861778751,32.47676634477541,33.23867996311738,30.8794327291955
