Head,Tail,Difference
0,0,0
0,1,2.84217e-14
0,2,0
0,3,0
0,4,0
0,5,0
0,6,0
0,7,0
0,8,0
0,9,0
0,10,0
0,11,0
0,12,0
0,13,0
0,14,3.55271e-15
0,15,0
0,16,0
0,17,0
0,18,0
0,19,0
0,20,0
0,21,0
0,22,0
0,23,-7.10543e-15
0,24,0
0,25,0
0,26,0
0,27,0
0,28,0
0,29,0
0,30,0
0,31,0
0,32,0
0,33,0
0,34,0
0,35,0
0,36,0
0,37,0
0,38,0
0,39,0
0,40,0
0,41,0
0,42,0
0,43,0
0,44,0
0,45,0
0,46,0
0,47,0
0,48,0
0,49,0
0,50,0
0,51,0
0,52,0
0,53,0
0,54,0
0,55,0
0,56,0
0,57,0
0,58,0
1,0,2.84217e-14
1,1,0
1,2,1.77636e-13
1,3,-1.27898e-13
1,4,-1.42109e-14
1,5,-3.48166e-13
1,6,79.0529
1,7,-4.26326e-14
1,8,-1.7053e-13
1,9,-1.84741e-13
1,10,9.9476e-14
1,11,5.29519
1,12,14.9457
1,13,-9.23706e-14
1,14,37.1556
1,15,1.13687e-13
1,16,9.166e-13
1,17,-25.026
1,18,-4.26326e-14
1,19,2.84217e-14
1,20,0
1,21,-7.10543e-15
1,22,4.40536e-13
1,23,-1.42109e-14
1,24,-7.81597e-14
1,25,-40.5179
1,26,-2.84217e-14
1,27,10.6132
1,28,16.5374
1,29,1.42109e-14
1,30,1.3074e-12
1,31,1.42109e-14
1,32,8.52651e-14
1,33,0
1,34,-2.84217e-14
1,35,-2.84217e-14
1,36,-4.9738e-14
1,37,-9.23706e-14
1,38,-2.84217e-14
1,39,4.01457e-13
1,40,-7.10543e-14
1,41,5.18696e-13
1,42,0
1,43,1.42109e-14
1,44,7.10543e-15
1,45,-1.42109e-14
1,46,1.91847e-13
1,47,1.56319e-13
1,48,-4.26326e-14
1,49,-2.84217e-14
1,50,0
1,51,-1.27898e-13
1,52,-1.56319e-13
1,53,2.84217e-14
1,54,51.426
1,55,-4.61853e-14
1,56,22.5559
1,57,27.3656
1,58,1.49214e-13
2,0,0
2,1,1.77636e-13
2,2,0
2,3,-2.84217e-14
2,4,-2.84217e-14
2,5,-4.76952e-13
2,6,56.7964
2,7,3.55271e-14
2,8,-1.42109e-14
2,9,-1.42109e-14
2,10,4.26326e-14
2,11,4.38944
2,12,11.3513
2,13,-1.42109e-13
2,14,24.7661
2,15,0
2,16,6.85674e-13
2,17,-16.4246
2,18,0
2,19,-3.55271e-14
2,20,0
2,21,1.63425e-13
2,22,2.71783e-13
2,23,0
2,24,-2.84217e-14
2,25,-26.6838
2,26,1.27898e-13
2,27,7.60682
2,28,11.3197
2,29,1.42109e-14
2,30,1.15108e-12
2,31,0
2,32,0
2,33,2.84217e-14
2,34,0
2,35,-1.49214e-13
2,36,1.13687e-13
2,37,-1.42109e-14
2,38,0
2,39,-2.02505e-13
2,40,-2.46914e-13
2,41,3.03757e-13
2,42,1.42109e-14
2,43,-1.42109e-14
2,44,2.84217e-14
2,45,-1.42109e-14
2,46,0
2,47,3.55271e-15
2,48,8.26006e-14
2,49,-1.42109e-14
2,50,0
2,51,0
2,52,-1.7053e-13
2,53,4.26326e-14
2,54,38.6461
2,55,2.91323e-13
2,56,15.9631
2,57,24.4341
2,58,7.10543e-15
3,0,0
3,1,-1.27898e-13
3,2,-2.84217e-14
3,3,0
3,4,-9.9476e-14
3,5,-5.25802e-13
3,6,82.8544
3,7,-1.42109e-13
3,8,0
3,9,-1.42109e-14
3,10,2.84217e-14
3,11,5.29162
3,12,15.3394
3,13,1.42109e-14
3,14,42.6296
3,15,-1.42109e-14
3,16,7.10543e-13
3,17,-29.644
3,18,0
3,19,-9.9476e-14
3,20,0
3,21,-1.84741e-13
3,22,2.41585e-13
3,23,0
3,24,2.30926e-14
3,25,-47.571
3,26,1.27898e-13
3,27,11.2624
3,28,18.3044
3,29,0
3,30,1.15108e-12
3,31,0
3,32,2.84217e-14
3,33,0
3,34,0
3,35,-1.98952e-13
3,36,8.52651e-14
3,37,8.88178e-15
3,38,0
3,39,1.91847e-13
3,40,-2.55795e-13
3,41,3.41061e-13
3,42,0
3,43,-7.10543e-14
3,44,-2.84217e-14
3,45,-2.84217e-14
3,46,0
3,47,-1.42109e-14
3,48,-1.98952e-13
3,49,-2.84217e-14
3,50,0
3,51,2.13163e-14
3,52,-2.55795e-13
3,53,-7.10543e-14
3,54,52.8552
3,55,-2.91323e-13
3,56,24.1569
3,57,27.1238
3,58,-1.42109e-14
4,0,0
4,1,-1.42109e-14
4,2,-2.84217e-14
4,3,-9.9476e-14
4,4,0
4,5,2.84217e-14
4,6,43.6171
4,7,3.19744e-14
4,8,-8.52651e-14
4,9,-9.9476e-14
4,10,8.52651e-14
4,11,5.01336
4,12,15.5182
4,13,-2.13163e-13
4,14,16.7696
4,15,1.42109e-14
4,16,-4.26326e-14
4,17,-10.0769
4,18,-9.9476e-14
4,19,1.06581e-14
4,20,0
4,21,-1.42109e-14
4,22,-1.42109e-14
4,23,-5.68434e-14
4,24,-9.9476e-14
4,25,-16.6471
4,26,-2.84217e-14
4,27,8.10443
4,28,9.18611
4,29,-6.39488e-14
4,30,1.56319e-13
4,31,-3.55271e-14
4,32,-1.62537e-13
4,33,-6.39488e-14
4,34,-7.10543e-14
4,35,7.10543e-15
4,36,-5.68434e-14
4,37,-9.9476e-14
4,38,-1.13687e-13
4,39,-1.27898e-13
4,40,-1.42109e-14
4,41,-4.26326e-14
4,42,-3.55271e-14
4,43,-2.66454e-14
4,44,-8.52651e-14
4,45,-7.81597e-14
4,46,-4.26326e-14
4,47,-3.55271e-14
4,48,-7.10543e-15
4,49,-7.10543e-14
4,50,-1.42109e-14
4,51,-8.52651e-14
4,52,-1.7053e-13
4,53,-2.84217e-14
4,54,42.7407
4,55,2.84217e-14
4,56,15.5914
4,57,17.2818
4,58,-4.9738e-14
5,0,0
5,1,-3.48166e-13
5,2,-4.76952e-13
5,3,-5.25802e-13
5,4,2.84217e-14
5,5,0
5,6,53.0045
5,7,-4.26326e-14
5,8,-5.40012e-13
5,9,-5.25802e-13
5,10,1.27898e-13
5,11,4.15553
5,12,10.641
5,13,-5.18696e-13
5,14,23.075
5,15,1.98952e-13
5,16,9.59233e-13
5,17,-15.31
5,18,-1.98952e-13
5,19,7.81597e-14
5,20,0
5,21,-3.48166e-13
5,22,7.95808e-13
5,23,-1.27898e-13
5,24,-5.11591e-13
5,25,-24.8692
5,26,-3.55271e-13
5,27,7.1016
5,28,10.5486
5,29,-5.68434e-14
5,30,1.69464e-12
5,31,-5.68434e-14
5,32,1.42109e-14
5,33,-1.42109e-13
5,34,-1.84741e-13
5,35,1.84741e-13
5,36,-3.83693e-13
5,37,-5.11591e-13
5,38,-2.27374e-13
5,39,-6.66134e-13
5,40,2.61124e-13
5,41,7.62945e-13
5,42,-1.13687e-13
5,43,2.13163e-14
5,44,-1.7053e-13
5,45,-1.27898e-13
5,46,-5.00933e-13
5,47,1.06581e-14
5,48,-1.79412e-13
5,49,-1.27898e-13
5,50,-5.68434e-14
5,51,-5.11591e-13
5,52,-1.42109e-14
5,53,-1.35003e-13
5,54,36.18
5,55,-2.20268e-13
5,56,14.893
5,57,23.4056
5,58,-1.42109e-14
6,0,0
6,1,79.0529
6,2,56.7964
6,3,82.8544
6,4,43.6171
6,5,53.0045
6,6,0
6,7,70.5877
6,8,88.7629
6,9,89.1869
6,10,5.72671
6,11,-7.95808e-13
6,12,-3.97904e-13
6,13,88.9658
6,14,-7.10543e-15
6,15,37.8926
6,16,43.6152
6,17,1.42109e-14
6,18,74.948
6,19,40.0938
6,20,0
6,21,68.1056
6,22,44.6869
6,23,47.9448
6,24,78.6234
6,25,1.42109e-14
6,26,86.8135
6,27,-1.42109e-14
6,28,7.10543e-15
6,29,64.0739
6,30,25.7706
6,31,42.4205
6,32,53.7017
6,33,68.9567
6,34,67.1437
6,35,39.8068
6,36,92.6744
6,37,81.947
6,38,79.6235
6,39,64.006
6,40,47.2639
6,41,47.8801
6,42,53.7847
6,43,54.5249
6,44,93.0219
6,45,48.8276
6,46,55.7956
6,47,55.2891
6,48,59.6692
6,49,48.4131
6,50,23.1177
6,51,88.5069
6,52,13.2712
6,53,75.4263
6,54,-7.4607e-14
6,55,74.914
6,56,0
6,57,3.62377e-13
6,58,58.4151
7,0,0
7,1,-4.26326e-14
7,2,3.55271e-14
7,3,-1.42109e-13
7,4,3.19744e-14
7,5,-4.26326e-14
7,6,70.5877
7,7,0
7,8,-1.7053e-13
7,9,-1.84741e-13
7,10,1.27898e-13
7,11,5.53422
7,12,15.0486
7,13,-3.33955e-13
7,14,27.4933
7,15,1.95399e-13
7,16,4.1922e-13
7,17,-17.3837
7,18,-1.27898e-13
7,19,9.23706e-14
7,20,-1.42109e-14
7,21,-2.13163e-14
7,22,1.84741e-13
7,23,-7.10543e-14
7,24,-1.13687e-13
7,25,-28.529
7,26,-8.52651e-14
7,27,9.70838
7,28,13.43
7,29,-3.55271e-14
7,30,7.53175e-13
7,31,-2.84217e-14
7,32,9.23706e-14
7,33,-7.10543e-14
7,34,-9.9476e-14
7,35,4.9738e-14
7,36,-1.27898e-13
7,37,-1.27898e-13
7,38,-1.35003e-13
7,39,-2.13163e-14
7,40,7.10543e-15
7,41,1.42109e-13
7,42,-7.10543e-14
7,43,6.39488e-14
7,44,-1.10134e-13
7,45,-7.10543e-14
7,46,3.55271e-14
7,47,7.4607e-14
7,48,-7.10543e-15
7,49,-7.10543e-14
7,50,-2.84217e-14
7,51,-1.42109e-13
7,52,-1.06581e-13
7,53,-8.52651e-14
7,54,50.9365
7,55,7.10543e-15
7,56,20.0233
7,57,26.8585
7,58,1.06581e-13
8,0,0
8,1,-1.7053e-13
8,2,-1.42109e-14
8,3,0
8,4,-8.52651e-14
8,5,-5.40012e-13
8,6,88.7629
8,7,-1.7053e-13
8,8,0
8,9,-7.10543e-15
8,10,5.68434e-14
8,11,5.47204
8,12,16.2574
8,13,7.10543e-14
8,14,48.4587
8,15,0
8,16,7.38964e-13
8,17,-34.3274
8,18,0
8,19,-8.52651e-14
8,20,0
8,21,-1.84741e-13
8,22,2.55795e-13
8,23,0
8,24,2.13163e-14
8,25,-54.7826
8,26,-4.26326e-14
8,27,12.2202
8,28,20.388
8,29,0
8,30,1.16529e-12
8,31,0
8,32,5.68434e-14
8,33,0
8,34,-2.84217e-14
8,35,-2.13163e-13
8,36,2.84217e-14
8,37,-7.10543e-15
8,38,0
8,39,1.98952e-13
8,40,-2.41585e-13
8,41,3.41061e-13
8,42,0
8,43,-5.68434e-14
8,44,-2.84217e-14
8,45,0
8,46,1.42109e-14
8,47,0
8,48,-2.13163e-13
8,49,-2.84217e-14
8,50,0
8,51,1.06581e-14
8,52,-3.12639e-13
8,53,-9.9476e-14
8,54,55.9995
8,55,-3.12639e-13
8,56,26.3602
8,57,27.5874
8,58,0
9,0,0
9,1,-1.84741e-13
9,2,-1.42109e-14
9,3,-1.42109e-14
9,4,-9.9476e-14
9,5,-5.25802e-13
9,6,89.1869
9,7,-1.84741e-13
9,8,-7.10543e-15
9,9,0
9,10,5.68434e-14
9,11,5.53095
9,12,16.4045
9,13,8.52651e-14
9,14,45.8601
9,15,0
9,16,7.38964e-13
9,17,-31.5505
9,18,1.42109e-14
9,19,-8.52651e-14
9,20,0
9,21,-1.91847e-13
9,22,2.55795e-13
9,23,2.84217e-14
9,24,0
9,25,-50.8115
9,26,1.42109e-14
9,27,12.1737
9,28,19.8127
9,29,1.42109e-14
9,30,1.10845e-12
9,31,1.42109e-14
9,32,5.68434e-14
9,33,1.42109e-14
9,34,1.42109e-14
9,35,-1.98952e-13
9,36,1.24345e-13
9,37,-7.10543e-15
9,38,1.42109e-14
9,39,2.27374e-13
9,40,-2.55795e-13
9,41,3.41061e-13
9,42,1.42109e-14
9,43,-7.10543e-14
9,44,-1.42109e-14
9,45,0
9,46,1.42109e-14
9,47,0
9,48,-2.27374e-13
9,49,0
9,50,0
9,51,0
9,52,-2.70006e-13
9,53,-8.52651e-14
9,54,56.5197
9,55,-3.19744e-13
9,56,26.143
9,57,27.6531
9,58,1.42109e-14
10,0,0
10,1,9.9476e-14
10,2,4.26326e-14
10,3,2.84217e-14
10,4,8.52651e-14
10,5,1.27898e-13
10,6,5.72671
10,7,1.27898e-13
10,8,5.68434e-14
10,9,5.68434e-14
10,10,0
10,11,0.468587
10,12,2.98356
10,13,-1.42109e-14
10,14,3.08031
10,15,2.13163e-14
10,16,-9.9476e-14
10,17,-1.7255
10,18,4.26326e-14
10,19,4.9738e-14
10,20,0
10,21,8.52651e-14
10,22,-1.42109e-14
10,23,2.84217e-14
10,24,2.84217e-14
10,25,-2.85155
10,26,1.13687e-13
10,27,4.45751
10,28,2.20835
10,29,6.39488e-14
10,30,-7.10543e-14
10,31,4.26326e-14
10,32,1.42109e-14
10,33,7.10543e-14
10,34,5.68434e-14
10,35,4.26326e-14
10,36,8.52651e-14
10,37,2.84217e-14
10,38,4.9738e-14
10,39,-4.26326e-14
10,40,5.68434e-14
10,41,-4.26326e-14
10,42,7.10543e-14
10,43,7.10543e-14
10,44,8.52651e-14
10,45,2.84217e-14
10,46,2.84217e-14
10,47,2.84217e-14
10,48,7.10543e-14
10,49,2.84217e-14
10,50,2.13163e-14
10,51,5.68434e-14
10,52,3.19744e-14
10,53,8.52651e-14
10,54,5.12897
10,55,1.13687e-13
10,56,4.8505
10,57,1.56021
10,58,2.84217e-14
11,0,0
11,1,5.29519
11,2,4.38944
11,3,5.29162
11,4,5.01336
11,5,4.15553
11,6,-7.95808e-13
11,7,5.53422
11,8,5.47204
11,9,5.53095
11,10,0.468587
11,11,0
11,12,-1.06581e-13
11,13,5.55488
11,14,-3.12639e-13
11,15,4.44608
11,16,3.80417
11,17,1.84741e-13
11,18,3.96685
11,19,5.55279
11,20,0
11,21,4.83164
11,22,3.68537
11,23,2.57244
11,24,5.10359
11,25,3.2685e-13
11,26,5.37775
11,27,-1.06581e-13
11,28,-1.56319e-13
11,29,3.73203
11,30,2.32207
11,31,2.37999
11,32,4.86713
11,33,3.66597
11,34,3.55457
11,35,3.79302
11,36,5.54732
11,37,5.23794
11,38,4.21706
11,39,4.79338
11,40,3.86556
11,41,3.80572
11,42,2.88396
11,43,5.46371
11,44,5.22692
11,45,2.63119
11,46,4.28091
11,47,4.62937
11,48,4.62783
11,49,2.58164
11,50,1.23928
11,51,5.43963
11,52,2.54761
11,53,5.51939
11,54,-6.60805e-13
11,55,5.07003
11,56,-2.4869e-13
11,57,-7.24754e-13
11,58,5.02106
12,0,0
12,1,14.9457
12,2,11.3513
12,3,15.3394
12,4,15.5182
12,5,10.641
12,6,-3.97904e-13
12,7,15.0486
12,8,16.2574
12,9,16.4045
12,10,2.98356
12,11,-1.06581e-13
12,12,0
12,13,16.5449
12,14,-1.84741e-13
12,15,9.32964
12,16,9.17814
12,17,9.9476e-14
12,18,14.3714
12,19,12.3102
12,20,0
12,21,13.134
12,22,9.15008
12,23,10.0404
12,24,14.6247
12,25,1.7053e-13
12,26,15.9098
12,27,-1.06581e-14
12,28,-7.81597e-14
12,29,15.0246
12,30,5.44943
12,31,9.95528
12,32,16.654
12,33,13.7012
12,34,13.041
12,35,8.73561
12,36,16.8913
12,37,15.1684
12,38,15.0345
12,39,12.6644
12,40,9.65427
12,41,9.64698
12,42,11.1852
12,43,15.1461
12,44,16.9952
12,45,10.3505
12,46,11.1009
12,47,11.5436
12,48,11.9829
12,49,9.92117
12,50,4.88422
12,51,16.1877
12,52,9.37785
12,53,15.2743
12,54,-3.16192e-13
12,55,14.1775
12,56,-1.49214e-13
12,57,-1.42109e-14
12,58,12.5169
13,0,0
13,1,-9.23706e-14
13,2,-1.42109e-13
13,3,1.42109e-14
13,4,-2.13163e-13
13,5,-5.18696e-13
13,6,88.9658
13,7,-3.33955e-13
13,8,7.10543e-14
13,9,8.52651e-14
13,10,-1.42109e-14
13,11,5.55488
13,12,16.5449
13,13,0
13,14,40.843
13,15,-1.56319e-13
13,16,4.68958e-13
13,17,-26.8766
13,18,5.68434e-14
13,19,-2.06057e-13
13,20,0
13,21,-1.91847e-13
13,22,5.68434e-14
13,23,2.84217e-14
13,24,-1.42109e-14
13,25,-43.7824
13,26,9.9476e-14
13,27,11.977
13,28,18.5516
13,29,-2.13163e-14
13,30,7.53175e-13
13,31,0
13,32,-4.26326e-14
13,33,4.9738e-14
13,34,7.10543e-14
13,35,-3.19744e-13
13,36,1.91847e-13
13,37,1.42109e-14
13,38,5.68434e-14
13,39,2.13163e-14
13,40,-3.41061e-13
13,41,9.9476e-14
13,42,4.26326e-14
13,43,-1.91847e-13
13,44,-4.26326e-14
13,45,0
13,46,-1.20792e-13
13,47,-1.56319e-13
13,48,-3.12639e-13
13,49,2.84217e-14
13,50,0
13,51,7.10543e-14
13,52,-3.83693e-13
13,53,-2.4869e-13
13,54,57.0103
13,55,-1.35003e-13
13,56,25.4764
13,57,27.0191
13,58,-1.35003e-13
14,0,3.55271e-15
14,1,37.1556
14,2,24.7661
14,3,42.6296
14,4,16.7696
14,5,23.075
14,6,-7.10543e-15
14,7,27.4933
14,8,48.4587
14,9,45.8601
14,10,3.08031
14,11,-3.12639e-13
14,12,-1.84741e-13
14,13,40.843
14,14,0
14,15,14.5663
14,16,18.165
14,17,-7.10543e-15
14,18,52.7929
14,19,15.0161
14,20,0
14,21,31.2015
14,22,19.1273
14,23,52.6167
14,24,39.957
14,25,0
14,26,47.7568
14,27,-2.13163e-14
14,28,1.06581e-14
14,29,33.6583
14,30,10.8069
14,31,37.0191
14,32,20.8564
14,33,50.5125
14,34,55.9169
14,35,16.0965
14,36,49.9708
14,37,42.3918
14,38,51.944
14,39,28.0196
14,40,20.2398
14,41,20.8539
14,42,51.5194
14,43,20.4481
14,44,37.8727
14,45,50.1168
14,46,24.5376
14,47,22.8765
14,48,25.7115
14,49,56.3627
14,50,38.4042
14,51,49.3356
14,52,5.30157
14,53,30.4507
14,54,-4.26326e-14
14,55,35.6721
14,56,7.10543e-15
14,57,1.27898e-13
14,58,23.468
15,0,0
15,1,1.13687e-13
15,2,0
15,3,-1.42109e-14
15,4,1.42109e-14
15,5,1.98952e-13
15,6,37.8926
15,7,1.95399e-13
15,8,0
15,9,0
15,10,2.13163e-14
15,11,4.44608
15,12,9.32964
15,13,-1.56319e-13
15,14,14.5663
15,15,0
15,16,-1.95399e-13
15,17,-9.21608
15,18,-1.42109e-14
15,19,0
15,20,0
15,21,9.9476e-14
15,22,-5.68434e-14
15,23,-1.42109e-14
15,24,-2.84217e-14
15,25,-15.1183
15,26,8.52651e-14
15,27,5.43021
15,28,7.18709
15,29,7.10543e-15
15,30,2.13163e-13
15,31,0
15,32,-2.84217e-14
15,33,2.84217e-14
15,34,0
15,35,3.55271e-14
15,36,7.10543e-14
15,37,-1.42109e-14
15,38,0
15,39,-1.49214e-13
15,40,6.39488e-14
15,41,-1.13687e-13
15,42,0
15,43,3.19744e-14
15,44,3.55271e-14
15,45,-1.42109e-14
15,46,-1.42109e-14
15,47,-7.10543e-15
15,48,1.06581e-13
15,49,-1.42109e-14
15,50,0
15,51,0
15,52,-1.20792e-13
15,53,9.23706e-14
15,54,29.6415
15,55,1.98952e-13
15,56,11.0046
15,57,27.1381
15,58,-2.84217e-14
16,0,0
16,1,9.166e-13
16,2,6.85674e-13
16,3,7.10543e-13
16,4,-4.26326e-14
16,5,9.59233e-13
16,6,43.6152
16,7,4.1922e-13
16,8,7.38964e-13
16,9,7.38964e-13
16,10,-9.9476e-14
16,11,3.80417
16,12,9.17814
16,13,4.68958e-13
16,14,18.165
16,15,-1.95399e-13
16,16,0
16,17,-11.8865
16,18,3.12639e-13
16,19,-1.06581e-13
16,20,0
16,21,8.73968e-13
16,22,1.36779e-13
16,23,1.7053e-13
16,24,6.6791e-13
16,25,-19.3687
16,26,8.52651e-13
16,27,5.89572
16,28,8.48086
16,29,1.7053e-13
16,30,3.12639e-13
16,31,1.13687e-13
16,32,2.84217e-14
16,33,2.98428e-13
16,34,2.98428e-13
16,35,-4.3876e-13
16,36,8.2423e-13
16,37,7.10543e-13
16,38,3.41061e-13
16,39,5.25802e-13
16,40,5.24025e-13
16,41,1.88294e-13
16,42,2.41585e-13
16,43,4.9738e-14
16,44,3.83693e-13
16,45,1.56319e-13
16,46,5.96856e-13
16,47,5.73763e-13
16,48,9.5568e-13
16,49,1.84741e-13
16,50,8.52651e-14
16,51,7.10543e-13
16,52,-3.2685e-13
16,53,5.18696e-13
16,54,30.8027
16,55,1.00187e-12
16,56,12.2529
16,57,22.4664
16,58,3.48166e-13
17,0,0
17,1,-25.026
17,2,-16.4246
17,3,-29.644
17,4,-10.0769
17,5,-15.31
17,6,1.42109e-14
17,7,-17.3837
17,8,-34.3274
17,9,-31.5505
17,10,-1.7255
17,11,1.84741e-13
17,12,9.9476e-14
17,13,-26.8766
17,14,-7.10543e-15
17,15,-9.21608
17,16,-11.8865
17,17,0
17,18,-33.0664
17,19,-9.21358
17,20,0
17,21,-20.9681
17,22,-12.6377
17,23,-29.5538
17,24,-27.7475
17,25,-3.55271e-15
17,26,-34.0672
17,27,1.42109e-14
17,28,7.10543e-15
17,29,-19.5736
17,30,-7.10541
17,31,-20.261
17,32,-12.4998
17,33,-30.5168
17,34,-35.1995
17,35,-10.4215
17,36,-34.6395
17,37,-29.5729
17,38,-32.8243
17,39,-18.5628
17,40,-13.3684
17,41,-13.8545
17,42,-29.5776
17,43,-12.4994
17,44,-23.6867
17,45,-28.0601
17,46,-16.3264
17,47,-14.8952
17,48,-16.9655
17,49,-32.4887
17,50,-23.8096
17,51,-35.3342
17,52,-3.13727
17,53,-19.4841
17,54,2.84217e-14
17,55,-24.2195
17,56,1.42109e-14
17,57,-5.68434e-14
17,58,-15.0957
18,0,0
18,1,-4.26326e-14
18,2,0
18,3,0
18,4,-9.9476e-14
18,5,-1.98952e-13
18,6,74.948
18,7,-1.27898e-13
18,8,0
18,9,1.42109e-14
18,10,4.26326e-14
18,11,3.96685
18,12,14.3714
18,13,5.68434e-14
18,14,52.7929
18,15,-1.42109e-14
18,16,3.12639e-13
18,17,-33.0664
18,18,0
18,19,-7.10543e-14
18,20,-1.42109e-14
18,21,-5.68434e-14
18,22,1.13687e-13
18,23,-3.55271e-15
18,24,0
18,25,-54.5165
18,26,-2.84217e-14
18,27,12.7705
18,28,23.3557
18,29,-2.13163e-14
18,30,4.83169e-13
18,31,-3.55271e-15
18,32,4.26326e-14
18,33,-2.30926e-14
18,34,5.32907e-15
18,35,-9.9476e-14
18,36,-1.42109e-14
18,37,0
18,38,-8.88178e-16
18,39,8.52651e-14
18,40,-1.13687e-13
18,41,1.27898e-13
18,42,-7.10543e-15
18,43,-6.39488e-14
18,44,-2.84217e-14
18,45,-3.55271e-15
18,46,0
18,47,0
18,48,-8.52651e-14
18,49,-1.06581e-14
18,50,0
18,51,2.84217e-14
18,52,-2.41585e-13
18,53,-5.68434e-14
18,54,47.2375
18,55,-7.10543e-14
18,56,28.3207
18,57,17.169
18,58,1.42109e-14
19,0,0
19,1,2.84217e-14
19,2,-3.55271e-14
19,3,-9.9476e-14
19,4,1.06581e-14
19,5,7.81597e-14
19,6,40.0938
19,7,9.23706e-14
19,8,-8.52651e-14
19,9,-8.52651e-14
19,10,4.9738e-14
19,11,5.55279
19,12,12.3102
19,13,-2.06057e-13
19,14,15.0161
19,15,0
19,16,-1.06581e-13
19,17,-9.21358
19,18,-7.10543e-14
19,19,0
19,20,0
19,21,1.42109e-14
19,22,-4.26326e-14
19,23,-4.26326e-14
19,24,-9.9476e-14
19,25,-15.1856
19,26,0
19,27,6.50354
19,28,7.85973
19,29,-3.55271e-14
19,30,1.42109e-13
19,31,-2.13163e-14
19,32,-8.17124e-14
19,33,-2.84217e-14
19,34,-4.26326e-14
19,35,7.10543e-15
19,36,-2.84217e-14
19,37,-8.52651e-14
19,38,-7.10543e-14
19,39,-1.42109e-13
19,40,1.42109e-14
19,41,-9.23706e-14
19,42,0
19,43,0
19,44,-3.55271e-14
19,45,-4.26326e-14
19,46,-4.26326e-14
19,47,-3.55271e-14
19,48,2.13163e-14
19,49,-5.68434e-14
19,50,-1.42109e-14
19,51,-8.52651e-14
19,52,-1.49214e-13
19,53,-7.10543e-15
19,54,35.678
19,55,8.52651e-14
19,56,12.7841
19,57,22.3691
19,58,-6.03961e-14
20,0,0
20,1,0
20,2,0
20,3,0
20,4,0
20,5,0
20,6,0
20,7,-1.42109e-14
20,8,0
20,9,0
20,10,0
20,11,0
20,12,0
20,13,0
20,14,0
20,15,0
20,16,0
20,17,0
20,18,-1.42109e-14
20,19,0
20,20,0
20,21,0
20,22,0
20,23,0
20,24,0
20,25,0
20,26,0
20,27,-7.10543e-15
20,28,0
20,29,0
20,30,0
20,31,0
20,32,0
20,33,-1.42109e-14
20,34,0
20,35,0
20,36,-2.84217e-14
20,37,0
20,38,0
20,39,0
20,40,0
20,41,0
20,42,0
20,43,0
20,44,0
20,45,0
20,46,0
20,47,0
20,48,0
20,49,0
20,50,0
20,51,0
20,52,0
20,53,0
20,54,0
20,55,0
20,56,0
20,57,0
20,58,0
21,0,0
21,1,-7.10543e-15
21,2,1.63425e-13
21,3,-1.84741e-13
21,4,-1.42109e-14
21,5,-3.48166e-13
21,6,68.1056
21,7,-2.13163e-14
21,8,-1.84741e-13
21,9,-1.91847e-13
21,10,8.52651e-14
21,11,4.83164
21,12,13.134
21,13,-1.91847e-13
21,14,31.2015
21,15,9.9476e-14
21,16,8.73968e-13
21,17,-20.9681
21,18,-5.68434e-14
21,19,1.42109e-14
21,20,0
21,21,0
21,22,4.47642e-13
21,23,-2.84217e-14
21,24,-1.7053e-13
21,25,-33.9588
21,26,-2.84217e-14
21,27,9.11529
21,28,13.9822
21,29,0
21,30,1.33582e-12
21,31,0
21,32,4.26326e-14
21,33,-2.84217e-14
21,34,-5.68434e-14
21,35,-2.84217e-14
21,36,-5.68434e-14
21,37,-1.63425e-13
21,38,-5.68434e-14
21,39,2.4869e-13
21,40,-7.10543e-14
21,41,5.47118e-13
21,42,-1.42109e-14
21,43,0
21,44,-2.84217e-14
21,45,-4.26326e-14
21,46,2.02505e-13
21,47,1.13687e-13
21,48,-2.84217e-14
21,49,-4.26326e-14
21,50,0
21,51,-1.7053e-13
21,52,-1.42109e-13
21,53,0
21,54,45.0509
21,55,1.24345e-13
21,56,19.2849
21,57,25.8591
21,58,9.23706e-14
22,0,0
22,1,4.40536e-13
22,2,2.71783e-13
22,3,2.41585e-13
22,4,-1.42109e-14
22,5,7.95808e-13
22,6,44.6869
22,7,1.84741e-13
22,8,2.55795e-13
22,9,2.55795e-13
22,10,-1.42109e-14
22,11,3.68537
22,12,9.15008
22,13,5.68434e-14
22,14,19.1273
22,15,-5.68434e-14
22,16,1.36779e-13
22,17,-12.6377
22,18,1.13687e-13
22,19,-4.26326e-14
22,20,0
22,21,4.47642e-13
22,22,0
22,23,5.68434e-14
22,24,2.27374e-13
22,25,-20.5474
22,26,4.26326e-13
22,27,6.0035
22,28,8.80661
22,29,7.10543e-14
22,30,8.95284e-13
22,31,4.26326e-14
22,32,1.42109e-14
22,33,1.27898e-13
22,34,9.9476e-14
22,35,-1.59872e-13
22,36,3.69482e-13
22,37,2.41585e-13
22,38,1.13687e-13
22,39,3.19744e-14
22,40,4.82281e-13
22,41,-6.21725e-14
22,42,9.9476e-14
22,43,2.13163e-14
22,44,1.56319e-13
22,45,5.68434e-14
22,46,2.46914e-13
22,47,1.1724e-13
22,48,4.47642e-13
22,49,7.10543e-14
22,50,5.68434e-14
22,51,2.84217e-13
22,52,-1.84741e-13
22,53,1.98952e-13
22,54,30.9402
22,55,5.68434e-13
22,56,12.5442
22,57,21.3961
22,58,7.81597e-14
23,0,-7.10543e-15
23,1,-1.42109e-14
23,2,0
23,3,0
23,4,-5.68434e-14
23,5,-1.27898e-13
23,6,47.9448
23,7,-7.10543e-14
23,8,0
23,9,2.84217e-14
23,10,2.84217e-14
23,11,2.57244
23,12,10.0404
23,13,2.84217e-14
23,14,52.6167
23,15,-1.42109e-14
23,16,1.7053e-13
23,17,-29.5538
23,18,-3.55271e-15
23,19,-4.26326e-14
23,20,0
23,21,-2.84217e-14
23,22,5.68434e-14
23,23,0
23,24,0
23,25,-48.6573
23,26,0
23,27,10.2636
23,28,23.1678
23,29,-1.06581e-14
23,30,2.84217e-13
23,31,-7.10543e-15
23,32,2.84217e-14
23,33,-3.55271e-15
23,34,1.42109e-14
23,35,-5.68434e-14
23,36,-1.42109e-14
23,37,0
23,38,-3.55271e-15
23,39,4.26326e-14
23,40,-5.68434e-14
23,41,7.10543e-14
23,42,-6.21725e-15
23,43,-4.26326e-14
23,44,-1.42109e-14
23,45,1.33227e-15
23,46,0
23,47,0
23,48,-5.68434e-14
23,49,-3.55271e-15
23,50,0
23,51,0
23,52,-1.7053e-13
23,53,-4.26326e-14
23,54,31.4538
23,55,-5.68434e-14
23,56,23.3813
23,57,10.7701
23,58,0
24,0,0
24,1,-7.81597e-14
24,2,-2.84217e-14
24,3,2.30926e-14
24,4,-9.9476e-14
24,5,-5.11591e-13
24,6,78.6234
24,7,-1.13687e-13
24,8,2.13163e-14
24,9,0
24,10,2.84217e-14
24,11,5.10359
24,12,14.6247
24,13,-1.42109e-14
24,14,39.957
24,15,-2.84217e-14
24,16,6.6791e-13
24,17,-27.7475
24,18,0
24,19,-9.9476e-14
24,20,0
24,21,-1.7053e-13
24,22,2.27374e-13
24,23,0
24,24,0
24,25,-44.5392
24,26,1.98952e-13
24,27,10.6534
24,28,17.209
24,29,0
24,30,1.12266e-12
24,31,0
24,32,1.42109e-14
24,33,0
24,34,0
24,35,-1.98952e-13
24,36,1.06581e-13
24,37,2.84217e-14
24,38,1.42109e-14
24,39,1.56319e-13
24,40,-2.55795e-13
24,41,2.98428e-13
24,42,0
24,43,-5.68434e-14
24,44,-1.42109e-14
24,45,-2.84217e-14
24,46,-1.42109e-14
24,47,-2.84217e-14
24,48,-1.84741e-13
24,49,-2.84217e-14
24,50,0
24,51,4.26326e-14
24,52,-2.55795e-13
24,53,-5.68434e-14
24,54,50.3824
24,55,-2.06057e-13
24,56,22.8144
24,57,26.4358
24,58,-1.42109e-14
25,0,0
25,1,-40.5179
25,2,-26.6838
25,3,-47.571
25,4,-16.6471
25,5,-24.8692
25,6,1.42109e-14
25,7,-28.529
25,8,-54.7826
25,9,-50.8115
25,10,-2.85155
25,11,3.2685e-13
25,12,1.7053e-13
25,13,-43.7824
25,14,0
25,15,-15.1183
25,16,-19.3687
25,17,-3.55271e-15
25,18,-54.5165
25,19,-15.1856
25,20,0
25,21,-33.9588
25,22,-20.5474
25,23,-48.6573
25,24,-44.5392
25,25,0
25,26,-54.2335
25,27,2.84217e-14
25,28,7.10543e-15
25,29,-32.3968
25,30,-11.5644
25,31,-33.2759
25,32,-20.6556
25,33,-50.472
25,34,-58.0814
25,35,-17.0201
25,36,-55.6895
25,37,-47.4088
25,38,-54.0287
25,39,-30.1681
25,40,-21.7375
25,41,-22.4967
25,42,-48.8822
25,43,-20.6127
25,44,-38.9652
25,45,-46.2201
25,46,-26.5028
25,47,-24.3006
25,48,-27.5966
25,49,-53.5887
25,50,-34.9485
25,51,-56.1798
25,52,-5.18846
25,53,-31.9096
25,54,2.84217e-14
25,55,-39.1241
25,56,1.42109e-14
25,57,-1.13687e-13
25,58,-24.6908
26,0,0
26,1,-2.84217e-14
26,2,1.27898e-13
26,3,1.27898e-13
26,4,-2.84217e-14
26,5,-3.55271e-13
26,6,86.8135
26,7,-8.52651e-14
26,8,-4.26326e-14
26,9,1.42109e-14
26,10,1.13687e-13
26,11,5.37775
26,12,15.9098
26,13,9.9476e-14
26,14,47.7568
26,15,8.52651e-14
26,16,8.52651e-13
26,17,-34.0672
26,18,-2.84217e-14
26,19,0
26,20,0
26,21,-2.84217e-14
26,22,4.26326e-13
26,23,0
26,24,1.98952e-13
26,25,-54.2335
26,26,0
26,27,11.9518
26,28,19.9967
26,29,2.84217e-14
26,30,1.3074e-12
26,31,0
26,32,8.52651e-14
26,33,-2.84217e-14
26,34,-2.84217e-14
26,35,-2.84217e-14
26,36,0
26,37,1.49214e-13
26,38,-2.84217e-14
26,39,3.12639e-13
26,40,-9.9476e-14
26,41,4.9738e-13
26,42,0
26,43,0
26,44,0
26,45,-2.84217e-14
26,46,1.56319e-13
26,47,1.13687e-13
26,48,-4.26326e-14
26,49,-5.68434e-14
26,50,0
26,51,-2.38032e-13
26,52,-1.98952e-13
26,53,0
26,54,54.8066
26,55,-1.27898e-13
26,56,25.789
26,57,27.2713
26,58,1.13687e-13
27,0,0
27,1,10.6132
27,2,7.60682
27,3,11.2624
27,4,8.10443
27,5,7.1016
27,6,-1.42109e-14
27,7,9.70838
27,8,12.2202
27,9,12.1737
27,10,4.45751
27,11,-1.06581e-13
27,12,-1.06581e-14
27,13,11.977
27,14,-2.13163e-14
27,15,5.43021
27,16,5.89572
27,17,1.42109e-14
27,18,12.7705
27,19,6.50354
27,20,-7.10543e-15
27,21,9.11529
27,22,6.0035
27,23,10.2636
27,24,10.6534
27,25,2.84217e-14
27,26,11.9518
27,27,0
27,28,-1.42109e-14
27,29,13.2774
27,30,3.48303
27,31,11.1079
27,32,9.7739
27,33,12.6034
27,34,11.9984
27,35,5.44684
27,36,12.823
27,37,11.1446
27,38,13.0246
27,39,8.56653
27,40,6.34787
27,41,6.41665
27,42,11.1615
27,43,8.70151
27,44,12.4921
27,45,10.6335
27,46,7.46888
27,47,7.4714
27,48,7.99829
27,49,9.96516
27,50,5.2842
27,51,12.225
27,52,3.15862
27,53,10.1784
27,54,1.42109e-14
27,55,10.0614
27,56,-3.55271e-14
27,57,0
27,58,7.9697
28,0,0
28,1,16.5374
28,2,11.3197
28,3,18.3044
28,4,9.18611
28,5,10.5486
28,6,7.10543e-15
28,7,13.43
28,8,20.388
28,9,19.8127
28,10,2.20835
28,11,-1.56319e-13
28,12,-7.81597e-14
28,13,18.5516
28,14,1.06581e-14
28,15,7.18709
28,16,8.48086
28,17,7.10543e-15
28,18,23.3557
28,19,7.85973
28,20,0
28,21,13.9822
28,22,8.80661
28,23,23.1678
28,24,17.209
28,25,7.10543e-15
28,26,19.9967
28,27,-1.42109e-14
28,28,0
28,29,18.8538
28,30,5.02125
28,31,22.8875
28,32,11.4206
28,33,23.2873
28,34,23.5059
28,35,7.64136
28,36,21.3159
28,37,18.153
28,38,23.1354
28,39,12.8016
28,40,9.31924
28,41,9.52491
28,42,23.5013
28,43,10.7232
28,44,18.4107
28,45,23.4377
28,46,11.1691
28,47,10.7331
28,48,11.8244
28,49,22.646
28,50,15.3733
28,51,20.5701
28,52,3.05927
28,53,14.5529
28,54,0
28,55,15.7592
28,56,0
28,57,4.26326e-14
28,58,11.2058
29,0,0
29,1,1.42109e-14
29,2,1.42109e-14
29,3,0
29,4,-6.39488e-14
29,5,-5.68434e-14
29,6,64.0739
29,7,-3.55271e-14
29,8,0
29,9,1.42109e-14
29,10,6.39488e-14
29,11,3.73203
29,12,15.0246
29,13,-2.13163e-14
29,14,33.6583
29,15,7.10543e-15
29,16,1.7053e-13
29,17,-19.5736
29,18,-2.13163e-14
29,19,-3.55271e-14
29,20,0
29,21,0
29,22,7.10543e-14
29,23,-1.06581e-14
29,24,0
29,25,-32.3968
29,26,2.84217e-14
29,27,13.2774
29,28,18.8538
29,29,0
29,30,3.12639e-13
29,31,-3.55271e-15
29,32,4.9738e-14
29,33,1.42109e-14
29,34,7.10543e-15
29,35,-2.84217e-14
29,36,1.42109e-14
29,37,0
29,38,-2.13163e-14
29,39,2.84217e-14
29,40,-4.26326e-14
29,41,5.68434e-14
29,42,1.06581e-14
29,43,-2.84217e-14
29,44,1.06581e-14
29,45,-1.42109e-14
29,46,1.42109e-14
29,47,1.42109e-14
29,48,-1.42109e-14
29,49,-2.13163e-14
29,50,0
29,51,0
29,52,-2.13163e-13
29,53,-1.42109e-14
29,54,46.2576
29,55,0
29,56,28.4812
29,57,14.7763
29,58,7.10543e-15
30,0,0
30,1,1.3074e-12
30,2,1.15108e-12
30,3,1.15108e-12
30,4,1.56319e-13
30,5,1.69464e-12
30,6,25.7706
30,7,7.53175e-13
30,8,1.16529e-12
30,9,1.10845e-12
30,10,-7.10543e-14
30,11,2.32207
30,12,5.44943
30,13,7.53175e-13
30,14,10.8069
30,15,2.13163e-13
30,16,3.12639e-13
30,17,-7.10541
30,18,4.83169e-13
30,19,1.42109e-13
30,20,0
30,21,1.33582e-12
30,22,8.95284e-13
30,23,2.84217e-13
30,24,1.12266e-12
30,25,-11.5644
30,26,1.3074e-12
30,27,3.48303
30,28,5.02125
30,29,3.12639e-13
30,30,0
30,31,1.98952e-13
30,32,1.84741e-13
30,33,4.54747e-13
30,34,4.40536e-13
30,35,7.14095e-13
30,36,1.15108e-12
30,37,1.13687e-12
30,38,5.25802e-13
30,39,8.95284e-13
30,40,1.40687e-12
30,41,8.10019e-13
30,42,3.41061e-13
30,43,2.91323e-13
30,44,6.25278e-13
30,45,2.70006e-13
30,46,1.14397e-12
30,47,9.23706e-13
30,48,1.32871e-12
30,49,2.84217e-13
30,50,1.42109e-13
30,51,1.16529e-12
30,52,-1.84741e-13
30,53,8.2423e-13
30,54,18.2329
30,55,1.46372e-12
30,56,7.23891
30,57,14.3563
30,58,7.24754e-13
31,0,0
31,1,1.42109e-14
31,2,0
31,3,0
31,4,-3.55271e-14
31,5,-5.68434e-14
31,6,42.4205
31,7,-2.84217e-14
31,8,0
31,9,1.42109e-14
31,10,4.26326e-14
31,11,2.37999
31,12,9.95528
31,13,0
31,14,37.0191
31,15,0
31,16,1.13687e-13
31,17,-20.261
31,18,-3.55271e-15
31,19,-2.13163e-14
31,20,0
31,21,0
31,22,4.26326e-14
31,23,-7.10543e-15
31,24,0
31,25,-33.2759
31,26,0
31,27,11.1079
31,28,22.8875
31,29,-3.55271e-15
31,30,1.98952e-13
31,31,0
31,32,2.84217e-14
31,33,1.77636e-14
31,34,1.42109e-14
31,35,-2.84217e-14
31,36,0
31,37,0
31,38,-7.10543e-15
31,39,1.42109e-14
31,40,-4.26326e-14
31,41,2.84217e-14
31,42,2.4869e-14
31,43,-2.13163e-14
31,44,1.42109e-14
31,45,-8.88178e-15
31,46,0
31,47,0
31,48,-2.84217e-14
31,49,-1.06581e-14
31,50,3.55271e-15
31,51,0
31,52,-1.42109e-13
31,53,0
31,54,29.5033
31,55,0
31,56,25.4501
31,57,9.55168
31,58,1.42109e-14
32,0,0
32,1,8.52651e-14
32,2,0
32,3,2.84217e-14
32,4,-1.62537e-13
32,5,1.42109e-14
32,6,53.7017
32,7,9.23706e-14
32,8,5.68434e-14
32,9,5.68434e-14
32,10,1.42109e-14
32,11,4.86713
32,12,16.654
32,13,-4.26326e-14
32,14,20.8564
32,15,-2.84217e-14
32,16,2.84217e-14
32,17,-12.4998
32,18,4.26326e-14
32,19,-8.17124e-14
32,20,0
32,21,4.26326e-14
32,22,1.42109e-14
32,23,2.84217e-14
32,24,1.42109e-14
32,25,-20.6556
32,26,8.52651e-14
32,27,9.7739
32,28,11.4206
32,29,4.9738e-14
32,30,1.84741e-13
32,31,2.84217e-14
32,32,0
32,33,7.81597e-14
32,34,6.39488e-14
32,35,-4.26326e-14
32,36,8.52651e-14
32,37,2.84217e-14
32,38,4.26326e-14
32,39,-2.84217e-14
32,40,-2.84217e-14
32,41,-1.42109e-14
32,42,6.39488e-14
32,43,-1.42109e-14
32,44,9.59233e-14
32,45,1.42109e-14
32,46,0
32,47,0
32,48,1.42109e-14
32,49,2.13163e-14
32,50,2.84217e-14
32,51,5.68434e-14
32,52,-3.41061e-13
32,53,6.39488e-14
32,54,53.1673
32,55,9.9476e-14
32,56,19.1263
32,57,17.8998
32,58,0
33,0,0
33,1,0
33,2,2.84217e-14
33,3,0
33,4,-6.39488e-14
33,5,-1.42109e-13
33,6,68.9567
33,7,-7.10543e-14
33,8,0
33,9,1.42109e-14
33,10,7.10543e-14
33,11,3.66597
33,12,13.7012
33,13,4.9738e-14
33,14,50.5125
33,15,2.84217e-14
33,16,2.98428e-13
33,17,-30.5168
33,18,-2.30926e-14
33,19,-2.84217e-14
33,20,-1.42109e-14
33,21,-2.84217e-14
33,22,1.27898e-13
33,23,-3.55271e-15
33,24,0
33,25,-50.472
33,26,-2.84217e-14
33,27,12.6034
33,28,23.2873
33,29,1.42109e-14
33,30,4.54747e-13
33,31,1.77636e-14
33,32,7.81597e-14
33,33,0
33,34,-1.42109e-14
33,35,-4.26326e-14
33,36,-1.42109e-14
33,37,0
33,38,-1.42109e-14
33,39,8.52651e-14
33,40,-5.68434e-14
33,41,1.27898e-13
33,42,-1.77636e-15
33,43,-2.13163e-14
33,44,0
33,45,0
33,46,4.26326e-14
33,47,1.42109e-14
33,48,-5.68434e-14
33,49,-2.13163e-14
33,50,-7.10543e-15
33,51,0
33,52,-1.91847e-13
33,53,-2.13163e-14
33,54,44.2783
33,55,-4.26326e-14
33,56,28.0895
33,57,15.5655
33,58,2.84217e-14
34,0,0
34,1,-2.84217e-14
34,2,0
34,3,0
34,4,-7.10543e-14
34,5,-1.84741e-13
34,6,67.1437
34,7,-9.9476e-14
34,8,-2.84217e-14
34,9,1.42109e-14
34,10,5.68434e-14
34,11,3.55457
34,12,13.041
34,13,7.10543e-14
34,14,55.9169
34,15,0
34,16,2.98428e-13
34,17,-35.1995
34,18,5.32907e-15
34,19,-4.26326e-14
34,20,0
34,21,-5.68434e-14
34,22,9.9476e-14
34,23,1.42109e-14
34,24,0
34,25,-58.0814
34,26,-2.84217e-14
34,27,11.9984
34,28,23.5059
34,29,7.10543e-15
34,30,4.40536e-13
34,31,1.42109e-14
34,32,6.39488e-14
34,33,-1.42109e-14
34,34,0
34,35,-7.10543e-14
34,36,-2.84217e-14
34,37,0
34,38,1.77636e-15
34,39,7.10543e-14
34,40,-9.9476e-14
34,41,1.13687e-13
34,42,-5.32907e-15
34,43,-4.26326e-14
34,44,-1.42109e-14
34,45,1.77636e-14
34,46,1.42109e-14
34,47,1.42109e-14
34,48,-8.52651e-14
34,49,0
34,50,1.42109e-14
34,51,0
34,52,-1.98952e-13
34,53,-4.26326e-14
34,54,42.5185
34,55,-7.10543e-14
34,56,26.852
34,57,15.3618
34,58,1.42109e-14
35,0,0
35,1,-2.84217e-14
35,2,-1.49214e-13
35,3,-1.98952e-13
35,4,7.10543e-15
35,5,1.84741e-13
35,6,39.8068
35,7,4.9738e-14
35,8,-2.13163e-13
35,9,-1.98952e-13
35,10,4.26326e-14
35,11,3.79302
35,12,8.73561
35,13,-3.19744e-13
35,14,16.0965
35,15,3.55271e-14
35,16,-4.3876e-13
35,17,-10.4215
35,18,-9.9476e-14
35,19,7.10543e-15
35,20,0
35,21,-2.84217e-14
35,22,-1.59872e-13
35,23,-5.68434e-14
35,24,-1.98952e-13
35,25,-17.0201
35,26,-2.84217e-14
35,27,5.44684
35,28,7.64136
35,29,-2.84217e-14
35,30,7.14095e-13
35,31,-2.84217e-14
35,32,-4.26326e-14
35,33,-4.26326e-14
35,34,-7.10543e-14
35,35,0
35,36,-9.9476e-14
35,37,-1.98952e-13
35,38,-9.9476e-14
35,39,-3.83693e-13
35,40,1.06581e-14
35,41,-2.41585e-13
35,42,-2.84217e-14
35,43,0
35,44,-6.39488e-14
35,45,-4.26326e-14
35,46,-1.52767e-13
35,47,-1.88294e-13
35,48,3.55271e-15
35,49,-7.10543e-14
35,50,-1.42109e-14
35,51,-1.98952e-13
35,52,-7.10543e-14
35,53,-4.9738e-14
35,54,28.9318
35,55,7.10543e-14
35,56,11.2377
35,57,23.1103
35,58,-1.63425e-13
36,0,0
36,1,-4.9738e-14
36,2,1.13687e-13
36,3,8.52651e-14
36,4,-5.68434e-14
36,5,-3.83693e-13
36,6,92.6744
36,7,-1.27898e-13
36,8,2.84217e-14
36,9,1.24345e-13
36,10,8.52651e-14
36,11,5.54732
36,12,16.8913
36,13,1.91847e-13
36,14,49.9708
36,15,7.10543e-14
36,16,8.2423e-13
36,17,-34.6395
36,18,-1.42109e-14
36,19,-2.84217e-14
36,20,-2.84217e-14
36,21,-5.68434e-14
36,22,3.69482e-13
36,23,-1.42109e-14
36,24,1.06581e-13
36,25,-55.6895
36,26,0
36,27,12.823
36,28,21.3159
36,29,1.42109e-14
36,30,1.15108e-12
36,31,0
36,32,8.52651e-14
36,33,-1.42109e-14
36,34,-2.84217e-14
36,35,-9.9476e-14
36,36,0
36,37,8.52651e-14
36,38,-1.42109e-14
36,39,3.41061e-13
36,40,-1.27898e-13
36,41,4.26326e-13
36,42,0
36,43,-2.84217e-14
36,44,1.42109e-14
36,45,-1.42109e-14
36,46,1.27898e-13
36,47,9.9476e-14
36,48,-9.9476e-14
36,49,-2.84217e-14
36,50,-2.84217e-14
36,51,1.42109e-14
36,52,-2.27374e-13
36,53,-2.84217e-14
36,54,58.1259
36,55,-1.7053e-13
36,56,27.6748
36,57,27.2049
36,58,8.52651e-14
37,0,0
37,1,-9.23706e-14
37,2,-1.42109e-14
37,3,8.88178e-15
37,4,-9.9476e-14
37,5,-5.11591e-13
37,6,81.947
37,7,-1.27898e-13
37,8,-7.10543e-15
37,9,-7.10543e-15
37,10,2.84217e-14
37,11,5.23794
37,12,15.1684
37,13,1.42109e-14
37,14,42.3918
37,15,-1.42109e-14
37,16,7.10543e-13
37,17,-29.5729
37,18,0
37,19,-8.52651e-14
37,20,0
37,21,-1.63425e-13
37,22,2.41585e-13
37,23,0
37,24,2.84217e-14
37,25,-47.4088
37,26,1.49214e-13
37,27,11.1446
37,28,18.153
37,29,0
37,30,1.13687e-12
37,31,0
37,32,2.84217e-14
37,33,0
37,34,0
37,35,-1.98952e-13
37,36,8.52651e-14
37,37,0
37,38,0
37,39,1.84741e-13
37,40,-2.41585e-13
37,41,3.41061e-13
37,42,2.84217e-14
37,43,-5.68434e-14
37,44,-1.42109e-14
37,45,0
37,46,1.42109e-14
37,47,0
37,48,-1.7053e-13
37,49,0
37,50,0
37,51,1.42109e-14
37,52,-2.55795e-13
37,53,-7.10543e-14
37,54,52.266
37,55,-2.4869e-13
37,56,23.9128
37,57,26.9082
37,58,1.42109e-14
38,0,0
38,1,-2.84217e-14
38,2,0
38,3,0
38,4,-1.13687e-13
38,5,-2.27374e-13
38,6,79.6235
38,7,-1.35003e-13
38,8,0
38,9,1.42109e-14
38,10,4.9738e-14
38,11,4.21706
38,12,15.0345
38,13,5.68434e-14
38,14,51.944
38,15,0
38,16,3.41061e-13
38,17,-32.8243
38,18,-8.88178e-16
38,19,-7.10543e-14
38,20,0
38,21,-5.68434e-14
38,22,1.13687e-13
38,23,-3.55271e-15
38,24,1.42109e-14
38,25,-54.0287
38,26,-2.84217e-14
38,27,13.0246
38,28,23.1354
38,29,-2.13163e-14
38,30,5.25802e-13
38,31,-7.10543e-15
38,32,4.26326e-14
38,33,-1.42109e-14
38,34,1.77636e-15
38,35,-9.9476e-14
38,36,-1.42109e-14
38,37,0
38,38,0
38,39,8.52651e-14
38,40,-1.13687e-13
38,41,1.42109e-13
38,42,-7.10543e-15
38,43,-7.81597e-14
38,44,-3.55271e-14
38,45,-3.55271e-15
38,46,0
38,47,0
38,48,-9.9476e-14
38,49,-1.06581e-14
38,50,-7.10543e-15
38,51,2.84217e-14
38,52,-2.41585e-13
38,53,-5.68434e-14
38,54,49.8302
38,55,-8.52651e-14
38,56,28.7236
38,57,18.3837
38,58,0
39,0,0
39,1,4.01457e-13
39,2,-2.02505e-13
39,3,1.91847e-13
39,4,-1.27898e-13
39,5,-6.66134e-13
39,6,64.006
39,7,-2.13163e-14
39,8,1.98952e-13
39,9,2.27374e-13
39,10,-4.26326e-14
39,11,4.79338
39,12,12.6644
39,13,2.13163e-14
39,14,28.0196
39,15,-1.49214e-13
39,16,5.25802e-13
39,17,-18.5628
39,18,8.52651e-14
39,19,-1.42109e-13
39,20,0
39,21,2.4869e-13
39,22,3.19744e-14
39,23,4.26326e-14
39,24,1.56319e-13
39,25,-30.1681
39,26,3.12639e-13
39,27,8.56653
39,28,12.8016
39,29,2.84217e-14
39,30,8.95284e-13
39,31,1.42109e-14
39,32,-2.84217e-14
39,33,8.52651e-14
39,34,7.10543e-14
39,35,-3.83693e-13
39,36,3.41061e-13
39,37,1.84741e-13
39,38,8.52651e-14
39,39,0
39,40,-4.65405e-13
39,41,9.23706e-14
39,42,7.10543e-14
39,43,-8.52651e-14
39,44,7.10543e-14
39,45,4.26326e-14
39,46,-1.54543e-13
39,47,-1.63425e-13
39,48,-4.26326e-13
39,49,4.26326e-14
39,50,0
39,51,1.98952e-13
39,52,-2.98428e-13
39,53,4.9738e-14
39,54,43.2355
39,55,4.33431e-13
39,56,18.0046
39,57,26.0367
39,58,-8.17124e-14
40,0,0
40,1,-7.10543e-14
40,2,-2.46914e-13
40,3,-2.55795e-13
40,4,-1.42109e-14
40,5,2.61124e-13
40,6,47.2639
40,7,7.10543e-15
40,8,-2.41585e-13
40,9,-2.55795e-13
40,10,5.68434e-14
40,11,3.86556
40,12,9.65427
40,13,-3.41061e-13
40,14,20.2398
40,15,6.39488e-14
40,16,5.24025e-13
40,17,-13.3684
40,18,-1.13687e-13
40,19,1.42109e-14
40,20,0
40,21,-7.10543e-14
40,22,4.82281e-13
40,23,-5.68434e-14
40,24,-2.55795e-13
40,25,-21.7375
40,26,-9.9476e-14
40,27,6.34787
40,28,9.31924
40,29,-4.26326e-14
40,30,1.40687e-12
40,31,-4.26326e-14
40,32,-2.84217e-14
40,33,-5.68434e-14
40,34,-9.9476e-14
40,35,1.06581e-14
40,36,-1.27898e-13
40,37,-2.41585e-13
40,38,-1.13687e-13
40,39,-4.65405e-13
40,40,0
40,41,-1.52767e-13
40,42,-4.26326e-14
40,43,-7.10543e-15
40,44,-8.52651e-14
40,45,-7.10543e-14
40,46,-2.50466e-13
40,47,-8.88178e-14
40,48,-2.30926e-14
40,49,-7.10543e-14
40,50,0
40,51,-2.55795e-13
40,52,-8.52651e-14
40,53,-5.68434e-14
40,54,32.6727
40,55,4.9738e-14
40,56,13.268
40,57,22.2709
40,58,-6.75016e-14
41,0,0
41,1,5.18696e-13
41,2,3.03757e-13
41,3,3.41061e-13
41,4,-4.26326e-14
41,5,7.62945e-13
41,6,47.8801
41,7,1.42109e-13
41,8,3.41061e-13
41,9,3.41061e-13
41,10,-4.26326e-14
41,11,3.80572
41,12,9.64698
41,13,9.9476e-14
41,14,20.8539
41,15,-1.13687e-13
41,16,1.88294e-13
41,17,-13.8545
41,18,1.27898e-13
41,19,-9.23706e-14
41,20,0
41,21,5.47118e-13
41,22,-6.21725e-14
41,23,7.10543e-14
41,24,2.98428e-13
41,25,-22.4967
41,26,4.9738e-13
41,27,6.41665
41,28,9.52491
41,29,5.68434e-14
41,30,8.10019e-13
41,31,2.84217e-14
41,32,-1.42109e-14
41,33,1.27898e-13
41,34,1.13687e-13
41,35,-2.41585e-13
41,36,4.26326e-13
41,37,3.41061e-13
41,38,1.42109e-13
41,39,9.23706e-14
41,40,-1.52767e-13
41,41,0
41,42,9.9476e-14
41,43,-1.42109e-14
41,44,1.42109e-13
41,45,5.68434e-14
41,46,3.32179e-13
41,47,6.03961e-14
41,48,4.05009e-13
41,49,5.68434e-14
41,50,0
41,51,3.69482e-13
41,52,-2.27374e-13
41,53,1.84741e-13
41,54,32.7598
41,55,6.75016e-13
41,56,13.4513
41,57,21.7297
41,58,4.26326e-14
42,0,0
42,1,0
42,2,1.42109e-14
42,3,0
42,4,-3.55271e-14
42,5,-1.13687e-13
42,6,53.7847
42,7,-7.10543e-14
42,8,0
42,9,1.42109e-14
42,10,7.10543e-14
42,11,2.88396
42,12,11.1852
42,13,4.26326e-14
42,14,51.5194
42,15,0
42,16,2.41585e-13
42,17,-29.5776
42,18,-7.10543e-15
42,19,0
42,20,0
42,21,-1.42109e-14
42,22,9.9476e-14
42,23,-6.21725e-15
42,24,0
42,25,-48.8822
42,26,0
42,27,11.1615
42,28,23.5013
42,29,1.06581e-14
42,30,3.41061e-13
42,31,2.4869e-14
42,32,6.39488e-14
42,33,-1.77636e-15
42,34,-5.32907e-15
42,35,-2.84217e-14
42,36,0
42,37,2.84217e-14
42,38,-7.10543e-15
42,39,7.10543e-14
42,40,-4.26326e-14
42,41,9.9476e-14
42,42,0
42,43,-2.13163e-14
42,44,0
42,45,1.33227e-14
42,46,2.84217e-14
42,47,2.84217e-14
42,48,-4.26326e-14
42,49,-3.01981e-14
42,50,-3.55271e-15
42,51,2.84217e-14
42,52,-1.49214e-13
42,53,-1.42109e-14
42,54,35.2218
42,55,-2.84217e-14
42,56,25.303
42,57,12.0809
42,58,2.84217e-14
43,0,0
43,1,1.42109e-14
43,2,-1.42109e-14
43,3,-7.10543e-14
43,4,-2.66454e-14
43,5,2.13163e-14
43,6,54.5249
43,7,6.39488e-14
43,8,-5.68434e-14
43,9,-7.10543e-14
43,10,7.10543e-14
43,11,5.46371
43,12,15.1461
43,13,-1.91847e-13
43,14,20.4481
43,15,3.19744e-14
43,16,4.9738e-14
43,17,-12.4994
43,18,-6.39488e-14
43,19,0
43,20,0
43,21,0
43,22,2.13163e-14
43,23,-4.26326e-14
43,24,-5.68434e-14
43,25,-20.6127
43,26,0
43,27,8.70151
43,28,10.7232
43,29,-2.84217e-14
43,30,2.91323e-13
43,31,-2.13163e-14
43,32,-1.42109e-14
43,33,-2.13163e-14
43,34,-4.26326e-14
43,35,0
43,36,-2.84217e-14
43,37,-5.68434e-14
43,38,-7.81597e-14
43,39,-8.52651e-14
43,40,-7.10543e-15
43,41,-1.42109e-14
43,42,-2.13163e-14
43,43,0
43,44,-3.90799e-14
43,45,-4.26326e-14
43,46,-2.84217e-14
43,47,-7.10543e-15
43,48,7.10543e-15
43,49,-5.68434e-14
43,50,-1.42109e-14
43,51,-5.68434e-14
43,52,-1.95399e-13
43,53,-3.55271e-15
43,54,47.9445
43,55,4.26326e-14
43,56,17.2895
43,57,22.1096
43,58,-2.84217e-14
44,0,0
44,1,7.10543e-15
44,2,2.84217e-14
44,3,-2.84217e-14
44,4,-8.52651e-14
44,5,-1.7053e-13
44,6,93.0219
44,7,-1.10134e-13
44,8,-2.84217e-14
44,9,-1.42109e-14
44,10,8.52651e-14
44,11,5.22692
44,12,16.9952
44,13,-4.26326e-14
44,14,37.8727
44,15,3.55271e-14
44,16,3.83693e-13
44,17,-23.6867
44,18,-2.84217e-14
44,19,-3.55271e-14
44,20,0
44,21,-2.84217e-14
44,22,1.56319e-13
44,23,-1.42109e-14
44,24,-1.42109e-14
44,25,-38.9652
44,26,0
44,27,12.4921
44,28,18.4107
44,29,1.06581e-14
44,30,6.25278e-13
44,31,1.42109e-14
44,32,9.59233e-14
44,33,0
44,34,-1.42109e-14
44,35,-6.39488e-14
44,36,1.42109e-14
44,37,-1.42109e-14
44,38,-3.55271e-14
44,39,7.10543e-14
44,40,-8.52651e-14
44,41,1.42109e-13
44,42,0
44,43,-3.90799e-14
