0,0,31.69088666907625,30.60415680733657,25.73280185198991,26.59174791953565,30.77956362904536,42.02788871684872,32.65342972994726,33.29831966710359,41.11390597522479,20.3814968101481,23.66898463957422,14.73406089222957,26.28102901082984,36.00330520184608,30.82474421479787,35.15714816769673,36.45146460919156,33.00788741763747,31.85032289849852,26.66847374981257,35.63275955572001,34.78821389436686,29.12401647623077,41.73729009436877,31.94250156830807,34.31206216785027,22.04411179107868,36.56765362348487,40.9897602034525,19.70030235600037,35.87670805120137,21.03735083941277,39.49258377484705,35.94166454670984,16.97395088759717,23.47679847492129,37.10253673672543,32.30212427667492,30.02778053950618,44.57934609804042,29.14985216487988,23.96069737003373,37.32612288843289,38.08020391115495,14.88258875339778,25.04680995329913,28.1783622722924,23.7628894903426,27.25093152348204,37.34130208717184,37.08320315584043,26.97386606917823,38.28615576282914,32.33951029641629,39.64662444720155,28.07697057388015,39.05834539037225,42.44379578433215,32.61579814754252,25.61286810561426,18.8032140194581,32.44626543169809,36.72274065241144,25.60175761898914,41.52172736554569,32.18131913426527,37.73307778218334,16.2837084847802,21.37878920754315,23.78925695500895,25.87996626256398,30.8912883532696,29.54344249087023,25.77813331967495,34.53428892834875,39.2312903405569,44.67863007302707,38.6186674991335,30.43100229988606,36.25768500103488,32.44902939496373,34.81816452949945,34.82214712501813,38.49689076166112,25.12646005166405,37.49135347075779,32.25108723339371,30.49548750605354,30.36316725143586,32.93501639523789,24.60558976662741,33.0204451173535,12.63443971428107,21.55259432354978,26.20393281763957,35.99715689318236,11.73273464147613,17.15948208613644,20.18805463964436
89,31.69088666907625,0,41.75710733723013,31.22661940385926,18.95715097325544,35.52730656506612,27.03553710301109,15.89152281462112,31.10666198227564,37.87307379831984,24.96758514907361,41.71195976734552,35.88068827406823,38.89298412864531,38.94745207175045,27.09943591023046,37.59098126359507,44.31607625109627,35.13472393508268,36.74290671518655,43.40915196836629,30.30612200747978,28.30954055935381,46.83140424272903,23.87786276168704,18.78101169399162,39.81170910251998,28.08765963348682,33.61128284313374,27.12436312418348,41.86888331516374,45.22307929469262,33.76670096596001,41.71935412430078,34.55992923587498,38.4643815655794,27.31089785340479,37.11856490136896,40.72484579318481,18.63449817188392,35.41678931876593,42.6305622002055,24.83179421552505,34.22770085272862,19.45428975871435,23.80777147661161,37.59488071165258,33.8856947754458,35.88739225999559,27.73943870041229,32.29748041104926,39.14636280604543,36.35441239703871,20.74414964910391,33.24648845233217,31.13175952086617,21.57681638651819,38.47417091671564,40.72157190161818,36.35056102095515,43.12778238505366,27.81170704550194,31.98269332396551,41.46479634647182,30.29144787019274,29.3029522442545,19.71108684045051,30.3650670510511,32.64415961122769,27.34750688208775,26.26484728588773,41.19438233811027,25.49730722529595,42.00467478965062,16.53965435984226,28.35556905533568,41.01292123512019,33.62350020195846,24.7818540035178,31.11249595704666,17.4774591436544,43.14133546074747,35.29577414112386,28.66569460710749,26.59845814834454,29.69216075708427,37.01536466440691,35.34253361354857,38.63838600882313,28.75714512518863,25.76502461968724,38.94075589909223,22.88608489079119,30.77716808588807,38.69837256811267,20.31186096376154,40.71312511645901,34.25507297001394,18.93518759583739,32.75475729030877
98,30.60415680733657,41.75710733723013,0,32.2142320147693,43.14518313124361,36.655400954372,39.3709585631121,41.65113955689475,20.9996843444125,36.57081133535332,41.30038240194386,14.20973925620654,34.04523968769734,20.11055871396684,23.76778345079877,43.91067660288025,17.50044281778091,27.00083591625835,32.81171066126363,35.88340546043415,15.34387217346643,26.78217721584177,43.59606758216513,24.30710194852448,34.90307411261227,33.00083147761147,33.20369156366858,27.69567650880355,26.42231753548176,37.90133044774183,21.05376182768003,18.14239316285472,32.95157358535955,21.01704638055206,28.67555485909273,22.46934327127232,20.37193368064693,28.34491222073073,18.58154898477686,42.42444478271462,29.93217663526109,31.19258601791335,36.68645710875363,27.43818327422548,32.20227417690455,36.80149700665925,36.10421414792161,34.34299608305226,29.72932381406167,27.94448877447305,29.24443856758879,27.10249948034321,16.62430444846477,37.14366592480486,36.14892914574263,35.98269273349914,37.37361569583721,17.62818401709644,31.27078135772433,39.42115398960907,23.40330445904516,34.98708147386745,32.77438904916706,27.7649966007166,41.31965309971874,39.90364731122435,38.03454572385366,23.22821864911602,29.23729107977032,25.00569069023836,29.6479635219135,25.82123316064683,32.5366334423147,21.47009728534466,34.14658893207586,42.40390650893437,26.89784040373497,29.69361123418962,39.88055493467127,21.06803487176742,38.07815076402763,31.92420134589619,35.37562039840904,38.37770411444514,35.97642724654029,31.85805359817337,15.629333081088,28.73731326519095,34.04443879775339,21.86996503679512,33.16837964912786,34.52428978947655,38.19953995399992,33.29309985171957,22.91494602029142,34.74578303611334,30.3211089579044,24.57458971462568,36.50221507746796,36.90453403004185
27,25.73280185198991,31.22661940385926,32.2142320147693,0,26.46363941008807,16.56118628623218,34.53546399493715,36.6020772981613,28.12180007331605,41.04045781973911,28.52245397869694,27.08181117165305,24.02072909630901,15.25648927423076,23.01022129000627,34.71435007719951,35.68073550351527,41.06175833626581,27.61274271794533,19.02052654002748,27.93792752361092,40.21568463119741,36.15956519884737,32.03972743702788,38.41767691467359,22.18389230048096,28.1870192681701,38.03285870953388,22.57183644481484,42.65804372625806,36.13066360984715,31.39253442436604,19.37756751915938,39.96813352211883,36.33655202333495,28.21036731524825,23.61846759735543,41.55216759654387,40.7553895556003,19.98449944572937,35.71355681294862,25.08802229077805,11.6299782016159,32.75484169617943,29.88907125772586,18.10925701082811,35.26074272213695,41.51586659197457,25.28617526852328,16.9004185138563,22.41682925706928,36.35098956634237,28.11204483656163,31.83906862836166,38.13167849412528,22.99627931567831,38.14410893269771,28.49633460310057,37.15855960598116,29.98636955606412,35.93071445875817,28.42741698286794,40.32703132757069,19.01328282642309,29.1725419671323,31.94564706148314,23.45819822925649,36.86345668568697,36.44614016058365,30.81977706431642,11.46278167794813,23.37085033583768,27.6079609537443,33.23084779909326,34.61812802512397,29.58550404297556,27.37093355722787,39.60700091439075,22.8528158613134,38.94656888664639,34.94913879225188,36.95766981409928,26.78227191502253,39.59632460327367,27.17295232785343,37.25634398136107,37.39298338773902,44.35261816863913,38.13991416907174,34.11845083712448,42.36071620771293,28.06305297166026,31.74971560662889,26.20437735293962,35.29604452461505,31.39874491101317,29.42109841010202,20.67923450136395,30.44204718647233,35.70829508142511
39,26.59174791953565,18.95715097325544,43.14518313124361,26.46363941008807,0,28.7434792652662,30.38891031113958,21.37256719366701,34.29719085205187,36.90437673130378,19.22574403308657,39.20552597089698,24.74066034159956,35.36754635590115,40.17232660442362,16.44018772913649,43.79965925539008,41.19144001560884,24.48819618565564,24.92782854887182,38.10623852189941,33.82481332757141,22.09543043222012,41.48303044273696,31.1390978795108,28.65052439083788,29.94516179485091,33.3205419282931,39.94193883797305,31.82938464171196,39.96430634513229,43.15318747704352,21.18368156295512,43.85663894260315,30.85100374729086,37.69870372106595,33.63266108355395,41.5692092646048,40.2965367990989,18.19246416586935,37.7671911154082,34.34580198506482,22.0540184097089,41.58088574852692,30.90367899012219,19.73049998311273,27.38459455446725,31.94014098707678,37.8450704819348,26.10320350515122,29.5661207874344,33.84408259558335,41.49413849109597,32.6273175331329,24.90003213083256,31.29565681416389,20.70105347827028,41.39144275096135,37.53026682445706,26.36469760849351,36.16943316851503,30.22240248204958,38.83017768219667,37.66985656028749,13.7641131963924,25.46353546623979,13.90270104048009,41.0954934689417,34.34902478156582,28.60150465422692,27.43671331942258,31.28570854652768,21.33758233666051,43.52761469402971,27.91563843421444,26.17250580990664,36.03885965082949,40.9786443855909,22.51381653335472,39.13617534820158,21.02464797713561,34.11616875419728,33.69391894555863,32.50715336586819,33.52986841492582,25.0823764383203,41.21925576035897,37.34438639415932,37.35364155770994,37.01573718521495,33.01816585744898,33.71775327024383,32.91331679200351,20.24589650533618,33.12859277880899,31.15475613957752,41.34599772068175,32.02856437998457,20.85442279466838,29.6414005091532
21,30.77956362904536,35.52730656506612,36.655400954372,16.56118628623218,28.7434792652662,0,28.20057488710476,34.12753645318963,37.83149905292451,31.63480757215008,24.98612919094952,35.57559921162517,22.17857673978617,24.15197716408401,21.04764011066635,29.1819302768485,35.38252769081274,34.55850960064362,28.59667209307674,15.99700746463434,29.14707539788649,43.62446802362112,28.00918555449896,26.11361740319993,39.88151465541014,32.14328337915196,20.47679996842496,43.41010550163835,28.20433430475452,39.33271085494963,36.95188120523822,27.65262643815231,26.19345471793181,36.31590496429585,39.72880727955867,29.40953135181764,32.91943967932495,36.24183485832221,40.89859004630679,20.47347600707199,33.93949967721063,15.08699673363408,15.67565176830483,29.84525780659233,34.75557664121987,24.10868681508853,29.18309959032029,37.07791691158694,24.71722383007541,30.24095001274287,26.28156177865362,36.60494507228975,32.94663900935643,30.92931547965915,35.42235380816796,17.56593374622424,40.46638152067835,33.0863746859769,30.68101847597055,18.21219723759392,34.96486406665237,27.99677704704597,36.43767210958987,17.67330849002203,27.0631211542421,27.69605065466711,28.23948077407186,39.82489793795798,38.28463899207524,39.97811361282353,25.6525393520333,27.85433666600872,35.49076135139337,29.74296854652992,37.61743897883031,18.74772443501852,25.82500914588711,37.79573446891748,22.78219516620376,42.13699107401902,37.75550494211578,30.45355118265883,14.22225293050911,32.67207680680414,23.72307198110618,40.57299978880791,40.69691811338857,42.87554500898431,29.35852417332604,43.07121230430863,41.66980360096503,18.65577390725303,29.81292044474967,31.84484489435926,37.47194291895586,33.80062372208459,20.44858463353584,29.59637012129721,37.46893311029422,31.19134172427081
80,42.02788871684872,27.03553710301109,39.3709585631121,34.53546399493715,30.38891031113958,28.20057488710476,0,20.30137512409138,35.64635113657489,17.86814061370679,31.32515124864686,45.20119284748284,38.14665376452997,38.82808574335991,28.33938456302178,25.6403454004586,30.55353660475509,30.84921029018019,30.99533946379269,30.75007532633698,38.68352084865354,31.56185768148471,19.60604177293248,37.90364822530446,20.01080409146688,30.99240799431003,27.18367508286007,40.21454165818371,31.58783103292185,17.19453170502373,43.18180006413967,32.56264725325375,39.25082026523161,27.79219899698024,33.09847908987012,40.45592201309979,35.9898729422184,25.34601011045034,36.09614829576557,25.47186038056084,18.76772086826021,32.85507582024589,30.53792676338325,24.58433799232417,22.21186170326402,36.45885304040415,33.67509905842049,31.19938598087044,36.88423634169455,36.37585091727634,25.92166819237788,31.65380374181479,37.94814987813437,17.61432505396548,29.22624596743294,16.50908954508936,31.97903134506831,31.63012676155341,21.40821584525795,24.580816278246,39.72933091434909,34.88330816791225,28.53556423884005,31.3439291751191,32.71982158147578,14.50649082531149,25.72983767284841,28.64296815891054,40.70784289861832,40.14817555241792,36.17738633576973,40.48297220985825,33.32260295820696,35.3492408110605,30.53296137083091,17.67751738019485,28.29246993574804,18.74330345952272,18.98708587656726,34.33702673383083,23.45451801137376,32.95647460373851,20.70828114200904,19.94133710925223,16.63967035610604,36.91039973038686,32.38934514359747,33.06696145835828,29.5574756304625,38.75108212521241,27.46660880420141,33.50130479439375,24.75871471066986,40.99541231722953,40.54851375333742,31.25723159387948,27.42557638307507,43.00366148429964,38.83428940940795,34.90499096744871
78,32.65342972994726,15.89152281462112,41.65113955689475,36.6020772981613,21.37256719366701,34.12753645318963,20.30137512409138,0,37.02754125388952,25.82572600099533,20.39740239330068,44.24852486304309,33.00433996715092,42.2149790897579,38.60487460464931,17.69894298179824,34.62787674831842,34.67253877178404,33.88737049191523,36.03613292783841,41.23583623308641,28.55970807274473,16.19997388333914,41.07433564285751,22.92705219806223,30.05155124172538,34.23724451461054,28.59762948253465,38.49447087213798,16.89248792457662,37.88405831920938,41.09594712296366,36.32924858716143,34.93515223237245,33.47753641654185,36.74006566039082,33.24591073857997,27.64967152994749,35.12896993106629,23.22921345136061,32.48879450340342,37.62479971254783,29.26410514490528,31.46466979320251,25.67936219393291,28.46701298650108,28.50120366146731,22.20799565005867,35.46597042400332,36.02639026231982,34.91755551623744,35.41252239882228,38.08883589092432,21.31557973798722,25.18568990690785,30.65521135863274,18.34353757875432,40.57052894352844,33.38213056319908,28.05111942622532,37.624750739229,26.34859774190936,23.65933570480464,41.94335655510396,26.46363752726666,25.43674639119189,24.92306827577313,30.86975926822916,29.53182721041306,32.17607418070551,34.90791051793965,41.58135645508641,30.77596452698642,37.39982493075521,17.40703225514189,20.84475248246238,39.34388390265782,29.68190349104146,27.54231158510288,29.48470327574784,18.83445938911835,34.49458338383567,29.5255867255248,15.54781286199179,26.36889069531149,27.16002207996532,36.04243157589273,26.49257429710034,27.88245098374791,34.46898955437997,17.39836919719665,32.85028113963232,21.77610029466302,32.05753724983187,35.10937980168844,22.34389933573593,35.96662579940913,37.94366835334834,24.68011754490864,24.36581819039583
67,33.29831966710359,31.10666198227564,20.9996843444125,28.12180007331605,34.29719085205187,37.83149905292451,35.64635113657489,37.02754125388952,0,40.89075005527507,41.29061489244675,21.57412533244888,37.81645659945481,22.67991218418578,29.50973445315275,40.85674475276875,28.5894446434951,37.73118682315607,26.6994348919267,32.99273323431407,27.00701408349794,20.72219976990174,41.9762422461425,38.53907996169678,24.57359356749747,21.39102292284507,35.04742467109112,28.15984202337332,25.23681196223988,34.4888364028315,34.80416683329174,31.0327313840215,28.31073681161228,31.29166437654383,20.63207005978192,34.41989051507672,18.87494983691791,37.20937995441511,28.01924282920363,35.82029073606471,25.88315240566892,38.89595617305158,33.20775246794933,33.46512884750653,20.58458888804125,33.92588591913994,40.78525660604105,39.70865537173198,37.82751389432277,14.52757371932291,19.36093841505541,24.99671632002866,26.6274316334835,33.04381706873033,34.18653779464793,32.41010297552285,30.76981604711371,16.58988292950643,33.49236247236749,41.48130522211466,32.79807852410326,38.95319919604462,39.6895145740589,29.7615220030003,37.60762135175204,32.49300517067743,24.97608120637511,23.46735891187676,36.05613897819693,17.97240888613159,22.86343409251415,26.67368232705569,17.43628673486081,36.55254143977822,31.35154805106557,42.32997920770772,26.20716233737452,28.61286174083288,29.72620945265928,25.45691807624179,25.5950951307001,38.34610328012929,39.71124173489019,41.35622486804481,33.85381528922866,27.96408642595112,17.43065921453602,34.27968724874498,43.75696064223055,14.97876947053782,33.3932805293606,42.97660978441832,38.1566450748418,30.82167664314072,28.96058499389799,34.28839006943272,39.40130886724755,28.21253419472951,30.62963698797087,42.85594844997772
60,41.11390597522479,37.87307379831984,36.57081133535332,41.04045781973911,36.90437673130378,31.63480757215008,17.86814061370679,25.82572600099533,40.89075005527507,0,32.53706373343805,43.85747754098712,35.18589013187711,40.77414183184702,31.06511600858128,25.50573771613929,28.46938101468656,16.64972694372191,31.87300043742999,33.21342109487887,33.41045531236069,31.61099895027701,18.98088702225136,28.95178267250531,28.33088231762773,42.27585068307247,23.30273084743772,39.55610085735819,39.471709028714,18.4798317321495,35.82410113650087,26.69663619598753,40.94757091753843,19.72405013335316,33.03110889985214,36.76729229141479,40.47280090762498,16.92734434507001,27.88181224024781,36.30274792619283,23.4302414409211,27.77578021350811,38.01599247570072,27.1814325735172,34.41968968770933,41.19887637467178,25.10081633743784,21.76637540263648,37.33807423629494,43.40095313700334,33.21753499704256,28.15629481760863,38.64142377564669,29.75738087085419,24.18994189960321,27.41144803526064,33.11119867191366,35.33656010005725,15.50402629474634,20.6307856787288,30.7187575853752,35.90195805753854,24.96067693852643,34.32857584166057,32.71924911904679,23.3732176180511,35.42343827331739,32.52792892915426,36.99266817541275,42.14710904290551,43.76126562800514,38.868611766872,39.18114579715802,29.5859721868443,34.73195850099372,22.41861944697402,28.93709971018797,22.88611076718295,32.12696822656089,33.15477270492816,31.77878410501769,21.90913196598485,21.66449039039016,16.72609306229388,28.29222179062396,34.76853912122051,31.5955078520577,24.86242499531447,19.3564332126525,42.58089471282893,25.71946483548362,28.70564216117056,31.96399790785305,40.79504629047567,34.14053118404528,36.48513432895506,25.66798603571221,43.78830813156703,42.70687608566237,29.41264741521222
26,20.3814968101481,24.96758514907361,41.30038240194386,28.52245397869694,19.22574403308657,24.98612919094952,31.32515124864686,20.39740239330068,41.29061489244675,32.53706373343805,0,39.23830238583824,18.03898163455907,35.95672073485682,36.79144397595784,18.0790276155107,38.09236436221503,36.18150156892922,34.16656371225917,30.14456308131115,36.34095075876849,39.086640764441,20.38314600330416,33.34539003902664,38.23425938818029,33.07632404043868,31.37158588788103,30.78924283840194,38.80348111298654,33.52039302468231,31.4868738562405,39.48675428614267,28.25053598800935,40.36692984950258,39.93985364113059,27.12361812013809,32.31538888071898,33.7558719047483,38.69577404560152,19.41807702750678,42.11012960437542,28.14887533344266,19.80774453404159,34.62600196279278,36.05670350451897,15.63435900262855,21.63559255981578,24.28723594667185,25.74148959467294,34.71393621202549,38.04255935998508,40.09072557253647,35.35869035986822,30.33610994730747,29.51600238633682,32.72744551005083,26.6746081794182,44.04201703515481,38.95843943073332,22.7085883930141,33.6855940604371,15.63411796852863,27.54488912808908,38.18745507427874,20.08841297640832,33.50353572674771,28.78950239791624,39.61594995147887,24.19520775147083,33.10547557883669,29.78729738291613,35.24269505352547,34.75325370322397,32.88583417234213,23.63495054134777,18.96911852172684,40.43951082295094,41.57123435271529,31.64547761840105,35.7730931650426,32.17716092363768,31.93575908199925,25.85034763037817,23.32472478280977,30.59257129390954,30.2441681543558,43.17786568737693,33.42026532426269,23.99401831818475,39.4511311086081,29.7895385630505,19.86982205396027,24.15497114116758,23.17557634343076,32.25925589256399,23.04011754740567,32.15266846018932,27.87871806067646,21.96058926293048,14.05933257040282
81,23.66898463957422,41.71195976734552,14.20973925620654,27.08181117165305,39.20552597089698,35.57559921162517,45.20119284748284,44.24852486304309,21.57412533244888,43.85747754098712,39.23830238583824,0,28.442743813685,14.76457887301933,29.36955068065666,43.41641088002828,29.2394283424621,34.30585984990749,30.45208584243936,32.54698020746858,14.82498137616486,31.60678649381938,45.51488267366378,26.76257641476359,40.53289325258829,32.82995272815798,33.84968061165324,28.08849274090903,30.50120322499178,44.43793697598466,21.50591220150062,25.89082556432896,24.25923109771119,32.69693899808637,29.69767719472258,21.82357864684313,20.53686806259535,38.25556405080023,25.79430556245743,40.89868973981989,37.80138942357173,30.99519322076693,33.46345109752089,36.33762954817038,36.63864452570004,31.26560752755227,35.28053700414951,37.79219582052021,30.62549087441997,22.21583841276725,30.16235270219423,29.73570892021374,21.49159541599988,42.65376985354834,36.88045717312106,39.45472474760947,37.0249689435429,24.91255604102466,38.01582783218066,40.08095196439422,23.01923028473227,34.64065041572363,39.85953215210587,28.95103974386468,37.202276217152,42.71685353225561,35.82013812914406,32.91506250087335,29.13651396783478,20.7758456674956,24.79113945467351,18.39310617262684,29.13970380890024,28.42919184952998,36.32320439939591,44.78067899777523,29.81178608107357,39.98257718133981,40.42760355974427,28.69733343551154,39.63454509417218,33.55320203092995,39.34569086815512,44.21643870115367,41.14915216650366,29.93880984982047,25.80698765245515,34.97130105288084,38.98630732806004,24.23469449730408,39.03979498218453,34.82161243370578,42.24866052767322,25.1484346830806,20.65372087532927,36.95417986233823,36.36030276337507,16.44904004740023,32.17324218619461,37.10119118207606
41,14.73406089222957,35.88068827406823,34.04523968769734,24.02072909630901,24.74066034159956,22.17857673978617,38.14665376452997,33.00433996715092,37.81645659945481,35.18589013187711,18.03898163455907,28.442743813685,0,26.16963011786973,33.52771601186484,24.38433243303234,37.82133069908551,31.43164186731758,27.00717219862322,22.26290371525141,23.98076392077992,38.99012117477497,28.03352999467209,22.76222845133183,42.78466150288271,37.30133483993841,23.86449346319896,32.61570900442075,38.9032604077903,40.06299965894596,24.04068764040801,31.71995431157539,17.55198889284591,38.00208788828233,35.44366457742474,21.43083211503083,31.8170280068259,36.72032026239959,33.50926233503414,28.49638447250078,41.90922111412959,18.22470799619142,22.78432778756443,38.17397827086059,41.19722642232471,18.78057251207278,16.26806349820463,27.09892731150912,26.21083192650489,30.57071234066063,34.35036889950167,33.6779370056825,33.08994444506085,39.83543766859271,27.65396911240613,34.73347328443444,31.20704774736889,39.73970306046709,36.00243869674488,21.12533988380263,22.52169674533271,23.48370800538516,34.9804488251368,31.21711866955959,17.76167026028464,35.73437582929315,30.69702512498082,42.65631641775501,25.49046149390118,30.48219311992304,28.4221665031129,21.34255629620504,32.38890671962172,29.7426662113887,33.33830962933089,28.14794115038135,33.31233846909524,44.57833119816662,34.56493163708804,37.52685230213795,37.34322080760224,23.60701721414605,28.06161405592334,33.18200467505719,37.31217504315957,28.08991260807805,40.25504418588091,34.50404962910871,26.34524419886365,39.40753376278508,36.70814339372075,17.07985747490831,35.53880595948063,15.44467920770234,23.12852036698782,33.13235674667877,31.61598810794871,20.68608994508028,27.16565246459651,19.54797284916879
44,26.28102901082984,38.89298412864531,20.11055871396684,15.25648927423076,35.36754635590115,24.15197716408401,38.82808574335991,42.2149790897579,22.67991218418578,40.77414183184702,35.95672073485682,14.76457887301933,26.16963011786973,0,19.53547959426771,40.49640413481242,29.44656129603794,35.30058445934178,27.06346535848381,23.17653570047327,16.70168319106424,36.19342980321457,41.53757947308578,25.12519746228784,39.13635388043387,27.60175679672694,27.68606822808308,35.44073951468283,22.00562156068705,43.67543476569482,28.9540161997018,22.34647452796037,21.25797093790772,33.12158776219728,32.2105657210672,23.58245083231112,20.87326002505873,38.42707659556461,32.56351122239819,32.50789939276043,33.36157333926824,23.9122457297003,24.23865081933735,31.60504006462545,32.49992621079991,26.99473335851058,35.37456336203932,40.55787974599384,26.15790632585817,17.85335572254635,22.25760683404459,30.89748049543254,21.78532688627861,36.9465985607356,37.84421072230088,28.58273648120635,39.92781152588471,20.5627374059892,34.11727570759192,33.85966055963085,28.53395456045738,32.61801370719487,40.08404196490425,16.19002995668223,34.44378646490598,36.13700768778421,30.41881564112423,33.31851442811418,34.57412859069555,27.67359672098564,17.6228794000803,16.82300380276136,28.57391279283974,27.51759394109514,37.43295475911115,37.23691021927647,22.67938182542463,37.34065595720168,31.08328840458714,34.10789758493517,38.34588245611037,33.37734172225941,30.58292168014356,42.16875356572835,32.6399311892075,35.50226074362339,29.33761275776198,40.35384563455456,37.64892404593275,29.57550588575935,41.88483543039038,29.90247549518106,37.42836445006526,27.45471917537714,28.7037904766061,35.46780419246007,28.71744082669328,17.89206500771815,34.44954391883071,37.66066443517412
43,36.00330520184608,38.94745207175045,23.76778345079877,23.01022129000627,40.17232660442362,21.04764011066635,28.33938456302178,38.60487460464931,29.50973445315275,31.06511600858128,36.79144397595784,29.36955068065666,33.52771601186484,19.53547959426771,0,40.53069368794716,20.45320838990855,30.65889916702267,33.35690593770455,27.71224297934865,24.41079183875675,37.8892093919285,37.58312042195223,24.34466647535908,35.27166925767209,28.67999035336666,27.22938287841414,40.23307572572831,14.44765381923018,37.53072242519586,33.77370099134431,16.20861318865382,34.66863960580358,24.67344078763665,37.43290524117269,26.91412399581012,25.270272132906,28.60776391280674,33.81008420517868,31.11711432307183,25.26801885833124,22.91663437032609,26.03575580437901,17.09527541291812,28.14373061369812,33.39730753955649,37.64185173076884,39.14196549486507,23.05779514363932,29.4580254126175,23.5323189589473,34.02588619590075,20.91734648851967,26.8708027538646,40.11238032564739,17.94620757096125,43.62771598131682,17.55145355968964,27.11319478633863,30.80807372356159,34.6631054960035,31.81942592169472,32.16153171912966,12.4883460205257,39.98556899540818,31.66484786762422,34.26480640808452,26.60511145541389,37.86776527930612,37.64044080298729,25.8254142827132,30.61667539712225,36.91008224113451,20.70994814576738,36.56849159123393,29.21013134089655,21.51368701736174,26.39186097060056,28.23039705132657,32.83715395620358,38.89097605918371,34.22725096929359,18.7216745024772,33.80394042707587,19.86265998795006,42.49181638278116,28.21112178407775,39.02690338857578,30.9017751328654,34.17362897123604,38.58323221532489,26.94730235837713,28.94240761069434,39.26412744151867,36.9701811452975,32.43911542186971,13.89756315741677,29.90910015717017,41.47801607325032,37.50312232557232
72,30.82474421479787,27.09943591023046,43.91067660288025,34.71435007719951,16.44018772913649,29.1819302768485,25.6403454004586,17.69894298179824,40.85674475276875,25.50573771613929,18.0790276155107,43.41641088002828,24.38433243303234,40.49640413481242,40.53069368794716,0,41.72166275203088,31.74442226578004,25.44720843255319,26.66704062985822,37.1703634169041,33.50858522364547,8.341301722722337,36.35330054206828,31.31931545831706,38.32931180336944,24.45833200589846,35.59734294400662,44.75474827955009,24.9573866374129,37.54048911870137,39.58304915412417,28.46820860287347,37.89437609448158,31.37446929849791,37.6706316937873,39.90785133943906,34.01730054177602,35.80989666779894,25.63223359690852,35.46538967861092,30.01660774902202,29.46800763648762,39.75238179053337,35.98291751702159,28.3923127597768,17.43011475161188,21.97497681976839,38.89212153398119,36.65411548276707,33.71520852359745,31.02441616439067,43.9357726404391,33.78557209498415,16.75913242553803,31.87427681798816,21.015027106389,43.86195187445432,30.30585371555266,16.95669407225276,31.58698207123456,31.14789000995941,33.35652044328751,39.26765190323575,12.36796842267842,22.81262344518447,23.64043271398444,41.85685542057829,33.57224558353591,35.31910517335351,37.61411360770292,34.12126893693598,29.81209467281002,40.02977534174402,30.30635320074266,20.45765870764396,35.22736313495109,37.95653225894004,27.36689408233869,38.76812633225322,24.39592109446615,24.78775497826371,28.99832588138559,23.54101649788745,34.13054239277606,25.22557004966537,40.93245985039144,30.58602137053542,27.8399489876055,42.67141517763712,28.47158835803582,28.81936329704378,33.35333722054003,26.15429414834376,31.25962209324484,34.06949991836265,37.48027508872583,38.08254071400815,29.25322507263261,23.40742306701312
73,35.15714816769673,37.59098126359507,17.50044281778091,35.68073550351527,43.79965925539008,35.38252769081274,30.55353660475509,34.62787674831842,28.5894446434951,28.46938101468656,38.09236436221503,29.2394283424621,37.82133069908551,29.44656129603794,20.45320838990855,41.72166275203088,0,25.2258914281655,39.05139176134512,39.96532406860545,26.56319024213713,28.61486474389234,38.58794890699739,26.9306878026882,30.7119429363956,31.36885157957967,35.46229241211486,28.80926110738796,22.81188650508262,30.50799791132832,25.74470473301127,20.20181176556945,41.25335522358641,14.8717765093225,35.21280376713882,23.98201383976506,22.14728782238139,15.76709867671738,22.89057125268492,38.62429178892671,26.44596798021835,32.59905438002964,35.4907052997081,12.79332530647667,27.17444431416665,37.58763243727123,37.15232434687583,30.55466994249912,25.11842077482249,35.14353028483694,32.77308471713469,33.29443053257895,15.35829264838774,25.95035178728329,37.88599073876414,30.9176733796774,37.65143100195807,21.26030936891536,29.25667160797931,37.41672180193094,31.30159921646867,29.81389374855261,20.0877665745343,30.45684619433258,43.85566430838796,37.34613073783589,39.58440412510569,13.48134505008469,28.33787944546363,32.27387874495808,32.82692735479355,37.1185187719679,38.57993126137942,15.2696197985871,28.03691000260012,34.77448376579392,31.26814326061747,19.88297331155765,37.99239854841075,16.61340124457146,36.70539229129108,34.67479793799871,27.91236436016406,27.43926629301697,25.86357350189438,36.71797443719728,18.54779963863601,25.65382150527016,26.27554022168763,25.22799300115985,25.93693956070426,31.37033011240754,26.87179695266753,40.14291646241424,31.53327439009295,26.73327277858684,21.82903024008341,31.30557744584886,37.80124957636318,33.13113647806347
63,36.45146460919156,44.31607625109627,27.00083591625835,41.06175833626581,41.19144001560884,34.55850960064362,30.84921029018019,34.67253877178404,37.73118682315607,16.64972694372191,36.18150156892922,34.30585984990749,31.43164186731758,35.30058445934178,30.65889916702267,31.74442226578004,25.2258914281655,0,30.15422474887398,33.52760576699421,22.31830898339388,29.26109195653845,28.89907792599989,18.86244535349212,34.2285787692465,45.27965884772662,22.46380340038533,35.5303051764953,40.50863048678096,27.47094643998217,25.07959979494873,18.60261907782562,37.38476470798797,14.05463270133737,29.44625416927637,30.02306690436421,37.90950198064206,18.02544882860833,16.54448507922698,43.23546370920123,27.56784172416707,24.26735999110729,41.13506009836694,30.41066539480546,39.61179760188794,41.96367559354774,21.73230145797311,20.2109421399731,36.02898801913996,41.75115239199766,34.36396548196628,22.81908423444369,34.02909862800618,38.52909048663738,23.64233021616641,34.8503007993087,34.32224427865215,32.41409848259534,17.48569845837946,25.17178551574824,18.05190795639605,36.88120988997917,27.72238846255724,33.07688635821767,33.96978663207727,32.11686047050313,39.66565588653234,33.1302466320556,32.25449923214581,37.5456802136489,43.41089328694187,31.40124467265833,38.68151449851477,23.78161184896618,37.53707922696138,32.79827288946325,26.79711598002477,28.24482227621602,39.5177172095891,29.59092568590381,37.11033549088364,14.05591706204377,28.01993282096415,26.13857265841215,36.72518752522775,30.76338210478059,26.32443533169843,20.20560892951026,19.658856860777,39.27115065534456,28.2488180726447,27.75096107081024,38.996232711456,36.59171453448949,23.68063389448805,39.80702583692184,27.32954466189797,38.2408082835025,42.5209133720154,28.84645266722277
52,33.00788741763747,35.13472393508268,32.81171066126363,27.61274271794533,24.48819618565564,28.59667209307674,30.99533946379269,33.88737049191523,26.6994348919267,31.87300043742999,34.16656371225917,30.45208584243936,27.00717219862322,27.06346535848381,33.35690593770455,25.44720843255319,39.05139176134512,30.15422474887398,0,15.14177003387855,24.38534164628604,27.61800198664126,28.08273828846334,32.29052953811853,29.13150217689674,35.30963659838314,15.62444536966158,37.99159542139369,38.35940097507384,31.9099380987916,36.7666690812597,29.73609607946173,17.4039604918735,33.29587521507742,16.06715832158129,37.95731081471499,35.41353335009271,38.82642790086013,29.72637691897561,32.85074909392004,26.22105789844545,26.92031549447806,31.75586268542505,40.9997086735757,33.08607537068254,33.25858067919599,25.64134802285091,33.50809372800786,42.11732298944095,23.83961048727128,16.94434319606839,14.45728198157068,40.0756338787991,39.48909375787427,18.37315561371451,28.82508135966689,27.88978495876363,29.68961501428732,22.84636525093925,23.98700740578612,24.76573373684919,41.01219453384031,43.34269948789615,26.70115281310254,19.38294012676928,19.93091114115373,18.55990164790368,39.43051090130291,40.1066507510089,29.29126231709097,31.86052824672175,16.5109930867683,17.05745492905536,40.06544466657444,39.12513075167779,33.58136813387025,17.34994887074546,35.06429724926041,23.35479068151421,38.56909254122682,24.90667445154634,21.75291519036957,33.46531822168258,38.09518623804759,37.14131235365171,24.02466496553388,30.48741168989408,34.78629772671813,38.16037704578638,36.51554958418559,36.98279349709068,35.62006961410815,43.19341447637375,24.47703760536457,25.38805051487983,42.59160678411473,38.35735598970871,34.10067707240151,34.97151964619938,37.500779803538
55,31.85032289849852,36.74290671518655,35.88340546043415,19.02052654002748,24.92782854887182,15.99700746463434,30.75007532633698,36.03613292783841,32.99273323431407,33.21342109487887,30.14456308131115,32.54698020746858,22.26290371525141,23.17653570047327,27.71224297934865,26.66704062985822,39.96532406860545,33.52760576699421,15.14177003387855,0,25.55406724800082,38.39819477286505,28.13628241322442,28.77324819214281,36.70095115586614,34.56299008758898,12.9774087016462,43.30908404314918,34.40059734197915,38.18302451004731,38.28669979919356,28.53394650396686,17.08028549116704,36.90858636970207,29.79469963037864,35.04749406440788,35.67303963611173,40.587203770018,37.49516308940386,26.49196022287645,30.93002109516543,18.49489879235994,23.3981898425795,38.36022727958157,35.58818283373557,28.29877222899704,26.7079151677024,37.44333266179081,35.70578567151616,25.32560676922111,19.09396417104872,26.78083332498144,38.55243556181148,37.79746041323677,27.80998340087643,22.50809521203012,36.08597076537319,31.66239791132204,26.65461929089073,18.48517039491631,29.93058333001066,36.79926334728739,43.390020339561,18.88473513875685,20.22466421605625,22.4955141582382,21.64833887522696,42.64236407879272,41.50132001658321,35.94680437464944,27.97916275107585,18.07302418159371,26.35397097543118,37.11985773068919,41.20280916578731,27.2735765455703,18.49617489969331,38.85933240883163,20.50797803878615,43.54141383337918,32.81718994094753,25.09663018453746,25.55701995979587,38.16647696862634,32.47115063897238,33.96554297841055,37.80587053783299,41.79782357735171,35.92121739253214,42.03738049316162,42.60582599283663,28.13956465927728,39.60579893594463,26.76573295554098,32.25106420572575,41.10777856315259,31.48081487823336,31.65867642288238,37.34543614526874,36.00699130680599
92,26.66847374981257,43.40915196836629,15.34387217346643,27.93792752361092,38.10623852189941,29.14707539788649,38.68352084865354,41.23583623308641,27.00701408349794,33.41045531236069,36.34095075876849,14.82498137616486,23.98076392077992,16.70168319106424,24.41079183875675,37.1703634169041,26.56319024213713,22.31830898339388,24.38534164628604,25.55406724800082,0,31.0587267586406,37.87611058138835,14.81858938615947,38.41672234764184,37.58904046618297,22.26302059767616,32.76182418424617,32.18224104480806,39.04709396038316,19.81521633814747,14.66786305781534,24.04100241682682,24.2671698361251,26.89439542007891,21.65403248127378,27.62458352051508,31.3824859796474,20.37634572113553,39.82202855578222,31.51031850767584,19.87793168635344,33.31905174461706,32.87278309794267,37.7796608460927,33.50972083342902,26.46573808986293,31.48396868125617,30.11278435771465,27.89226859200802,26.94267148556432,22.46273728496607,25.15036790378684,41.14230134350253,29.73825605039682,33.81776255775178,36.46758202164323,23.92791752156966,26.89155206077476,29.8207737331247,14.07922681563892,34.63100607143555,36.28152224889187,22.67505103726706,32.19156857178232,35.87219272995142,34.95834044716573,33.79259807167897,30.59377695732757,28.13306172346906,30.41114468224713,14.25649475333562,30.94208871428578,23.08659055845504,38.36195950043295,37.98310835706463,20.99410960746663,35.31062154782774,36.93848202732578,30.48737379632143,38.59855407183975,21.12318913318562,31.12182274764795,38.06480628311742,37.8433143315936,29.46245933603039,24.67745954142671,30.64226886026493,30.49352953485909,31.88367032330418,36.87165864231659,27.39422427992405,41.12615618896596,26.7541665287372,17.75957407001415,38.95951439325508,28.68133785185472,23.37003351536631,36.93833783483063,32.79119705112904
70,35.63275955572001,30.30612200747978,26.78217721584177,40.21568463119741,33.82481332757141,43.62446802362112,31.56185768148471,28.55970807274473,20.72219976990174,31.61099895027701,39.086640764441,31.60678649381938,38.99012117477497,36.19342980321457,37.8892093919285,33.50858522364547,28.61486474389234,29.26109195653845,27.61800198664126,38.39819477286505,31.0587267586406,0,34.01866579862737,39.13447748462582,16.58125528918496,32.38718259473918,34.6003363460596,22.65493430657056,37.71277229776469,20.71178876409436,32.51918392615419,33.78399751536126,34.61878027498135,25.36440065067359,14.26862609253611,37.3423510321612,28.92974772907315,28.65198142773877,18.15549091218728,40.23321818022905,24.35591131501791,41.23274877724221,40.82523897864964,35.17236776797449,25.04231822426991,39.25173421041965,33.82584026483673,27.2943781220798,42.92740761247679,29.85998658904895,28.53658448201964,19.30499141462173,34.01533493522734,33.66683988216307,22.84884961570554,37.69919206524956,19.2235177180764,28.04377984473092,28.37644535622807,38.54948683997457,28.08514184026063,39.62087616431146,32.77843977039259,40.00703821922635,34.63929827777225,29.97360809692083,28.39744485572193,23.33765562114248,31.91153846749522,20.46836531781529,36.37090031627076,33.37143043868134,21.59033479639416,37.42976950368628,27.07631744447658,40.44943208969441,31.38156788315327,24.07179634456875,34.62602345536448,19.4178640333066,18.83447624813735,31.75685614959301,40.86390449590991,32.31915025775283,37.36207635636427,17.75252440312419,15.40460640490958,18.94969422622261,37.40184648482693,20.55688542524736,19.54568978414975,43.20015638512513,38.34687597808325,32.04739053583315,23.79357623566102,34.57243149541011,42.07452157180975,36.63021875822542,30.38336318588664,36.99970567041227
