,0,89,98,27,39,21,80,78,67,60,26,81,41,44,43,72,73,63,52,55,92,70,10,93,85,13,94,42,49,25,22,45,28,34,90,1,96,91,56,16,61,38,77,14,12,7,57,6,18,86,65,75,31,99,29,83,84,71,95,11,47,48,76,88,30,58,15,69,19,62,23,53,50,33,68,54,51,79,97,40,46,20,24,5,9,66,37,87,4,35,8,64,82,17,74,3,2,32,36,59
0,0,30.363,17.159,22.044,30.028,35.633,36.258,38.619,37.733,25.613,34.312,32.449,29.150,38.080,37.326,30.891,29.543,36.723,26.974,39.647,33.020,23.789,20.381,12.634,25.126,26.281,21.553,23.961,27.251,31.943,34.788,14.883,36.568,35.942,32.935,31.691,35.997,24.606,28.077,35.157,18.803,32.302,44.679,36.003,14.734,32.653,39.058,42.028,33.008,37.491,41.522,34.534,35.877,20.188,40.990,34.822,38.497,25.880,26.204,23.669,28.178,23.763,39.231,30.495,19.700,42.444,30.825,21.379,31.850,32.446,29.124,38.286,37.341,39.493,16.284,32.340,37.083,30.431,11.733,44.579,25.047,26.668,41.737,30.780,41.114,32.181,37.103,32.251,26.592,16.974,33.298,25.602,34.818,36.451,25.778,25.733,30.604,21.037,23.477,32.616
89,30.363,0,25.099,17.552,37.723,20.557,28.310,37.635,18.156,34.719,42.674,42.418,43.544,22.221,31.414,25.698,33.932,38.666,22.066,38.927,33.609,25.534,39.451,31.896,27.399,29.576,28.943,35.402,23.208,21.865,43.655,33.015,27.752,28.297,26.822,28.757,40.703,42.930,28.569,25.228,33.520,27.237,30.239,34.174,39.408,34.469,25.149,38.751,36.516,19.456,40.017,43.789,35.818,38.607,34.141,38.090,35.192,34.958,26.572,24.235,36.210,34.554,37.130,41.287,30.441,40.143,42.671,14.345,42.037,32.888,40.658,31.251,31.519,32.276,27.753,37.461,33.064,15.588,26.514,33.235,41.961,31.884,27.144,43.071,42.581,32.039,33.836,29.430,37.016,30.637,14.979,41.505,42.266,39.271,22.728,34.118,21.870,34.897,13.902,45.833
98,17.159,25.099,0,17.120,26.730,30.383,26.616,35.476,34.250,34.736,40.448,39.752,40.054,30.654,38.801,25.631,38.289,43.269,32.014,40.226,29.840,24.352,21.961,18.105,21.915,34.450,28.283,26.114,25.970,25.270,33.545,17.198,37.638,33.947,27.004,18.935,42.815,35.245,19.084,37.801,22.588,35.722,41.850,41.478,27.166,24.680,40.791,38.834,34.972,37.057,38.913,35.359,43.967,25.880,35.258,33.363,36.880,34.604,21.234,32.173,29.835,31.891,43.417,36.806,30.632,44.946,29.253,17.002,37.345,32.527,41.440,32.903,37.266,42.742,20.616,32.073,38.577,27.949,22.671,43.141,32.091,36.938,33.981,37.469,42.707,26.482,38.788,31.703,20.854,29.132,30.630,27.385,39.706,42.521,16.432,30.442,36.502,26.822,23.145,37.927
27,22.044,17.552,17.120,0,37.621,22.655,29.763,42.319,26.177,29.273,42.125,37.480,41.462,31.410,34.682,30.092,32.005,44.738,26.250,43.819,32.105,31.305,30.789,25.398,19.942,35.441,22.236,35.764,31.297,30.615,37.730,29.131,37.602,31.211,19.320,28.088,41.361,37.088,20.741,28.809,26.144,24.640,36.211,40.233,32.616,28.598,36.706,40.215,37.992,27.612,42.379,40.606,38.786,26.549,32.122,31.559,39.144,36.179,22.888,28.088,24.843,32.399,42.849,33.449,22.191,41.914,35.597,14.548,43.309,26.242,37.718,34.395,39.556,33.874,14.012,31.908,35.043,14.623,24.975,40.103,32.964,32.762,32.078,43.410,39.556,34.911,30.549,20.707,33.321,25.640,28.160,35.580,41.631,35.530,16.110,38.033,27.696,34.138,21.196,41.737
39,30.028,37.723,26.730,37.621,0,40.233,28.165,18.239,36.597,42.595,32.470,39.976,32.096,25.974,31.774,30.509,37.934,31.454,35.324,21.445,21.297,21.439,19.418,30.485,37.232,32.508,41.063,10.680,27.251,21.397,25.888,17.086,29.086,39.845,35.744,18.634,31.653,29.071,32.387,38.624,24.119,44.846,37.304,31.117,28.496,23.229,37.663,25.472,32.851,42.215,27.025,18.247,40.277,31.072,34.569,29.864,20.466,36.579,23.971,40.899,37.159,28.515,35.937,34.988,42.008,38.466,25.632,35.076,26.492,34.470,40.160,21.923,29.112,42.552,36.115,36.019,41.081,39.158,31.105,36.313,34.565,39.822,33.231,20.473,36.303,20.175,38.809,42.295,18.192,34.789,35.820,26.553,24.314,43.235,26.866,19.984,42.424,28.998,29.502,27.387
21,35.633,20.557,30.383,22.655,40.233,0,18.834,34.626,23.338,28.085,34.600,31.757,41.233,25.042,35.172,21.590,37.430,40.007,34.015,37.699,38.347,36.371,39.087,32.047,17.753,36.193,23.794,40.825,29.860,32.387,34.019,39.252,37.713,14.269,19.546,30.306,42.075,43.200,19.224,28.615,39.621,18.155,24.072,37.889,38.990,28.560,28.044,31.562,27.618,15.405,29.974,40.449,33.784,37.000,20.712,32.319,37.362,33.371,34.572,31.607,27.294,42.927,31.382,37.402,32.519,28.376,33.509,20.468,38.398,32.778,39.134,33.667,28.537,25.364,31.912,22.849,19.305,19.418,36.630,24.356,33.826,31.059,16.581,43.624,31.611,28.397,28.652,18.950,33.825,37.342,20.722,34.639,40.864,29.261,27.076,40.216,26.782,34.619,28.930,38.549
80,36.258,28.310,26.616,29.763,28.165,18.834,0,22.272,29.625,36.753,32.852,35.392,41.097,19.351,36.817,16.662,43.440,39.117,39.839,30.475,33.134,32.404,32.177,30.795,22.148,38.346,33.058,32.940,26.984,26.159,25.500,33.050,37.125,20.520,23.563,17.477,42.447,42.220,15.895,36.705,37.461,32.706,27.142,38.891,37.343,18.834,33.325,23.455,24.907,28.865,19.850,31.837,40.411,36.705,18.290,29.938,31.057,35.864,31.744,39.635,30.947,43.273,32.444,39.359,41.565,30.453,24.396,25.717,32.817,35.527,44.584,27.025,24.818,34.999,36.866,22.491,25.945,30.152,38.761,25.237,34.004,38.599,12.011,37.756,31.779,15.086,34.719,29.585,21.025,42.123,25.595,27.241,36.969,37.110,25.059,34.949,38.078,31.545,31.760,33.431
78,38.619,37.635,35.476,42.319,18.239,34.626,22.272,0,34.937,40.968,25.435,36.212,32.123,21.428,33.028,23.931,41.225,25.067,38.971,13.490,31.098,26.350,31.645,34.800,36.397,31.083,40.686,22.434,24.515,23.940,26.329,29.971,28.584,30.664,37.343,24.782,33.237,36.186,33.156,37.992,37.005,41.396,29.705,28.230,34.565,27.542,29.488,18.987,23.355,35.698,13.376,23.443,35.435,40.064,29.860,33.658,21.308,32.683,34.739,40.428,39.852,38.056,24.116,39.504,45.974,28.056,27.367,36.200,20.508,40.107,40.491,24.568,15.687,37.358,44.174,31.524,31.192,40.348,37.862,23.712,36.388,36.938,24.715,22.782,32.127,13.235,38.667,42.055,22.514,41.536,29.726,27.737,25.968,39.518,34.592,22.853,39.881,28.753,33.211,26.414
67,37.733,18.156,34.250,26.177,36.597,23.338,29.625,34.937,0,37.430,40.127,40.739,40.630,17.651,17.546,33.891,27.190,35.237,20.557,31.356,25.510,31.180,39.616,40.911,34.959,33.319,35.081,35.991,31.991,24.484,39.279,37.756,22.385,32.728,22.566,30.365,30.790,39.266,33.502,13.481,32.598,26.949,16.116,26.605,42.656,30.870,21.465,28.643,39.431,16.841,35.354,36.807,29.893,37.564,26.618,28.991,24.732,40.756,24.097,32.915,33.755,31.496,34.259,34.127,33.189,32.705,41.857,28.671,42.642,23.462,37.617,20.838,31.105,22.114,31.223,38.326,34.039,13.884,34.275,24.557,42.005,33.793,22.548,39.825,32.528,35.229,21.930,27.079,41.095,31.679,23.467,44.705,33.602,33.130,23.105,36.863,23.228,42.395,19.964,41.918
60,25.613,34.719,34.736,29.273,42.595,28.085,36.753,40.968,37.430,0,23.606,14.163,24.150,41.791,38.237,31.716,27.641,33.721,32.505,40.061,43.285,37.606,33.686,23.712,21.753,28.534,8.747,38.177,34.237,43.160,33.382,35.374,41.924,24.837,31.900,43.128,34.935,28.487,29.956,31.302,35.121,15.507,37.978,34.663,22.522,37.625,33.665,39.729,24.766,27.832,36.646,38.430,23.510,27.334,35.275,34.764,42.994,19.648,40.079,23.019,22.485,35.406,28.318,27.304,16.941,27.732,31.587,27.677,29.931,34.558,18.737,44.257,33.633,25.825,26.678,21.584,20.727,29.984,28.261,35.199,17.949,14.079,38.223,34.965,30.719,36.357,29.988,22.905,36.169,24.848,32.798,27.686,35.106,18.052,36.788,35.931,23.403,25.937,33.534,28.298
26,34.312,42.674,40.448,42.125,32.470,34.600,32.852,25.435,40.127,23.606,0,14.456,14.944,36.991,35.404,30.092,32.670,21.426,38.403,24.029,39.698,35.244,31.372,30.162,31.856,27.686,28.374,30.456,32.320,39.744,23.724,34.294,37.201,26.979,37.757,39.812,27.959,25.799,34.615,35.462,37.607,30.261,33.684,27.229,23.864,34.237,31.039,27.184,15.624,33.566,20.569,25.959,22.186,32.817,32.220,32.509,32.882,20.745,41.923,33.850,30.447,36.576,15.549,28.860,34.461,16.547,24.458,37.602,12.977,38.468,22.635,37.752,22.246,28.370,39.563,21.664,20.761,40.094,35.475,26.152,20.606,22.263,34.250,20.477,23.303,27.180,32.798,34.630,29.945,34.072,35.047,21.870,22.804,22.464,40.958,28.187,33.204,24.264,38.116,12.930
81,32.449,42.418,39.752,37.480,39.976,31.757,35.392,36.212,40.739,14.163,14.456,0,19.661,42.208,38.067,33.928,30.798,31.954,39.062,34.860,42.509,41.436,31.936,29.067,26.665,33.377,20.579,37.733,38.412,45.691,24.812,37.694,43.964,26.607,33.168,43.141,32.107,26.196,31.450,34.675,37.434,22.491,35.981,34.227,23.607,34.495,36.288,32.956,21.753,32.584,29.067,31.418,23.799,27.722,31.056,30.497,39.898,23.882,42.639,33.553,21.656,38.296,24.903,24.070,27.293,19.773,24.788,36.169,25.097,35.089,19.828,42.448,31.985,25.594,33.916,16.766,19.948,36.391,36.201,31.478,12.910,21.123,36.672,30.454,21.909,34.434,28.830,26.064,34.116,31.727,38.346,23.579,29.199,14.056,39.843,36.958,31.924,28.538,40.095,18.088
41,29.150,43.544,40.054,41.462,32.096,41.233,41.097,32.123,40.630,24.150,14.944,19.661,0,40.753,31.632,37.627,23.923,19.902,32.175,26.514,36.163,32.645,28.149,30.281,37.089,23.912,29.428,26.478,34.589,40.147,29.075,30.054,34.169,36.747,40.161,42.631,19.997,14.409,40.117,32.599,30.368,32.784,38.298,22.917,18.225,37.625,33.153,32.855,26.920,37.329,31.591,25.260,19.571,27.761,39.261,32.513,32.064,22.681,38.223,30.995,31.241,26.267,23.587,23.355,28.504,26.137,30.017,39.241,18.495,34.951,13.047,38.063,29.842,30.017,34.734,30.955,31.222,39.722,29.106,34.321,21.467,19.878,42.241,15.087,27.776,34.539,31.881,36.916,34.346,24.687,38.896,27.049,18.056,24.267,40.246,25.088,31.193,26.276,35.191,16.010
44,38.080,22.221,30.654,31.410,25.974,25.042,19.351,21.428,17.651,41.791,36.991,42.208,40.753,0,24.764,24.844,36.817,32.360,29.331,23.328,24.656,24.854,36.057,37.748,34.034,32.500,38.932,28.661,24.025,13.869,34.356,32.551,21.351,29.794,27.377,19.454,34.488,41.016,29.923,27.174,34.134,35.360,19.653,28.144,41.197,25.679,23.089,22.212,33.086,24.738,25.631,31.792,35.651,40.187,25.212,31.130,19.497,38.695,25.087,36.639,37.945,35.361,31.206,39.617,41.550,32.582,35.983,28.314,35.588,31.884,43.124,15.481,22.385,31.679,37.504,35.863,33.104,26.050,35.443,21.858,42.237,37.780,15.469,34.756,34.420,22.254,31.821,34.786,30.904,38.096,20.585,38.284,32.368,39.612,23.670,29.889,32.202,36.616,22.268,38.371
43,37.326,31.414,38.801,34.682,31.774,35.172,36.817,33.028,17.546,38.237,35.404,38.067,31.632,24.764,0,40.960,18.226,28.546,19.523,23.750,18.278,31.178,34.626,42.750,41.908,31.605,38.918,30.067,36.398,28.416,35.318,35.000,18.738,40.649,28.845,34.228,15.484,28.535,40.193,12.793,26.675,32.653,20.201,17.095,38.174,31.465,25.050,24.584,41.000,27.602,34.448,27.156,24.569,32.945,30.582,23.883,15.452,40.975,23.081,36.338,33.565,21.691,32.706,25.414,33.064,30.569,39.752,37.855,38.360,19.119,30.260,17.481,32.601,21.973,32.417,40.739,38.730,24.721,33.876,27.012,38.813,32.873,31.371,29.845,27.181,37.875,18.374,32.435,41.581,27.189,33.465,43.406,20.403,30.411,27.641,32.755,27.438,42.754,24.706,34.538
72,30.891,25.698,25.631,30.092,30.509,21.590,16.662,23.931,33.891,31.716,30.092,33.928,37.627,24.844,40.960,0,43.190,33.568,37.204,32.550,39.981,25.633,34.753,22.751,20.056,28.574,27.445,30.661,15.177,25.384,33.401,29.785,35.299,15.366,33.036,25.497,43.792,41.929,21.517,38.580,39.105,31.768,34.487,36.910,32.389,30.776,29.082,33.323,17.057,27.964,25.341,37.927,37.360,39.461,31.309,39.612,36.564,24.048,36.513,29.140,36.158,42.283,27.388,43.532,38.195,32.837,29.812,18.674,26.354,42.589,41.070,35.495,19.090,37.541,37.118,24.583,21.939,32.970,31.120,28.996,33.912,30.942,23.433,35.491,39.181,12.955,41.134,34.569,21.338,38.752,17.436,25.084,39.776,38.682,31.447,27.608,32.537,19.924,28.020,34.874
73,29.543,33.932,38.289,32.005,37.934,37.430,43.440,41.225,27.190,27.641,32.670,30.798,23.923,36.817,18.226,43.190,0,29.148,16.447,33.026,28.178,33.309,32.886,36.976,38.851,27.518,29.956,32.342,38.205,37.058,37.504,33.595,27.699,40.913,31.856,42.005,15.755,20.029,40.993,15.270,23.967,26.674,31.680,20.710,29.743,37.400,29.576,35.349,40.065,29.602,41.211,31.970,18.580,26.104,37.519,27.944,29.510,34.389,28.237,28.429,28.784,16.521,33.531,18.769,19.242,32.486,40.030,36.015,37.120,20.820,16.514,32.190,37.450,21.571,24.706,38.785,37.343,25.431,26.711,35.271,31.381,23.087,40.697,29.743,29.586,42.851,19.644,29.257,43.528,14.334,36.553,40.814,23.426,23.782,31.806,33.231,21.470,38.530,26.131,32.503
63,36.723,38.666,43.269,44.738,31.454,40.007,39.117,25.067,35.237,33.721,21.426,31.954,19.902,32.360,28.546,33.568,29.148,0,29.265,18.073,36.885,26.022,38.187,36.746,42.091,16.190,36.729,25.884,26.455,31.780,37.749,33.704,21.886,34.950,44.282,41.465,22.082,29.302,44.492,30.457,37.321,36.661,32.762,12.488,31.217,41.943,20.079,31.344,26.701,32.211,29.004,31.336,18.635,41.022,41.109,39.781,26.626,23.835,39.681,28.951,42.505,30.050,14.953,36.262,37.469,26.378,39.268,38.639,18.885,40.872,25.450,34.100,18.265,30.555,42.901,38.278,30.960,39.979,31.085,26.672,36.540,22.675,37.744,17.673,34.329,30.851,36.611,43.550,37.670,31.760,29.762,35.916,22.440,33.077,42.455,19.013,27.765,28.573,30.470,28.212
52,26.974,22.066,32.014,26.250,35.324,34.015,39.839,38.971,20.557,32.505,38.403,39.062,32.175,29.331,19.523,37.204,16.447,29.265,0,33.439,26.979,23.222,35.359,34.511,37.272,21.785,30.989,29.028,28.846,26.183,43.022,29.474,18.563,38.672,32.434,36.354,24.811,29.577,39.163,15.358,24.118,29.248,31.596,20.917,33.090,38.089,23.581,37.948,40.076,25.582,42.545,37.269,25.025,32.456,39.672,34.397,28.591,33.417,23.247,21.492,35.521,16.993,34.689,31.127,22.805,38.297,43.936,27.536,38.552,26.099,27.545,29.301,33.827,27.627,24.454,42.224,38.333,20.575,19.587,35.381,38.784,25.150,37.533,32.947,38.641,38.729,27.770,32.887,41.494,16.020,26.627,42.885,30.763,34.029,27.104,28.112,16.624,35.855,12.477,40.095
55,39.647,38.927,40.226,43.819,21.445,37.699,30.475,13.490,31.356,40.061,24.029,34.860,26.514,23.328,23.750,32.550,33.026,18.073,33.439,0,26.823,27.618,32.727,39.324,41.437,28.583,41.621,22.462,29.454,26.473,28.191,32.139,22.109,35.648,37.613,31.132,21.915,30.380,39.243,30.918,34.248,39.764,25.347,17.946,34.733,30.655,25.401,16.509,28.825,33.992,18.576,19.828,27.743,38.423,31.123,30.321,13.324,34.148,33.105,39.455,39.152,31.519,21.682,33.637,42.980,24.519,31.874,40.203,22.508,35.069,34.004,21.131,18.736,31.203,43.039,35.597,33.454,38.555,37.181,21.377,36.593,33.818,28.669,17.566,27.411,24.460,32.480,41.317,31.296,37.002,32.410,33.554,16.254,34.850,35.693,22.996,35.983,33.673,32.000,24.705
92,33.020,33.609,29.840,32.105,21.297,38.347,33.134,31.098,25.510,43.285,39.698,42.509,36.163,24.656,18.278,39.981,28.178,36.885,26.979,26.823,0,28.759,24.155,38.850,40.229,37.428,41.793,23.310,36.497,24.389,30.159,26.204,25.984,44.351,26.713,22.886,25.192,28.182,34.863,26.872,17.578,40.319,29.859,28.942,35.539,21.776,36.675,24.759,43.193,37.581,35.024,21.027,37.676,27.183,30.441,19.944,15.388,44.929,11.299,42.249,32.274,21.484,41.416,26.963,36.934,39.111,33.353,36.832,39.606,18.450,38.393,11.877,37.415,34.925,29.169,40.547,44.830,28.771,33.193,35.877,37.786,41.126,32.486,29.813,31.964,33.839,26.480,35.037,32.913,29.728,38.157,38.522,23.173,38.996,18.427,31.750,38.200,41.409,26.045,34.053
70,23.789,25.534,24.352,31.305,21.439,36.371,32.404,26.350,31.180,37.606,35.244,41.436,32.645,24.854,31.178,25.633,33.309,26.022,23.222,27.618,28.759,0,29.787,25.987,34.979,17.623,34.629,14.792,12.941,13.880,39.308,16.854,19.479,35.728,38.467,26.265,32.981,32.662,35.132,32.827,26.131,39.315,37.964,25.825,28.422,34.908,27.261,36.177,31.861,34.076,35.508,33.635,34.597,35.946,41.479,39.398,27.327,27.728,25.411,24.791,41.240,24.541,32.421,39.997,34.613,40.900,37.614,24.288,27.979,37.738,36.324,28.862,25.162,40.035,32.352,39.907,37.953,32.952,17.193,36.572,38.850,30.411,35.589,25.653,43.761,24.070,40.664,41.949,27.437,26.985,22.863,33.254,31.936,43.411,28.301,11.463,29.648,23.192,14.981,36.691
10,20.381,39.451,21.961,30.789,19.418,39.087,32.177,31.645,39.616,33.686,31.372,31.936,28.149,36.057,34.626,34.753,32.886,38.187,35.359,32.727,24.155,29.787,0,23.176,30.244,35.957,32.259,19.808,34.714,33.076,20.383,15.634,38.803,39.940,29.790,24.968,32.153,19.870,26.675,38.092,15.634,38.696,41.571,36.791,18.039,20.397,44.042,31.325,34.167,43.178,33.504,18.969,39.487,14.059,33.520,23.325,30.593,35.243,23.040,39.238,24.287,25.741,40.440,23.994,31.487,38.958,18.079,33.105,30.145,27.545,33.345,30.336,38.043,40.367,24.195,29.516,40.091,35.773,27.879,42.110,21.636,36.341,38.234,24.986,32.537,28.790,33.756,33.420,19.226,27.124,41.291,20.088,25.850,36.182,23.635,28.522,41.300,28.251,32.315,22.709
93,12.634,31.896,18.105,25.398,30.485,32.047,30.795,34.800,40.911,23.712,30.162,29.067,30.281,37.748,42.750,22.751,36.976,36.746,34.511,39.324,38.850,25.987,23.176,0,18.394,27.455,19.022,26.533,23.818,33.244,32.071,18.958,40.492,28.552,34.178,30.777,41.163,30.367,22.927,40.143,28.226,31.856,44.914,39.264,15.445,32.058,39.092,40.995,24.477,37.001,36.416,35.824,37.571,25.827,38.884,37.572,41.309,20.448,33.122,25.148,29.068,33.496,35.577,35.375,26.168,39.505,26.154,19.298,26.766,38.681,32.624,41.139,32.888,40.884,24.737,25.394,30.732,34.225,19.492,42.057,22.685,26.754,38.431,31.845,40.795,25.578,40.772,32.841,20.246,26.836,30.822,17.610,37.753,36.592,29.841,26.204,33.293,12.680,28.465,30.457
85,25.126,27.399,21.915,19.942,37.232,17.753,22.148,36.397,34.959,21.753,31.856,26.665,37.089,34.034,41.908,20.056,38.851,42.091,37.272,41.437,40.229,34.979,30.244,18.394,0,35.502,15.254,36.870,29.280,35.881,29.664,31.471,43.763,17.932,23.373,29.692,44.347,37.785,11.062,36.718,34.806,22.123,36.998,42.492,28.090,27.160,37.403,36.910,24.025,28.491,32.796,38.515,37.601,28.690,27.660,33.122,42.316,27.543,34.671,29.939,21.967,41.111,35.198,34.993,27.600,33.760,25.226,16.887,33.966,35.073,36.493,39.581,32.943,33.974,25.698,15.944,22.303,26.680,30.817,35.352,23.632,29.462,28.200,40.573,34.769,26.493,34.402,20.695,25.082,33.439,27.964,22.911,41.229,30.763,26.924,37.256,31.858,25.144,31.327,33.445
13,26.281,29.576,34.450,35.441,32.508,36.193,38.346,31.083,33.319,28.534,27.686,33.377,23.912,32.500,31.605,28.574,27.518,16.190,21.785,28.583,37.428,17.623,35.957,27.455,35.502,0,28.704,24.239,17.853,27.602,41.538,26.995,22.006,32.211,41.885,38.893,28.717,29.902,39.928,29.447,32.618,32.564,37.341,19.535,26.170,42.215,20.563,38.828,27.063,29.338,36.137,37.237,22.346,37.661,43.675,42.169,32.640,16.823,35.468,14.765,40.558,26.158,22.679,37.649,28.954,34.117,40.496,27.674,23.177,40.084,25.125,36.947,22.258,33.122,34.574,37.844,30.897,34.108,17.892,33.362,35.375,16.702,39.136,24.152,40.774,30.419,38.427,40.354,35.368,23.582,22.680,34.444,30.583,35.301,37.433,15.256,20.111,21.258,20.873,33.860
94,21.553,28.943,28.283,22.236,41.063,23.794,33.058,40.686,35.081,8.747,28.374,20.579,29.428,38.932,38.918,27.445,29.956,36.729,30.989,41.621,41.793,34.629,32.259,19.022,15.254,28.704,0,37.055,30.672,39.429,34.242,32.346,41.256,22.418,28.529,38.698,38.382,31.518,24.472,31.533,33.162,15.231,38.159,36.970,23.129,35.109,33.836,40.549,25.388,26.280,37.542,39.848,28.426,26.666,34.229,34.978,43.167,20.726,36.623,20.654,22.014,35.397,31.593,30.177,15.940,31.845,31.260,20.207,32.251,33.844,24.932,42.826,33.763,28.633,22.383,21.346,21.775,25.929,25.005,36.379,20.573,17.760,35.757,37.472,34.141,33.797,31.409,20.754,33.129,24.423,28.961,27.003,38.197,23.681,32.002,35.296,22.915,24.162,29.554,32.051
42,23.961,35.402,26.114,35.764,10.680,40.825,32.940,22.434,35.991,38.177,30.456,37.733,26.478,28.661,30.067,30.661,32.342,25.884,29.028,22.462,23.310,14.792,19.808,26.533,36.870,24.239,37.055,0,23.297,21.185,30.395,11.729,24.842,39.588,37.846,24.832,27.668,23.967,34.939,35.491,20.580,42.187,38.915,26.036,22.784,29.264,34.116,30.538,31.756,40.229,31.254,21.953,35.212,29.335,38.979,32.748,22.549,30.548,23.966,33.463,37.289,21.436,33.244,33.292,36.181,38.545,29.468,32.272,23.398,34.399,33.857,25.937,28.037,40.692,32.563,37.221,39.994,37.525,22.675,37.489,32.913,33.319,37.223,15.676,38.016,23.450,38.402,42.062,22.054,27.399,33.208,27.034,22.897,41.135,28.373,11.630,36.686,24.118,24.536,27.302
49,27.251,23.208,25.970,31.297,27.251,29.860,26.984,24.515,31.991,34.237,32.320,38.412,34.589,24.025,36.398,15.177,38.205,26.455,28.846,29.454,36.497,12.941,34.714,23.818,29.280,17.853,30.672,23.297,0,17.845,39.290,24.141,25.203,26.112,38.186,27.739,38.591,38.401,31.257,35.144,34.597,35.446,36.421,29.458,30.571,36.026,23.935,36.376,23.840,29.282,31.494,37.941,34.137,40.057,39.055,42.311,32.624,22.039,32.856,22.216,41.230,34.179,27.176,43.718,36.138,37.095,36.654,19.546,25.326,42.288,37.974,33.498,18.367,38.648,35.954,34.666,29.782,33.116,22.315,32.169,38.096,27.892,30.821,30.241,43.401,18.596,42.326,40.100,26.103,32.640,14.528,30.776,36.737,41.751,31.829,16.900,27.944,18.592,19.423,37.125
25,31.943,21.865,25.270,30.615,21.397,32.387,26.159,23.940,24.484,43.160,39.744,45.691,40.147,13.869,28.416,25.384,37.058,31.780,26.183,26.473,24.389,13.880,33.076,33.244,35.881,27.602,39.429,21.185,17.845,0,38.643,24.158,18.488,35.223,33.708,18.781,35.690,39.095,32.834,31.369,29.397,40.277,31.416,28.680,37.301,30.052,26.774,30.992,35.310,31.571,32.807,33.597,38.614,39.294,35.517,36.496,22.631,36.518,21.976,32.830,41.722,30.232,35.202,42.095,40.285,40.583,38.329,25.679,34.563,35.351,43.312,20.538,25.489,39.101,35.231,40.667,38.956,29.708,27.613,32.362,43.481,37.589,27.453,32.143,42.276,22.654,38.508,40.500,28.651,34.141,21.391,37.621,33.988,45.280,23.528,22.184,33.001,32.111,16.271,40.404
22,34.788,43.655,33.545,37.730,25.888,34.019,25.500,26.329,39.279,33.382,23.724,24.812,29.075,34.356,35.318,33.401,37.504,37.749,43.022,28.191,30.159,39.308,20.383,32.071,29.664,41.538,34.242,30.395,39.290,38.643,0,31.629,42.765,33.284,26.960,28.310,33.123,27.531,24.922,38.588,31.245,35.531,33.369,37.583,28.034,16.200,42.258,19.606,28.083,39.712,20.224,15.495,37.121,24.125,21.075,18.131,29.752,37.186,33.245,45.515,21.503,37.767,33.932,24.212,38.628,26.431,8.341,38.805,28.136,29.741,35.219,29.882,33.455,34.150,35.141,19.389,31.671,37.931,40.732,31.861,19.812,37.876,29.466,28.009,18.981,26.273,29.331,29.800,22.095,38.090,41.976,19.287,24.277,28.899,30.518,36.160,43.596,33.397,40.511,14.953
45,14.883,33.015,17.198,29.131,17.086,39.252,33.050,29.971,37.756,35.374,34.294,37.694,30.054,32.551,35.000,29.785,33.595,33.704,29.474,32.139,26.204,16.854,15.634,18.958,31.471,26.995,32.346,11.729,24.141,24.158,31.629,0,31.562,39.073,35.358,23.808,33.941,25.078,30.085,37.588,16.698,40.385,43.273,33.397,18.781,28.467,38.834,36.459,33.259,41.181,36.591,27.409,39.070,24.407,40.113,33.540,30.665,30.244,22.045,31.266,33.820,22.512,38.718,33.336,31.518,42.921,28.392,26.737,28.299,33.795,34.970,31.075,33.734,43.091,25.484,35.527,40.756,35.188,17.510,42.808,30.173,33.510,39.349,24.109,41.199,25.679,39.671,38.982,19.730,24.356,33.926,24.591,30.098,41.964,24.444,18.109,36.801,21.814,23.537,30.561
28,36.568,27.752,37.638,37.602,29.086,37.713,37.125,28.584,22.385,41.924,37.201,43.964,34.169,21.351,18.738,35.299,27.699,21.886,18.563,22.109,25.984,19.479,38.803,40.492,43.763,22.006,41.256,24.842,25.203,18.488,42.765,31.562,0,39.742,38.746,33.611,24.405,34.964,43.336,22.812,31.508,38.761,27.950,14.448,38.903,38.494,18.241,31.588,38.359,29.144,35.741,34.072,28.041,41.557,39.673,37.531,18.916,36.058,27.569,30.501,44.111,24.409,29.882,38.634,38.121,36.417,44.755,34.392,34.401,34.076,35.482,22.746,25.495,32.150,38.297,45.354,39.641,30.983,28.856,29.280,45.069,32.182,33.786,28.204,39.472,33.068,34.078,42.396,39.942,30.162,25.237,44.177,27.592,40.509,32.477,22.572,26.422,37.069,18.390,39.718
34,35.942,28.297,33.947,31.211,39.845,14.269,20.520,30.664,32.728,24.837,26.979,26.607,36.747,29.794,40.649,15.366,40.913,34.950,38.672,35.648,44.351,35.728,39.940,28.552,17.932,32.211,22.418,39.588,26.112,35.223,33.284,39.073,39.742,0,30.151,34.560,43.165,42.801,22.870,35.213,43.736,21.833,29.913,37.433,35.444,33.478,27.542,33.098,16.067,20.858,25.385,40.636,31.954,40.028,26.816,38.039,40.154,24.525,41.746,29.698,31.612,45.783,23.655,40.514,35.327,24.651,31.374,23.307,29.795,41.048,37.126,39.364,21.854,29.110,37.920,18.464,9.278,30.411,36.734,23.702,31.064,26.894,21.895,39.729,33.031,23.717,35.594,27.254,30.851,39.720,20.632,28.819,40.527,29.446,35.616,36.337,28.676,26.939,33.292,34.213
90,32.935,26.822,27.004,19.320,35.744,19.546,23.563,37.343,22.566,31.900,37.757,33.168,40.161,27.377,28.845,33.036,31.856,44.282,32.434,37.613,26.713,38.467,29.790,34.178,23.373,41.885,28.529,37.846,38.186,33.708,26.960,35.358,38.746,30.151,0,25.765,36.658,35.850,18.622,25.937,28.952,23.669,25.035,38.583,36.708,17.398,36.794,27.467,36.983,26.350,33.179,31.975,36.811,25.313,15.593,17.469,32.152,41.626,23.574,39.040,16.789,35.787,39.895,26.184,29.839,32.464,28.472,27.549,42.606,17.347,37.983,26.299,37.863,26.200,23.109,25.878,31.980,16.266,36.902,31.233,30.111,36.872,22.253,41.670,25.719,33.546,19.010,12.625,33.018,32.832,33.393,34.649,34.935,28.249,15.964,42.361,33.168,40.333,29.982,35.259
1,31.691,28.757,18.935,28.088,18.634,30.306,17.477,24.782,30.365,43.128,39.812,43.141,42.631,19.454,34.228,25.497,42.005,41.465,36.354,31.132,22.886,26.265,24.968,30.777,29.692,38.893,38.698,24.832,27.739,18.781,28.310,23.808,33.611,34.560,25.765,0,40.713,38.941,21.577,37.591,27.812,40.725,33.624,38.947,35.881,15.892,38.474,27.036,35.135,37.015,29.303,28.356,45.223,32.755,27.124,28.666,26.598,41.194,20.312,41.712,33.886,35.887,41.013,38.638,41.869,40.722,27.099,27.348,36.743,31.983,46.831,20.744,32.297,41.719,32.644,33.246,39.146,31.112,34.255,35.417,37.595,43.409,23.878,35.527,37.873,19.711,37.119,35.343,18.957,38.464,31.107,30.291,35.296,44.316,16.540,31.227,41.757,33.767,27.311,36.351
96,35.997,40.703,42.815,41.361,31.653,42.075,42.447,33.237,30.790,34.935,27.959,32.107,19.997,34.488,15.484,43.792,15.755,22.082,24.811,21.915,25.192,32.981,32.153,41.163,44.347,28.717,38.382,27.668,38.591,35.690,33.123,33.941,24.405,43.165,36.658,40.713,0,18.653,44.346,21.829,27.167,35.256,29.475,13.898,31.616,35.967,29.332,27.426,38.357,34.701,34.267,23.093,19.493,30.707,36.553,26.751,20.380,36.376,30.766,36.360,34.076,19.357,29.212,21.058,32.168,28.384,37.480,42.796,31.481,25.595,21.038,27.109,32.986,24.952,35.123,39.927,38.772,34.447,33.211,31.040,33.451,28.681,39.421,20.449,25.668,39.394,23.359,36.988,41.346,25.012,39.401,39.511,11.050,27.330,35.864,29.421,30.321,39.209,31.370,26.423
91,24.606,42.930,35.245,37.088,29.071,43.200,42.220,36.186,39.266,28.487,25.799,26.196,14.409,41.016,28.535,41.929,20.029,29.302,29.577,30.380,28.182,32.662,19.870,30.367,37.785,29.902,31.518,23.967,38.401,39.095,27.531,25.078,34.964,42.801,35.850,38.941,18.653,0,38.532,31.370,19.355,35.213,40.043,26.947,17.080,32.850,39.091,33.501,35.620,40.862,36.819,21.184,27.098,17.618,38.740,26.036,30.132,31.695,29.913,34.822,26.814,17.920,34.582,15.545,25.448,33.756,28.819,39.212,28.140,26.706,17.750,34.280,37.719,32.870,27.003,34.184,39.110,36.737,27.004,40.138,21.383,27.394,43.960,18.656,28.706,37.726,28.671,34.721,33.718,19.044,42.977,28.900,16.965,27.751,33.565,28.063,34.524,31.429,33.320,19.654
56,28.077,28.569,19.084,20.741,32.387,19.224,15.895,33.156,33.502,29.956,34.615,31.450,40.117,29.923,40.193,21.517,40.993,44.492,39.163,39.243,34.863,35.132,26.675,22.927,11.062,39.928,24.472,34.939,31.257,32.834,24.922,30.085,43.336,22.870,18.622,21.577,44.346,38.532,0,37.651,32.583,28.161,34.881,43.628,31.207,18.344,39.945,31.979,27.890,31.679,29.915,34.136,41.769,27.651,22.138,28.120,38.278,34.622,30.046,37.025,21.547,41.184,38.536,34.575,33.235,35.158,21.015,20.874,36.086,32.028,41.304,33.850,34.135,36.156,26.864,17.854,27.781,27.036,34.442,34.913,26.311,36.468,23.747,40.466,33.111,23.647,33.462,21.917,20.701,36.634,30.770,23.061,39.703,34.322,21.204,38.144,37.374,29.658,32.128,33.171
16,35.157,25.228,37.801,28.809,38.624,28.615,36.705,37.992,13.481,31.302,35.462,34.675,32.599,27.174,12.793,38.580,15.270,30.457,15.358,30.918,26.872,32.827,38.092,40.143,36.718,29.447,31.533,35.491,35.144,31.369,38.588,37.588,22.812,35.213,25.937,37.591,21.829,31.370,37.651,0,29.814,22.891,19.883,20.453,37.821,34.628,21.260,30.554,39.051,18.548,37.346,34.774,20.202,33.131,30.508,27.439,25.864,37.119,26.733,29.239,30.555,25.118,31.268,26.276,25.745,29.257,41.722,32.274,39.965,20.088,26.931,25.950,32.773,14.872,28.338,37.886,33.294,16.613,31.306,26.446,37.152,26.563,30.712,35.383,28.469,39.584,15.767,25.654,43.800,23.982,28.589,43.856,27.912,25.226,28.037,35.681,17.500,41.253,22.147,37.417
61,18.803,33.520,22.588,26.144,24.119,39.621,37.461,37.005,32.598,35.121,37.607,37.434,30.368,34.134,26.675,39.105,23.967,37.321,24.118,34.248,17.578,26.131,15.634,28.226,34.806,32.618,33.162,20.580,34.597,29.397,31.245,16.698,31.508,43.736,28.952,27.812,27.167,19.355,32.583,29.814,0,37.065,39.427,31.819,23.484,26.349,40.075,34.883,41.012,39.688,40.586,25.115,36.431,15.897,37.070,24.538,27.881,37.892,13.597,34.641,27.432,13.656,42.550,22.874,25.842,42.235,31.148,31.482,36.799,20.705,31.148,27.077,40.376,37.326,17.340,37.841,43.915,28.895,21.772,43.028,29.730,34.631,40.226,27.997,35.902,35.549,29.803,32.855,30.222,17.773,38.953,32.486,26.177,36.881,19.283,28.427,34.987,33.723,23.983,31.664
38,32.302,27.237,35.722,24.640,44.846,18.155,32.706,41.396,26.949,15.507,30.261,22.491,32.784,35.360,32.653,31.768,26.674,36.661,29.248,39.764,40.319,39.315,38.696,31.856,22.123,32.564,15.231,42.187,35.446,40.277,35.531,40.385,38.761,21.833,23.669,40.725,35.256,35.213,28.161,22.891,37.065,0,28.059,33.810,33.509,35.129,28.371,36.096,29.726,16.291,35.989,40.459,23.362,31.527,27.960,31.461,39.992,29.011,37.049,25.794,21.944,37.366,29.503,28.603,20.158,25.420,35.810,25.902,37.495,29.148,25.900,39.125,33.247,16.611,26.870,24.030,19.396,19.503,33.035,28.578,27.205,20.376,30.128,40.899,27.882,37.531,22.239,14.015,40.297,28.373,28.019,35.797,36.999,16.544,32.366,40.755,18.582,34.787,30.509,34.901
77,44.679,30.239,41.850,36.211,37.304,24.072,27.142,29.705,16.116,37.978,33.684,35.981,38.298,19.653,20.201,34.487,31.680,32.762,31.596,25.347,29.859,37.964,41.571,44.914,36.998,37.341,38.159,38.915,36.421,31.416,33.369,43.273,27.950,29.913,25.035,33.624,29.475,40.043,34.881,19.883,39.427,28.059,0,26.392,44.578,29.682,22.136,18.743,35.064,19.040,25.646,32.605,27.611,40.501,19.070,26.444,22.878,41.323,33.065,39.983,33.512,38.467,27.805,33.347,39.747,21.576,37.957,36.775,38.859,27.532,37.630,21.618,26.878,17.510,39.819,33.749,28.778,24.910,42.854,12.378,40.073,35.311,16.889,37.796,22.886,33.371,20.214,28.371,40.979,39.251,28.613,42.700,29.650,28.245,31.279,39.607,29.694,43.942,31.543,36.193
14,36.003,34.174,41.478,40.233,31.117,37.889,38.891,28.230,26.605,34.663,27.229,34.227,22.917,28.144,17.095,36.910,20.710,12.488,20.917,17.946,28.942,25.825,36.791,39.264,42.492,19.535,36.970,26.036,29.458,28.680,37.583,33.397,14.448,37.433,38.583,38.947,13.898,26.947,43.628,20.453,31.819,33.810,26.392,0,33.528,38.605,17.551,28.339,33.357,28.211,31.665,29.210,16.209,37.503,37.531,33.804,19.863,30.617,32.439,29.370,39.142,23.058,21.514,30.902,33.774,27.113,40.531,37.640,27.712,32.162,24.345,26.871,23.532,24.673,37.868,40.112,34.026,32.837,29.909,25.268,37.642,24.411,35.272,21.048,31.065,34.265,28.608,39.027,40.172,26.914,29.510,39.986,18.722,30.659,36.568,23.010,23.768,34.669,25.270,30.808
12,14.734,39.408,27.166,32.616,28.496,38.990,37.343,34.565,42.656,22.522,23.864,23.607,18.225,41.197,38.174,32.389,29.743,31.217,33.090,34.733,35.539,28.422,18.039,15.445,28.090,26.170,23.129,22.784,30.571,37.301,28.034,18.781,38.903,35.444,36.708,35.881,31.616,17.080,31.207,37.821,23.484,33.509,44.578,33.528,0,33.004,39.740,38.147,27.007,40.255,35.734,28.148,31.720,19.548,40.063,33.182,37.312,21.343,33.132,28.443,27.099,26.211,33.312,26.345,24.041,36.002,24.384,30.482,22.263,34.980,22.762,39.835,34.350,38.002,25.490,27.654,33.678,37.527,20.686,41.909,16.268,23.981,42.785,22.179,35.186,30.697,36.720,34.504,24.741,21.431,37.816,17.762,28.062,31.432,33.338,24.021,34.045,17.552,31.817,21.125
7,32.653,34.469,24.680,28.598,23.229,28.560,18.834,27.542,30.870,37.625,34.237,34.495,37.625,25.679,31.465,30.776,37.400,41.943,38.089,30.655,21.776,34.908,20.397,32.058,27.160,42.215,35.109,29.264,36.026,30.052,16.200,28.467,38.494,33.478,17.398,15.892,35.967,32.850,18.344,34.628,26.349,35.129,29.682,38.605,33.004,0,40.571,20.301,33.887,36.042,25.437,20.845,41.096,24.366,16.892,15.548,26.369,41.581,22.344,44.249,22.208,35.466,39.344,27.882,37.884,33.382,17.699,32.176,36.036,23.659,41.074,21.316,34.918,34.935,29.532,25.186,35.413,29.485,37.944,32.489,28.501,41.236,22.927,34.128,25.826,24.923,27.650,26.493,21.373,36.740,37.028,26.464,29.526,34.673,17.407,36.602,41.651,36.329,33.246,28.051
57,39.058,25.149,40.791,36.706,37.663,28.044,33.325,29.488,21.465,33.665,31.039,36.288,33.153,23.089,25.050,29.082,29.576,20.079,23.581,25.401,36.675,27.261,44.042,39.092,37.403,20.563,33.836,34.116,23.935,26.774,42.258,38.834,18.241,27.542,36.794,38.474,29.332,39.091,39.945,21.260,40.075,28.371,22.136,17.551,39.740,40.571,0,31.630,29.690,16.284,31.219,39.203,20.089,44.228,35.253,39.480,28.078,28.836,36.814,24.913,41.246,34.454,18.750,39.686,35.656,26.499,43.862,30.817,31.662,37.510,32.161,30.880,17.742,23.159,40.214,37.958,26.332,28.360,32.443,18.990,41.780,23.928,27.961,33.086,35.337,31.654,31.881,36.474,41.391,33.388,16.590,42.274,32.241,32.414,37.014,28.496,17.628,34.407,23.261,38.541
6,42.028,38.751,38.834,40.215,25.472,31.562,23.455,18.987,28.643,39.729,27.184,32.956,32.855,22.212,24.584,33.323,35.349,31.344,37.948,16.509,24.759,36.177,31.325,40.995,36.910,38.828,40.549,30.538,36.376,30.992,19.606,36.459,31.588,33.098,27.467,27.036,27.426,33.501,31.979,30.554,34.883,36.096,18.743,28.339,38.147,20.301,31.630,0,30.995,32.389,14.506,17.678,32.563,34.905,17.195,19.941,16.640,40.483,31.257,45.201,31.199,36.884,28.292,29.557,43.182,21.408,25.640,40.148,30.750,28.536,37.904,17.614,25.922,27.792,40.708,29.226,31.654,34.337,43.004,18.768,33.675,38.684,20.011,28.201,17.868,25.730,25.346,33.067,30.389,40.456,35.646,32.720,20.708,30.849,30.533,34.535,39.371,39.251,35.990,24.581
18,33.008,36.516,34.972,37.992,32.851,27.618,24.907,23.355,39.431,24.766,15.624,21.753,26.920,33.086,41.000,17.057,40.065,26.701,40.076,28.825,43.193,31.861,34.167,24.477,24.025,27.063,25.388,31.756,23.840,35.310,28.083,33.259,38.359,16.067,36.983,35.135,38.357,35.620,27.890,39.051,41.012,29.726,35.064,33.357,27.007,33.887,29.690,30.995,0,30.487,19.931,33.581,29.736,37.501,31.910,38.095,37.141,16.511,42.592,30.452,33.508,42.117,17.350,38.160,36.767,22.846,25.447,29.291,15.142,43.343,32.291,39.489,16.944,33.296,40.107,18.373,14.457,38.569,34.101,26.221,25.641,24.385,29.132,28.597,31.873,18.560,38.826,34.786,24.488,37.957,26.699,19.383,33.465,30.154,39.125,27.613,32.812,17.404,35.414,23.987
86,37.491,19.456,37.057,27.612,42.215,15.405,28.865,35.698,16.841,27.832,33.566,32.584,37.329,24.738,27.602,27.964,29.602,32.211,25.582,33.992,37.581,34.076,43.178,37.001,28.491,29.338,26.280,40.229,29.282,31.571,39.712,41.181,29.144,20.858,26.350,37.015,34.701,40.862,31.679,18.548,39.688,16.291,19.040,28.211,40.255,36.042,16.284,32.389,30.487,0,32.892,41.402,23.672,39.956,27.524,34.779,33.782,31.602,35.296,25.807,32.574,37.936,25.684,36.270,30.009,25.570,40.932,25.145,37.806,31.971,33.052,32.654,25.715,16.935,33.801,31.257,21.087,17.866,34.278,20.010,37.689,24.677,22.553,40.697,31.596,33.726,25.260,23.938,41.219,32.982,17.431,41.081,37.062,26.324,31.700,37.393,15.629,36.812,24.752,39.755
65,41.522,40.017,38.913,42.379,27.025,29.974,19.850,13.376,35.354,36.646,20.569,29.067,31.591,25.631,34.448,25.341,41.211,29.004,42.545,18.576,35.024,35.508,33.504,36.416,32.796,36.137,37.542,31.254,31.494,32.807,20.224,36.591,35.741,25.385,33.179,29.303,34.267,36.819,29.915,37.346,40.586,35.989,25.646,31.665,35.734,25.437,31.219,14.506,19.931,32.892,0,23.777,33.268,38.751,21.843,29.613,26.151,33.309,38.795,42.717,34.094,42.616,21.732,35.976,44.821,18.809,22.813,37.904,22.496,38.355,38.588,28.219,18.461,31.839,44.345,23.292,24.094,39.199,42.779,18.132,31.501,35.872,20.507,27.696,23.373,17.955,33.899,36.019,25.464,43.547,32.493,26.031,26.722,32.117,36.296,31.946,39.904,31.858,38.433,22.314
75,34.534,43.789,35.359,40.606,18.247,40.449,31.837,23.443,36.807,38.430,25.959,31.418,25.260,31.792,27.156,37.927,31.970,31.336,37.269,19.828,21.027,33.635,18.969,35.824,38.515,37.237,39.848,21.953,37.941,33.597,15.495,27.409,34.072,40.636,31.975,28.356,23.093,21.184,34.136,34.774,25.115,40.459,32.605,29.210,28.148,20.845,39.203,17.678,33.581,41.402,23.777,0,34.341,25.185,28.223,18.506,19.192,38.808,27.874,44.781,29.047,28.544,33.656,22.653,39.373,29.649,20.458,41.789,27.274,27.158,32.985,22.617,32.648,34.699,35.815,31.392,38.515,38.771,37.467,32.579,27.158,37.983,33.576,18.748,22.419,28.666,28.942,36.495,26.173,34.031,42.330,26.774,12.970,32.798,30.232,29.586,42.404,35.243,36.507,16.535
31,35.877,35.818,43.967,38.786,40.277,33.784,40.411,35.435,29.893,23.510,22.186,23.799,19.571,35.651,24.569,37.360,18.580,18.635,25.025,27.743,37.676,34.597,39.487,37.571,37.601,22.346,28.426,35.212,34.137,38.614,37.121,39.070,28.041,31.954,36.811,45.223,19.493,27.098,41.769,20.202,36.431,23.362,27.611,16.209,31.720,41.096,20.089,32.563,29.736,23.672,33.268,34.341,0,35.758,36.126,34.226,31.376,25.726,39.082,25.891,33.340,29.527,18.187,27.338,26.863,20.404,39.583,36.819,28.534,32.739,14.727,36.252,26.728,16.051,36.004,33.855,25.777,31.243,31.977,24.984,31.233,14.668,36.596,27.653,26.697,38.234,24.868,32.067,43.153,25.992,31.033,38.402,24.361,18.603,40.115,31.393,18.142,34.110,30.810,28.970
99,20.188,38.607,25.880,26.549,31.072,37.000,36.705,40.064,37.564,27.334,32.817,27.722,27.761,40.187,32.945,39.461,26.104,41.022,32.456,38.423,27.183,35.946,14.059,25.827,28.690,37.661,26.666,29.335,40.057,39.294,24.125,24.407,41.557,40.028,25.313,32.755,30.707,17.618,27.651,33.131,15.897,31.527,40.501,37.503,19.548,24.366,44.228,34.905,37.501,39.956,38.751,25.185,35.758,0,32.836,20.287,35.100,36.265,24.585,37.101,15.324,24.705,41.892,15.216,22.160,37.732,23.407,33.134,36.007,20.744,27.449,34.276,42.542,34.619,16.031,28.718,38.886,30.416,28.251,42.889,17.667,32.791,40.240,31.191,29.413,37.041,26.686,25.200,29.641,21.456,42.856,26.254,27.954,28.846,24.023,35.708,36.905,33.265,33.006,25.487
29,40.990,34.141,35.258,32.122,34.569,20.712,18.290,29.860,26.618,35.275,32.220,31.056,39.261,25.212,30.582,31.309,37.519,41.109,39.672,31.123,30.441,41.479,33.520,38.884,27.660,43.675,34.229,38.979,39.055,35.517,21.075,40.113,39.673,26.816,15.593,27.124,36.553,38.740,22.138,30.508,37.070,27.960,19.070,37.531,40.063,16.892,35.253,17.195,31.910,27.524,21.843,28.223,36.126,32.836,0,18.493,29.196,41.864,32.068,44.438,22.877,42.149,33.906,29.846,39.225,23.693,24.957,34.683,38.183,25.912,40.309,25.158,32.049,25.427,35.678,22.161,27.322,27.072,44.195,22.099,31.280,39.047,14.320,39.333,18.480,29.018,21.979,21.115,31.829,41.157,34.489,32.998,32.156,27.471,26.251,42.658,37.901,41.037,36.771,30.649
83,34.822,38.090,33.363,31.559,29.864,32.319,29.938,33.658,28.991,34.764,32.509,30.497,32.513,31.130,23.883,39.612,27.944,39.781,34.397,30.321,19.944,39.398,23.325,37.572,33.122,42.169,34.978,32.748,42.311,36.496,18.131,33.540,37.531,38.039,17.469,28.666,26.751,26.036,28.120,27.439,24.538,31.461,26.444,33.804,33.182,15.548,39.480,19.941,38.095,34.779,29.613,18.506,34.226,20.287,18.493,0,24.659,43.031,23.659,44.216,17.489,30.444,38.382,15.718,33.113,29.264,23.541,38.080,38.166,13.228,33.352,22.187,38.352,26.903,27.778,28.399,36.594,27.687,39.025,31.677,26.417,38.065,28.847,32.672,16.726,34.850,15.950,22.820,32.507,32.010,41.356,32.497,22.680,26.139,22.443,39.596,38.378,41.435,34.964,25.521
