Head,Tail,Difference
0,0,0
0,1,0
0,2,0
0,3,0
0,4,0
0,5,0
0,6,-4.44089e-16
0,7,0
0,8,0
0,9,0
0,10,0
0,11,-8.88178e-16
0,12,0
0,13,0
0,14,0
0,15,0
0,16,0
0,17,0
0,18,0
0,19,0
0,20,0
0,21,4.44089e-16
0,22,0
0,23,0
0,24,0
0,25,0
0,26,0
0,27,0
0,28,0
0,29,4.44089e-16
0,30,0
0,31,0
0,32,8.88178e-16
0,33,0
0,34,0
0,35,0
0,36,0
0,37,0
0,38,0
0,39,0
0,40,0
0,41,0
0,42,0
0,43,0
0,44,0
0,45,0
0,46,0
0,47,0
0,48,0
0,49,0
0,50,0
0,51,0
0,52,0
0,53,0
0,54,8.88178e-16
0,55,0
0,56,4.44089e-16
0,57,0
0,58,0
0,59,0
0,60,0
0,61,0
0,62,0
0,63,-8.88178e-16
0,64,0
0,65,-8.88178e-16
0,66,0
0,67,0
0,68,0
0,69,0
0,70,0
0,71,0
0,72,0
0,73,-8.88178e-16
0,74,0
0,75,8.88178e-16
0,76,0
0,77,-8.88178e-16
0,78,0
0,79,0
0,80,0
0,81,0
0,82,0
0,83,0
0,84,0
0,85,0
0,86,0
0,87,-8.88178e-16
0,88,0
0,89,0
0,90,4.44089e-16
0,91,0
0,92,0
0,93,0
0,94,0
0,95,0
0,96,0
0,97,0
0,98,0
0,99,-8.88178e-16
1,0,0
1,1,0
1,2,1.19469
1,3,1.6589
1,4,2.82115
1,5,1.24766
1,6,1.76062
1,7,2.60465
1,8,2.79868
1,9,3.60018
1,10,2.50759
1,11,3.70816
1,12,1.20532
1,13,2.99259
1,14,1.70278
1,15,1.37348
1,16,0.0516813
1,17,2.75604
1,18,0.17706
1,19,1.7538
1,20,8.88178e-16
1,21,1.47282
1,22,2.4096
1,23,4.51023
1,24,3.90537
1,25,0.785282
1,26,3.1019
1,27,1.28875
1,28,1.05559
1,29,0.378184
1,30,0.40121
1,31,1.31471
1,32,4.64046
1,33,2.80084
1,34,0.991347
1,35,2.23015
1,36,2.03363
1,37,3.67387
1,38,1.4369
1,39,0.841001
1,40,1.75499
1,41,0.176208
1,42,0.391746
1,43,3.30065
1,44,1.57389
1,45,0.218491
1,46,0.421602
1,47,4.6186
1,48,0.171307
1,49,4.36622
1,50,3.60662
1,51,2.46732
1,52,3.1153
1,53,2.29692
1,54,3.25632
1,55,4.69932
1,56,0.345609
1,57,1.95711
1,58,0.0490616
1,59,3.22839
1,60,2.44049
1,61,0.541113
1,62,2.11145
1,63,1.04696
1,64,2.6305
1,65,0.156827
1,66,0.657601
1,67,2.28057
1,68,1.73141
1,69,0.171805
1,70,2.18055
1,71,0.439249
1,72,4.11461
1,73,4.26366
1,74,1.7878
1,75,0.0358762
1,76,1.92417
1,77,3.09643
1,78,3.87785
1,79,1.71148
1,80,2.47293
1,81,2.47786
1,82,4.64011
1,83,1.68009
1,84,2.29121
1,85,0.0202066
1,86,2.60399
1,87,4.98883
1,88,1.6965
1,89,1.56026
1,90,1.28542
1,91,0.566981
1,92,1.67868
1,93,2.94059
1,94,2.50628
1,95,4.20812
1,96,1.42937
1,97,1.78834
1,98,1.91863
1,99,0.416852
2,0,0
2,1,1.19469
2,2,0
2,3,0.373443
2,4,0.12056
2,5,0.11727
2,6,1.59578
2,7,0.0658856
2,8,0.127389
2,9,0.271882
2,10,0.133895
2,11,1.24128
2,12,0.267945
2,13,0.242943
2,14,0.727281
2,15,1.44657
2,16,1.32435
2,17,1.17894
2,18,2.1552
2,19,0.222709
2,20,4.44089e-16
2,21,0.102449
2,22,0.0580065
2,23,1.05151
2,24,2.091
2,25,0.4201
2,26,0.0162619
2,27,0.127555
2,28,0.683245
2,29,0.518158
2,30,1.66518
2,31,0.24787
2,32,0.913542
2,33,0.947543
2,34,0.925341
2,35,0.891029
2,36,0.347874
2,37,1.63995
2,38,0.6214
2,39,1.68212
2,40,1.45951
2,41,2.13779
2,42,0.868267
2,43,1.18366
2,44,1.78508
2,45,1.09456
2,46,1.92252
2,47,1.67596
2,48,1.32894
2,49,1.41577
2,50,0.186689
2,51,1.58401
2,52,0.553667
2,53,0.748771
2,54,0.024242
2,55,0.740688
2,56,1.34377
2,57,0.512996
2,58,1.25225
2,59,1.02756
2,60,0.384792
2,61,1.45039
2,62,0.394578
2,63,0.607546
2,64,1.18951
2,65,1.5236
2,66,1.57374
2,67,0.107807
2,68,0.844159
2,69,1.32969
2,70,0.682915
2,71,0.686905
2,72,0.999096
2,73,0.878754
2,74,0.472844
2,75,1.4105
2,76,0.223668
2,77,0.398581
2,78,0.269235
2,79,0.0028699
2,80,0.112036
2,81,1.35243
2,82,0.421501
2,83,1.47613
2,84,0.134578
2,85,2.19179
2,86,1.45953
2,87,0.548769
2,88,0.413833
2,89,2.15741
2,90,1.39921
2,91,1.3817
2,92,1.02843
2,93,0.0395874
2,94,3.25649
2,95,1.08449
2,96,0.00610228
2,97,0.0984834
2,98,2.13483
2,99,0.764152
3,0,0
3,1,1.6589
3,2,0.373443
3,3,0
3,4,1.30602
3,5,0.624896
3,6,1.54047
3,7,1.26346
3,8,1.35202
3,9,2.00682
3,10,0.520032
3,11,3.04459
3,12,0.154883
3,13,1.65501
3,14,0.970262
3,15,1.70621
3,16,1.98248
3,17,2.33214
3,18,0.631932
3,19,0.589324
3,20,0
3,21,0.226378
3,22,1.13876
3,23,3.41523
3,24,3.12996
3,25,0.0129343
3,26,1.55857
3,27,0.475307
3,28,0.595323
3,29,0.33414
3,30,1.66784
3,31,0.423562
3,32,3.17538
3,33,1.98988
3,34,1.4253
3,35,1.85614
3,36,0.864516
3,37,3.09693
3,38,0.772021
3,39,1.93014
3,40,1.72401
3,41,0.41328
3,42,0.283905
3,43,2.51205
3,44,2.82154
3,45,0.109298
3,46,2.74717
3,47,3.78167
3,48,0.92882
3,49,3.36492
3,50,2.18733
3,51,1.85506
3,52,1.86724
3,53,1.24499
3,54,1.53523
3,55,3.47185
3,56,1.47109
3,57,0.782133
3,58,0.200419
3,59,2.28913
3,60,1.47968
3,61,2.26028
3,62,0.976609
3,63,0.18724
3,64,2.2316
3,65,0.418709
3,66,0.963369
3,67,0.367873
3,68,1.61318
3,69,0.41195
3,70,1.17112
3,71,0.377909
3,72,2.86915
3,73,3.12191
3,74,1.29771
3,75,1.43624
3,76,0.528997
3,77,1.45349
3,78,2.56179
3,79,0.469244
3,80,0.722851
3,81,1.64949
3,82,3.36652
3,83,1.91078
3,84,0.889751
3,85,0.590762
3,86,2.12201
3,87,2.954
3,88,1.0994
3,89,2.08677
3,90,1.23581
3,91,0.230885
3,92,1.21672
3,93,1.53941
3,94,2.41105
3,95,3.10026
3,96,0.497987
3,97,0.540552
3,98,1.52426
3,99,0.0145954
4,0,0
4,1,2.82115
4,2,0.12056
4,3,1.30602
4,4,0
4,5,0.147725
4,6,1.44023
4,7,1.77761
4,8,0.545808
4,9,1.16875
4,10,0.234665
4,11,2.11491
4,12,0.809689
4,13,0.434153
4,14,1.09116
4,15,3.34426
4,16,3.22904
4,17,2.30539
4,18,2.05408
4,19,1.60092
4,20,0
4,21,0.378638
4,22,0.228562
4,23,2.02996
4,24,1.95218
4,25,1.22207
4,26,0.381137
4,27,0.469844
4,28,1.39313
4,29,1.15679
4,30,3.15168
4,31,1.29119
4,32,1.34454
4,33,1.10606
4,34,2.46342
4,35,1.79185
4,36,0.0536261
4,37,2.16654
4,38,0.522196
4,39,3.33201
4,40,1.56584
4,41,1.6629
4,42,1.40952
4,43,1.91962
4,44,3.91717
4,45,0.657047
4,46,4.82215
4,47,2.22885
4,48,2.93256
4,49,2.21674
4,50,0.08438
4,51,1.55455
4,52,0.55333
4,53,1.16426
4,54,0.114163
4,55,1.16663
4,56,2.52011
4,57,1.00094
4,58,1.45347
4,59,1.25571
4,60,1.29743
4,61,3.35506
4,62,0.180648
4,63,1.08545
4,64,2.26689
4,65,2.3961
4,66,2.04146
4,67,0.337752
4,68,1.51643
4,69,2.72644
4,70,0.981065
4,71,0.695997
4,72,1.20824
4,73,1.50887
4,74,2.03259
4,75,3.11289
4,76,1.38589
4,77,0.464826
4,78,0.600411
4,79,0.071949
4,80,0.408637
4,81,1.28903
4,82,1.31058
4,83,1.89788
4,84,0.902878
4,85,2.01283
4,86,1.79056
4,87,0.63778
4,88,0.458727
4,89,3.10748
4,90,1.91618
4,91,0.80656
4,92,0.835271
4,93,1.00107
4,94,2.36458
4,95,1.32133
4,96,0.205095
4,97,0.541587
4,98,1.66317
4,99,1.28936
5,0,0
5,1,1.24766
5,2,0.11727
5,3,0.624896
5,4,0.147725
5,5,0
5,6,0.601348
5,7,0.226985
5,8,0.263259
5,9,0.394683
5,10,0.415686
5,11,0.428136
5,12,0.405793
5,13,0.0530238
5,14,0.838307
5,15,0.878874
5,16,1.29932
5,17,0.876239
5,18,0.615985
5,19,0.427234
5,20,-4.44089e-16
5,21,0.370576
5,22,0.106632
5,23,0.0309705
5,24,0.140355
5,25,0.390348
5,26,0.158515
5,27,0.291567
5,28,0.971399
5,29,0.903513
5,30,1.14917
5,31,0.311285
5,32,0.296128
5,33,0.701169
5,34,1.01179
5,35,0.691997
5,36,0.125674
5,37,0.838666
5,38,0.102399
5,39,1.08162
5,40,0.835213
5,41,0.619015
5,42,0.402499
5,43,0.373055
5,44,1.27027
5,45,0.342859
5,46,1.34058
5,47,0.196549
5,48,0.908775
5,49,0.0500549
5,50,0.110899
5,51,0.117524
5,52,0.201803
5,53,0.322913
5,54,0.200224
5,55,0.191669
5,56,1.36631
5,57,0.640795
5,58,0.476484
5,59,0.679432
5,60,0.55918
5,61,1.25698
5,62,0.207048
5,63,0.380681
5,64,0.952735
5,65,0.657252
5,66,0.835435
5,67,0.416929
5,68,0.909654
5,69,0.726739
5,70,0.561215
5,71,0.580616
5,72,0.381712
5,73,0.0446771
5,74,0.708645
5,75,1.07935
5,76,0.555816
5,77,0.37047
5,78,0.0350652
5,79,0.241283
5,80,0.315045
5,81,0.269948
5,82,0.0974523
5,83,1.37163
5,84,0.429355
5,85,0.716228
5,86,0.273078
5,87,0.129826
5,88,0.035167
5,89,0.95649
5,90,0.772709
5,91,0.360212
5,92,0.0604397
5,93,0.273551
5,94,0.44725
5,95,0.0315329
5,96,0.117426
5,97,0.426571
5,98,0.394828
5,99,0.429458
6,0,-4.44089e-16
6,1,1.76062
6,2,1.59578
6,3,1.54047
6,4,1.44023
6,5,0.601348
6,6,0
6,7,2.22823
6,8,2.06464
6,9,2.54174
6,10,0.960828
6,11,0.325198
6,12,2.13739
6,13,1.76126
6,14,0.440571
6,15,0.648037
6,16,1.78762
6,17,0.183993
6,18,1.99418
6,19,2.18224
6,20,0
6,21,2.03513
6,22,2.17728
6,23,1.80536
6,24,1.99715
6,25,1.37012
6,26,1.82295
6,27,2.74448
6,28,0.889747
6,29,1.9212
6,30,2.83496
6,31,2.04822
6,32,0.732473
6,33,0.19582
6,34,2.43219
6,35,0.56527
6,36,1.19563
6,37,0.142761
6,38,2.1132
6,39,1.12665
6,40,0.27343
6,41,1.13074
6,42,1.70592
6,43,0.410048
6,44,0.79726
6,45,0.678776
6,46,2.44922
6,47,1.47776
6,48,2.31506
6,49,1.82403
6,50,1.57204
6,51,2.55837
6,52,0.845254
6,53,0.699254
6,54,1.59058
6,55,0.861448
6,56,2.34824
6,57,0.502512
6,58,1.2316
6,59,0.196591
6,60,2.72643
6,61,1.39184
6,62,1.30333
6,63,0.994311
6,64,0.176354
6,65,1.01733
6,66,1.15332
6,67,1.13825
6,68,2.34485
6,69,1.95581
6,70,0.680393
6,71,0.502103
6,72,0.544721
6,73,1.61513
6,74,2.26486
6,75,2.17261
6,76,1.91329
6,77,0.454664
6,78,2.12998
6,79,1.64276
6,80,1.29289
6,81,0.471083
6,82,2.72997
6,83,0.519124
6,84,2.1851
6,85,1.98139
6,86,3.63035
6,87,1.07309
6,88,1.32609
6,89,0.550366
6,90,0.684578
6,91,0.600358
6,92,1.7676
6,93,2.15813
6,94,0.523206
6,95,2.29162
6,96,1.57176
6,97,2.1464
6,98,0.0814403
6,99,1.36334
7,0,0
7,1,2.60465
7,2,0.0658856
7,3,1.26346
7,4,1.77761
7,5,0.226985
7,6,2.22823
7,7,0
7,8,0.0984822
7,9,0.267404
7,10,0.70304
7,11,3.70978
7,12,0.471817
7,13,1.14667
7,14,1.74031
7,15,4.13988
7,16,3.01541
7,17,3.55021
7,18,1.48657
7,19,0.647436
7,20,0
7,21,0.256243
7,22,0.221748
7,23,3.00068
7,24,2.72652
7,25,1.15773
7,26,0.661532
7,27,0.0414781
7,28,1.69693
7,29,0.773658
7,30,2.51046
7,31,0.320322
7,32,2.40621
7,33,1.94707
7,34,1.72729
7,35,2.76773
7,36,1.00801
7,37,3.24979
7,38,0.107053
7,39,3.70794
7,40,2.16358
7,41,1.81926
7,42,0.749103
7,43,3.46222
7,44,4.62074
7,45,0.832806
7,46,4.29188
7,47,3.37115
7,48,2.36675
7,49,3.14188
7,50,1.01636
7,51,0.976301
7,52,1.23476
7,53,2.53579
7,54,0.618345
7,55,2.81607
7,56,2.08741
7,57,1.91075
7,58,1.20678
7,59,2.21378
7,60,0.380184
7,61,3.49594
7,62,0.892084
7,63,1.69083
7,64,3.41114
7,65,2.5702
7,66,2.44556
7,67,0.648199
7,68,0.980746
7,69,2.24406
7,70,1.84665
7,71,0.999854
7,72,2.42183
7,73,2.64609
7,74,1.11909
7,75,2.71849
7,76,0.686938
7,77,1.58361
7,78,0.937213
7,79,0.0866926
7,80,1.23491
7,81,2.67072
7,82,0.801054
7,83,2.34563
7,84,0.250824
7,85,1.69043
7,86,1.07107
7,87,1.70678
7,88,0.527986
7,89,3.84199
7,90,2.59611
7,91,1.26937
7,92,0.620282
7,93,0.0361181
7,94,3.24407
7,95,1.91704
7,96,0.0696311
7,97,0.0900148
7,98,2.80571
7,99,1.12193
8,0,0
8,1,2.79868
8,2,0.127389
8,3,1.35202
8,4,0.545808
8,5,0.263259
8,6,2.06464
8,7,0.0984822
8,8,0
8,9,0.204376
8,10,1.25158
8,11,2.26162
8,12,0.605391
8,13,0.357216
8,14,2.91776
8,15,2.48153
8,16,2.84875
8,17,2.94346
8,18,0.919344
8,19,0.504753
8,20,4.44089e-16
8,21,0.641598
8,22,0.188042
8,23,1.12719
8,24,1.54677
8,25,0.637006
8,26,0.323429
8,27,0.156759
8,28,2.70084
8,29,1.57818
8,30,2.18197
8,31,0.247939
8,32,2.43235
8,33,2.93718
8,34,1.9175
8,35,2.25639
8,36,0.535772
8,37,3.57708
8,38,0.000766453
8,39,2.77476
8,40,2.31908
8,41,1.32439
8,42,0.442294
8,43,1.96235
8,44,3.38765
8,45,0.699079
8,46,2.71143
8,47,2.02273
8,48,1.69325
8,49,1.22051
8,50,0.767249
8,51,0.213615
8,52,2.07154
8,53,1.32165
8,54,0.505717
8,55,1.77895
8,56,2.75926
8,57,1.92202
8,58,0.760314
8,59,3.40822
8,60,0.623925
8,61,2.99772
8,62,1.09288
8,63,0.904617
8,64,3.09082
8,65,1.36975
8,66,2.12851
8,67,0.959978
8,68,1.01265
8,69,1.27925
8,70,2.01659
8,71,1.27092
8,72,2.60527
8,73,1.12093
8,74,1.05707
8,75,2.2278
8,76,0.740431
8,77,1.7252
8,78,0.422155
8,79,0.469801
8,80,0.775305
8,81,1.40831
8,82,0.246845
8,83,2.79043
8,84,0.556618
8,85,1.24178
8,86,0.421056
8,87,1.87994
8,88,0.427898
8,89,2.78243
8,90,2.27053
8,91,0.889088
8,92,0.198028
8,93,0.20177
8,94,1.91085
8,95,1.22838
8,96,0.110678
8,97,0.537383
8,98,1.61749
8,99,0.692161
9,0,0
9,1,3.60018
9,2,0.271882
9,3,2.00682
9,4,1.16875
9,5,0.394683
9,6,2.54174
9,7,0.267404
9,8,0.204376
9,9,0
9,10,2.12162
9,11,3.43973
9,12,0.80413
9,13,0.882802
9,14,3.35907
9,15,3.38067
9,16,3.63142
9,17,4.2062
9,18,0.915857
9,19,0.699475
9,20,0
9,21,0.869417
9,22,0.529211
9,23,2.0678
9,24,2.28672
9,25,0.884065
9,26,0.859514
9,27,0.152963
9,28,3.57635
9,29,1.32566
9,30,2.32163
9,31,0.309939
9,32,3.51022
9,33,3.1181
9,34,2.23571
9,35,3.28325
9,36,1.01014
9,37,4.37795
9,38,0.0374178
9,39,3.54459
9,40,2.59752
9,41,1.58839
9,42,0.422154
9,43,3.00904
9,44,4.48275
9,45,0.863422
9,46,3.22994
9,47,3.06172
9,48,1.94527
9,49,2.10421
9,50,1.63149
9,51,0.314016
9,52,2.29475
9,53,2.10121
9,54,1.19904
9,55,3.09747
9,56,2.63099
9,57,2.87001
9,58,0.849307
9,59,3.6142
9,60,0.263414
9,61,3.89634
9,62,1.58212
9,63,1.33963
9,64,4.32656
9,65,1.70978
9,66,2.58818
9,67,1.66824
9,68,0.73514
9,69,1.49734
9,70,2.8383
9,71,1.40948
9,72,3.69187
9,73,2.06815
9,74,1.33586
9,75,2.63277
9,76,1.05418
9,77,2.77508
9,78,1.12979
9,79,0.656127
9,80,1.44662
9,81,2.1692
9,82,0.84814
9,83,2.89211
9,84,0.844394
9,85,1.32152
9,86,0.424291
9,87,3.34409
9,88,0.583873
9,89,3.53314
9,90,2.89948
9,91,1.20049
9,92,0.298419
9,93,0.490785
9,94,2.53739
9,95,1.99913
9,96,0.268233
9,97,0.55205
9,98,2.28311
9,99,0.871734
10,0,0
10,1,2.50759
10,2,0.133895
10,3,0.520032
10,4,0.234665
10,5,0.415686
10,6,0.960828
10,7,0.70304
10,8,1.25158
10,9,2.12162
10,10,0
10,11,1.26985
10,12,0.249354
10,13,0.53761
10,14,0.82724
10,15,1.23148
10,16,2.88628
10,17,2.0639
10,18,0.937727
10,19,0.549645
10,20,0
10,21,0.158617
10,22,0.38775
10,23,1.61091
10,24,1.76536
10,25,0.153098
10,26,0.443894
10,27,0.415743
10,28,1.24399
10,29,0.873735
10,30,2.02969
10,31,0.415167
10,32,3.054
10,33,1.43642
10,34,1.95666
10,35,0.790762
10,36,0.141143
10,37,2.20623
10,38,0.496647
10,39,1.68725
10,40,1.339
10,41,0.562789
10,42,0.53398
10,43,0.943978
10,44,2.73868
10,45,0.16944
10,46,2.93354
10,47,2.00139
10,48,1.34289
10,49,1.68586
10,50,0.526275
10,51,1.26363
10,52,1.1361
10,53,0.252755
10,54,0.367167
10,55,1.55682
10,56,2.09649
10,57,0.753983
10,58,0.477111
10,59,1.67039
10,60,1.58559
10,61,2.52977
10,62,0.224284
10,63,0.0647538
10,64,2.46086
10,65,0.658538
10,66,0.900294
10,67,0.106917
10,68,1.73867
10,69,0.85694
10,70,0.407051
10,71,0.349725
10,72,1.5382
10,73,1.32391
10,74,1.50438
10,75,1.75273
10,76,1.0353
10,77,0.994097
10,78,1.00652
10,79,0.169702
10,80,0.0346693
10,81,0.577656
10,82,2.01317
10,83,1.80153
10,84,0.650784
10,85,0.905244
10,86,1.63929
10,87,1.72038
10,88,0.719034
10,89,1.54324
10,90,0.854342
10,91,0.156365
10,92,0.809339
10,93,0.769135
10,94,1.55352
10,95,1.65034
10,96,0.194609
10,97,0.558939
10,98,0.745393
10,99,0.250144
11,0,-8.88178e-16
11,1,3.70816
11,2,1.24128
11,3,3.04459
11,4,2.11491
11,5,0.428136
11,6,0.325198
11,7,3.70978
11,8,2.26162
11,9,3.43973
11,10,1.26985
11,11,0
11,12,2.52581
11,13,2.16433
11,14,0.809797
11,15,2.83775
11,16,4.04629
11,17,1.0717
11,18,2.62423
11,19,4.06503
11,20,0
11,21,1.90762
11,22,2.22184
11,23,2.52138
11,24,1.6538
11,25,2.11645
11,26,3.13579
11,27,1.9034
11,28,1.75985
11,29,2.23645
11,30,4.27283
11,31,2.91769
11,32,0.727441
11,33,0.158035
11,34,4.14551
11,35,1.73473
11,36,1.02936
11,37,0.622902
11,38,1.74197
11,39,3.4421
11,40,0.612788
11,41,1.57538
11,42,2.3242
11,43,0.0840466
11,44,3.23734
11,45,0.70981
11,46,5.86347
11,47,1.6988
11,48,4.14238
11,49,2.23601
11,50,2.18269
11,51,2.72388
11,52,0.417989
11,53,0.796176
11,54,2.63033
11,55,0.881712
11,56,3.34596
11,57,0.949502
11,58,1.80451
11,59,0.160661
11,60,3.33381
11,61,3.7389
11,62,0.392717
11,63,1.46524
11,64,1.08591
11,65,2.07284
11,66,1.79784
11,67,1.73931
11,68,2.45141
11,69,3.40091
11,70,0.981738
11,71,0.47198
11,72,0.163419
11,73,2.1882
11,74,4.28043
11,75,4.26136
11,76,3.55055
11,77,0.274365
11,78,3.02752
11,79,1.20605
11,80,2.2222
11,81,0.0628884
11,82,3.79831
11,83,1.0967
11,84,3.3299
11,85,2.40498
11,86,3.1667
11,87,0.904203
11,88,0.810227
11,89,2.04031
11,90,1.428
11,91,0.698323
11,92,1.51177
11,93,3.90537
11,94,0.842908
11,95,2.06651
11,96,1.57282
11,97,2.27802
11,98,0.107949
11,99,1.98692
12,0,0
12,1,1.20532
12,2,0.267945
12,3,0.154883
12,4,0.809689
12,5,0.405793
12,6,2.13739
12,7,0.471817
12,8,0.605391
12,9,0.80413
12,10,0.249354
12,11,2.52581
12,12,0
12,13,1.30501
12,14,1.03041
12,15,1.8017
12,16,1.34424
12,17,1.69927
12,18,0.871684
12,19,0.0846453
12,20,0
12,21,0.0623528
12,22,1.25527
12,23,2.83169
12,24,3.53607
12,25,0.0606148
12,26,0.654854
12,27,0.271453
12,28,0.677825
12,29,0.34908
12,30,2.0979
12,31,0.130346
12,32,2.07519
12,33,1.76738
12,34,0.9194
12,35,1.33809
12,36,0.898207
12,37,2.86304
12,38,0.638467
12,39,2.14241
12,40,1.97692
12,41,1.02625
12,42,0.252114
12,43,2.425
12,44,2.15648
12,45,0.350972
12,46,2.10192
12,47,3.83245
12,48,1.47863
12,49,3.10662
12,50,1.32003
12,51,1.66601
12,52,1.46219
12,53,1.45888
12,54,0.494211
12,55,2.03249
12,56,1.48368
12,57,0.65211
12,58,0.391837
12,59,1.9569
12,60,0.752981
12,61,1.57988
12,62,1.19351
12,63,0.429085
12,64,1.67141
12,65,0.846752
12,66,2.08756
12,67,0.133597
12,68,1.26781
12,69,0.859072
12,70,1.27379
12,71,0.674817
12,72,2.31109
12,73,2.61191
12,74,0.288677
12,75,1.6125
12,76,0.0387136
12,77,0.898532
12,78,1.78263
12,79,0.234401
12,80,0.294271
12,81,2.03224
12,82,1.82677
12,83,1.97058
12,84,0.116865
12,85,1.08307
12,86,2.11988
12,87,1.76774
12,88,0.942956
12,89,3.17825
12,90,2.23495
12,91,0.576803
12,92,1.11912
12,93,0.367256
12,94,2.81928
12,95,3.16713
12,96,0.312066
12,97,0.141806
12,98,2.05244
12,99,0.143089
13,0,0
13,1,2.99259
13,2,0.242943
13,3,1.65501
13,4,0.434153
13,5,0.0530238
13,6,1.76126
13,7,1.14667
13,8,0.357216
13,9,0.882802
13,10,0.53761
13,11,2.16433
13,12,1.30501
13,13,0
13,14,1.43717
13,15,3.56986
13,16,3.32516
13,17,2.46876
13,18,2.55078
13,19,1.8218
13,20,0
13,21,0.679847
13,22,0.205561
13,23,1.31559
13,24,1.716
13,25,2.05086
13,26,0.331827
13,27,0.549214
13,28,1.7284
13,29,1.37973
13,30,3.44372
13,31,1.92761
13,32,0.991095
13,33,1.12382
13,34,2.59898
13,35,2.1756
13,36,0.516694
13,37,2.22587
13,38,0.435882
13,39,3.71415
13,40,1.70032
13,41,2.37943
13,42,1.85411
13,43,2.15919
13,44,3.95241
13,45,1.09208
13,46,4.69597
13,47,1.9289
13,48,3.41135
13,49,1.93374
13,50,0.101553
13,51,1.26828
13,52,0.426717
13,53,2.00229
13,54,0.300551
13,55,0.903804
13,56,2.70512
13,57,1.33408
13,58,2.02207
13,59,1.27551
13,60,1.17772
13,61,3.5
13,62,0.370696
13,63,2.20104
13,64,2.4353
13,65,3.25106
13,66,2.66191
13,67,0.645761
13,68,1.31354
13,69,3.69962
13,70,1.44954
13,71,0.979091
13,72,1.21
13,73,0.963392
13,74,2.05903
13,75,3.43772
13,76,1.44937
13,77,0.653739
13,78,0.0796662
13,79,0.156182
13,80,0.795751
13,81,2.01854
13,82,0.655579
13,83,1.96718
13,84,1.07776
13,85,2.57494
13,86,1.52202
13,87,0.44162
13,88,0.269657
13,89,3.70765
13,90,2.50116
13,91,1.46342
13,92,0.603984
13,93,0.847117
13,94,2.57766
13,95,0.839578
13,96,0.347126
13,97,0.650582
13,98,2.30617
13,99,2.10442
14,0,0
14,1,1.70278
14,2,0.727281
14,3,0.970262
14,4,1.09116
14,5,0.838307
14,6,0.440571
14,7,1.74031
14,8,2.91776
14,9,3.35907
14,10,0.82724
14,11,0.809797
14,12,1.03041
14,13,1.43717
14,14,0
14,15,0.105376
14,16,1.67605
14,17,0.124604
14,18,0.975299
14,19,1.44877
14,20,0
14,21,1.19508
14,22,1.44378
14,23,2.20893
14,24,2.14545
14,25,0.506889
14,26,1.53763
14,27,1.40258
14,28,0.588566
14,29,1.60874
14,30,2.0991
14,31,1.15235
14,32,2.13943
14,33,1.37015
14,34,2.31658
14,35,0.0217806
14,36,0.699164
14,37,1.82546
14,38,1.2029
14,39,0.575088
14,40,0.863701
14,41,0.223816
14,42,0.823742
14,43,0.684368
14,44,0.673
14,45,0.070099
14,46,2.09967
14,47,2.23713
14,48,1.35359
14,49,2.1872
14,50,1.5976
14,51,1.9948
14,52,1.90097
14,53,0.356541
14,54,1.42976
14,55,1.54477
14,56,2.39587
14,57,0.0955267
14,58,0.441362
14,59,1.66003
14,60,3.24422
14,61,1.11176
14,62,0.765533
14,63,0.235432
14,64,0.166412
14,65,0.276412
14,66,0.222683
14,67,0.863442
14,68,2.41885
14,69,0.866128
14,70,0.180185
14,71,0.0269135
14,72,1.74602
14,73,1.94834
14,74,1.9494
14,75,1.50906
14,76,1.54593
14,77,0.594654
14,78,2.17137
14,79,1.4034
14,80,0.85388
14,81,0.512532
14,82,3.2796
14,83,1.23549
14,84,1.86067
14,85,0.787002
14,86,2.54592
14,87,2.21507
14,88,1.26525
14,89,0.385416
14,90,0.054819
14,91,0.0344645
14,92,1.30887
14,93,1.87497
14,94,1.08731
14,95,2.54231
14,96,0.853035
14,97,2.102
14,98,0.312757
14,99,0.444406
15,0,0
15,1,1.37348
15,2,1.44657
15,3,1.70621
15,4,3.34426
15,5,0.878874
15,6,0.648037
15,7,4.13988
15,8,2.48153
15,9,3.38067
15,10,1.23148
15,11,2.83775
15,12,1.8017
15,13,3.56986
15,14,0.105376
15,15,0
15,16,1.58103
15,17,0.408587
15,18,1.35627
15,19,3.41287
15,20,0
15,21,1.48998
15,22,2.82268
15,23,4.94937
15,24,3.62484
15,25,1.3297
15,26,4.10579
15,27,1.66979
15,28,0.205936
15,29,1.05885
15,30,2.28611
15,31,2.5545
15,32,2.71109
15,33,1.17867
15,34,2.34577
15,35,0.539041
15,36,1.98982
15,37,1.67823
15,38,1.99556
15,39,0.564813
15,40,0.830615
15,41,0.176776
15,42,1.43004
15,43,2.5869
15,44,0.617426
15,45,0.0923854
15,46,3.38441
15,47,4.10237
15,48,2.05699
15,49,4.64042
15,50,3.29953
15,51,3.41901
15,52,1.75563
15,53,1.7794
15,54,3.34431
15,55,3.4708
15,56,1.58298
15,57,0.43242
15,58,0.635566
15,59,1.33968
15,60,2.86824
15,61,1.02557
15,62,1.22135
15,63,0.920619
15,64,0.306771
15,65,0.339623
15,66,0.054508
15,67,1.52455
15,68,2.24828
15,69,1.57492
15,70,0.642873
15,71,0.00300183
15,72,2.12039
15,73,4.51325
15,74,2.95997
15,75,1.88049
15,76,2.67273
15,77,1.2419
15,78,4.20346
15,79,1.34001
15,80,2.50687
15,81,1.73641
15,82,4.61441
15,83,0.939407
15,84,2.69374
15,85,0.92021
15,86,3.48912
15,87,2.81647
15,88,1.45661
15,89,0.462761
15,90,0.0398999
15,91,0.160049
15,92,2.09703
15,93,4.07394
15,94,1.93693
15,95,3.83424
15,96,1.89099
15,97,1.87353
15,98,0.970887
15,99,0.943815
16,0,0
16,1,0.0516813
16,2,1.32435
16,3,1.98248
16,4,3.22904
16,5,1.29932
16,6,1.78762
16,7,3.01541
16,8,2.84875
16,9,3.63142
16,10,2.88628
16,11,4.04629
16,12,1.34424
16,13,3.32516
16,14,1.67605
16,15,1.58103
16,16,0
16,17,3.28192
16,18,0.185496
16,19,2.0317
16,20,0
16,21,1.55588
16,22,2.60924
16,23,4.89559
16,24,4.09215
16,25,0.969119
16,26,3.55691
16,27,1.3564
16,28,1.07192
16,29,0.411104
16,30,0.351836
16,31,1.53002
16,32,4.99767
16,33,2.81175
16,34,0.968715
16,35,2.50839
16,36,2.26984
16,37,3.64504
16,38,1.55124
16,39,0.885514
16,40,1.73738
16,41,0.206858
16,42,0.466409
16,43,3.59951
16,44,1.86405
16,45,0.259736
16,46,0.380222
16,47,4.86035
16,48,0.234184
16,49,4.7087
16,50,3.89549
16,51,2.64719
16,52,3.15981
16,53,2.56801
16,54,3.83213
16,55,5.31898
16,56,0.25368
16,57,2.40102
16,58,0.0781626
16,59,3.23466
16,60,2.43427
16,61,0.706375
16,62,2.18952
16,63,1.24203
16,64,3.08089
16,65,0.205751
16,66,0.683525
16,67,2.80402
16,68,1.72087
16,69,0.252293
16,70,2.2524
16,71,0.455015
16,72,4.14325
16,73,4.62467
16,74,2.18684
16,75,0.0649523
16,76,2.47248
16,77,3.56069
16,78,4.17451
16,79,1.76211
16,80,2.99871
16,81,2.70459
16,82,4.8427
16,83,1.62648
16,84,2.4424
16,85,0.0178205
16,86,2.70065
16,87,5.02692
16,88,1.7387
16,89,1.60255
16,90,1.33591
16,91,0.652388
16,92,1.78158
16,93,3.41374
16,94,2.62218
16,95,4.37296
16,96,1.61105
16,97,1.82263
16,98,2.06844
16,99,0.529996
17,0,0
17,1,2.75604
17,2,1.17894
17,3,2.33214
17,4,2.30539
17,5,0.876239
17,6,0.183993
17,7,3.55021
17,8,2.94346
17,9,4.2062
17,10,2.0639
17,11,1.0717
17,12,1.69927
17,13,2.46876
17,14,0.124604
17,15,0.408587
17,16,3.28192
17,17,0
17,18,1.55437
17,19,2.83586
17,20,0
17,21,1.53958
17,22,2.16555
17,23,3.28032
17,24,2.45858
17,25,1.29676
17,26,3.18501
17,27,1.70415
17,28,0.940836
17,29,1.62111
17,30,2.72425
17,31,2.25189
17,32,2.84019
17,33,0.730342
17,34,3.22288
17,35,0.417631
17,36,1.24671
17,37,0.950699
17,38,1.72
17,39,1.02544
17,40,0.486975
17,41,0.450292
17,42,1.54315
17,43,0.914094
17,44,1.71565
17,45,0.211635
17,46,3.82599
17,47,2.63761
17,48,2.2634
17,49,3.078
17,50,2.52079
17,51,2.85428
17,52,1.43856
17,53,0.737137
17,54,3.45603
17,55,2.9892
17,56,2.32142
17,57,0.963815
17,58,0.881563
17,59,0.842712
17,60,3.38205
17,61,2.44874
17,62,0.78952
17,63,0.742993
17,64,0.0806271
17,65,0.697414
17,66,0.347852
17,67,2.85697
17,68,2.5368
17,69,1.72365
17,70,0.40633
17,71,0.0489918
17,72,1.38671
17,73,2.88664
17,74,3.94783
17,75,2.36709
17,76,4.32093
17,77,1.48866
17,78,3.24433
17,79,1.39436
17,80,2.6072
17,81,0.663741
17,82,4.49375
17,83,0.804165
17,84,2.89209
17,85,1.19707
17,86,3.15655
17,87,2.68104
17,88,1.26314
17,89,0.280553
17,90,0.102859
17,91,0.187719
17,92,1.73362
17,93,3.88261
17,94,1.06435
17,95,2.90892
17,96,1.51353
17,97,2.18771
17,98,0.237996
17,99,1.05753
18,0,0
18,1,0.17706
18,2,2.1552
18,3,0.631932
18,4,2.05408
18,5,0.615985
18,6,1.99418
18,7,1.48657
18,8,0.919344
18,9,0.915857
18,10,0.937727
18,11,2.62423
18,12,0.871684
18,13,2.55078
18,14,0.975299
18,15,1.35627
18,16,0.185496
18,17,1.55437
18,18,0
18,19,0.858563
18,20,0
18,21,0.823287
18,22,1.95678
18,23,3.31938
18,24,3.77993
18,25,1.08378
18,26,1.72704
18,27,0.741629
18,28,0.542034
18,29,0.0952048
18,30,0.0262171
18,31,1.20921
18,32,2.23178
18,33,1.68361
18,34,0.0495632
18,35,1.36561
18,36,2.53321
18,37,2.29056
18,38,1.99788
18,39,0.951543
18,40,1.59403
18,41,1.24448
18,42,0.45725
18,43,2.6512
18,44,1.11506
18,45,1.11653
18,46,0.128437
18,47,3.48059
18,48,0.135011
18,49,3.67889
18,50,1.97218
18,51,3.35952
18,52,1.69569
18,53,2.21919
18,54,1.51991
18,55,2.54385
18,56,0.0617973
18,57,1.05798
18,58,0.420102
18,59,1.83894
18,60,0.618882
18,61,0.484337
18,62,1.65878
18,63,1.58977
18,64,1.44179
18,65,0.92767
18,66,1.11806
18,67,0.890799
18,68,0.65015
18,69,0.350915
18,70,1.37107
18,71,0.662287
18,72,2.28159
18,73,3.08379
18,74,0.330559
18,75,0.15808
18,76,0.559589
18,77,1.48004
18,78,2.23796
18,79,0.858892
18,80,1.36328
18,81,3.03557
18,82,1.93418
18,83,1.26295
18,84,0.766257
18,85,0.25314
18,86,2.0784
18,87,2.13871
18,88,1.16752
18,89,1.8509
18,90,1.41955
18,91,2.20158
18,92,2.27846
18,93,1.22594
18,94,4.48847
18,95,2.92237
18,96,2.19412
18,97,0.621465
18,98,3.33676
18,99,0.954764
19,0,0
19,1,1.7538
19,2,0.222709
19,3,0.589324
19,4,1.60092
19,5,0.427234
19,6,2.18224
19,7,0.647436
19,8,0.504753
19,9,0.699475
19,10,0.549645
19,11,4.06503
19,12,0.0846453
19,13,1.8218
19,14,1.44877
19,15,3.41287
19,16,2.0317
19,17,2.83586
19,18,0.858563
19,19,0
19,20,0
19,21,0.104173
19,22,0.940806
19,23,4.01186
19,24,3.43879
19,25,0.280417
19,26,1.31299
19,27,0.0871451
19,28,1.11723
19,29,0.351081
19,30,1.96368
19,31,0.0324561
19,32,2.75315
19,33,2.09454
19,34,1.0907
19,35,2.40953
19,36,1.20597
19,37,3.36093
19,38,0.436563
19,39,3.1856
19,40,2.11685
19,41,1.17721
19,42,0.230517
19,43,3.95698
19,44,3.48774
19,45,0.473733
19,46,3.2597
19,47,4.27182
19,48,1.72003
19,49,3.90281
19,50,1.93406
19,51,1.53883
19,52,1.65892
19,53,2.46768
19,54,0.983281
19,55,3.1779
19,56,1.55262
19,57,1.30506
19,58,0.515953
19,59,2.37077
19,60,0.52288
19,61,2.51341
19,62,1.16578
19,63,0.931888
19,64,2.70987
19,65,1.33817
19,66,1.99508
19,67,0.382677
19,68,1.13402
19,69,1.20612
19,70,1.7641
19,71,0.773454
19,72,2.83176
19,73,3.80258
19,74,0.37676
19,75,2.07283
19,76,0.0280814
19,77,1.50873
19,78,2.31017
19,79,0.220309
19,80,0.820493
19,81,2.63377
19,82,2.02305
19,83,2.19797
19,84,0.020298
19,85,1.05387
19,86,1.65691
19,87,2.32723
19,88,0.872439
19,89,3.48351
19,90,2.31019
19,91,0.820173
19,92,1.00071
19,93,0.540373
19,94,3.14579
19,95,2.95444
19,96,0.30233
19,97,0.034913
19,98,2.51957
19,99,0.329255
20,0,0
20,1,8.88178e-16
20,2,4.44089e-16
20,3,0
20,4,0
20,5,-4.44089e-16
20,6,0
20,7,0
20,8,4.44089e-16
20,9,0
20,10,0
20,11,0
20,12,0
20,13,0
20,14,0
20,15,0
20,16,0
20,17,0
20,18,0
20,19,0
20,20,0
20,21,4.44089e-16
20,22,0
20,23,0
20,24,0
20,25,8.88178e-16
20,26,0
20,27,0
20,28,0
20,29,4.44089e-16
20,30,0
20,31,-8.88178e-16
20,32,0
20,33,-4.44089e-16
20,34,0
20,35,0
20,36,0
20,37,0
20,38,4.44089e-16
20,39,0
20,40,0
20,41,0
20,42,0
20,43,0
20,44,-8.88178e-16
20,45,0
20,46,0
20,47,4.44089e-16
20,48,0
20,49,0
20,50,0
20,51,0
20,52,0
20,53,0
20,54,0
20,55,0
20,56,0
20,57,-8.88178e-16
20,58,8.88178e-16
20,59,0
20,60,4.44089e-16
20,61,8.88178e-16
20,62,0
20,63,0
20,64,0
20,65,-8.88178e-16
20,66,0
20,67,0
20,68,4.44089e-16
20,69,0
20,70,4.44089e-16
20,71,2.22045e-16
20,72,0
20,73,0
20,74,0
20,75,4.44089e-16
20,76,0
20,77,-8.88178e-16
20,78,-8.88178e-16
20,79,0
20,80,-8.88178e-16
20,81,0
20,82,0
20,83,-4.44089e-16
20,84,8.88178e-16
20,85,4.44089e-16
20,86,4.44089e-16
20,87,-8.88178e-16
20,88,0
20,89,4.44089e-16
20,90,4.44089e-16
20,91,0
20,92,0
20,93,0
20,94,0
20,95,0
20,96,0
20,97,0
20,98,0
20,99,0
21,0,4.44089e-16
21,1,1.47282
21,2,0.102449
21,3,0.226378
21,4,0.378638
21,5,0.370576
21,6,2.03513
21,7,0.256243
21,8,0.641598
21,9,0.869417
21,10,0.158617
21,11,1.90762
21,12,0.0623528
21,13,0.679847
21,14,1.19508
21,15,1.48998
21,16,1.55588
21,17,1.53958
21,18,0.823287
21,19,0.104173
21,20,4.44089e-16
21,21,0
21,22,0.515878
21,23,1.9401
21,24,2.6258
21,25,0.067443
21,26,0.305528
21,27,0.338928
21,28,0.847725
21,29,0.710191
21,30,2.31816
21,31,0.100535
21,32,1.86485
21,33,1.84833
21,34,1.26664
21,35,1.1519
21,36,0.415704
21,37,3.01563
21,38,0.432248
21,39,1.95264
21,40,2.07032
21,41,0.853101
21,42,0.283793
21,43,1.69692
21,44,2.06329
21,45,0.306075
21,46,2.08449
21,47,2.86121
21,48,1.29025
21,49,2.12351
21,50,0.850115
21,51,1.20123
21,52,1.47819
21,53,0.845631
21,54,0.233243
21,55,1.5518
21,56,2.05082
21,57,0.569042
21,58,0.398559
21,59,2.0306
21,60,1.04174
21,61,1.68622
21,62,1.21874
21,63,0.243831
21,64,1.56756
21,65,0.719925
21,66,1.79292
21,67,0.06102
21,68,1.46149
21,69,0.742214
21,70,1.23527
21,71,0.759178
21,72,2.25234
21,73,1.75474
21,74,0.45129
21,75,1.68071
21,76,0.106689
21,77,0.715289
21,78,1.17297
21,79,0.188239
21,80,0.118457
21,81,1.27926
21,82,1.58873
21,83,2.14207
21,84,0.143229
21,85,1.01541
21,86,1.82271
21,87,1.55697
21,88,0.90797
21,89,2.4244
21,90,1.90267
21,91,0.404646
21,92,0.853778
21,93,0.203788
21,94,2.2071
21,95,2.62782
21,96,0.126359
21,97,0.253867
21,98,1.43088
21,99,0.165884
22,0,0
22,1,2.4096
22,2,0.0580065
22,3,1.13876
22,4,0.228562
22,5,0.106632
22,6,2.17728
22,7,0.221748
22,8,0.188042
22,9,0.529211
22,10,0.38775
22,11,2.22184
22,12,1.25527
22,13,0.205561
22,14,1.44378
22,15,2.82268
22,16,2.60924
22,17,2.16555
22,18,1.95678
22,19,0.940806
22,20,0
22,21,0.515878
22,22,0
22,23,1.52831
22,24,2.60365
22,25,0.92371
22,26,0.0317171
22,27,0.349047
22,28,1.47375
22,29,1.13155
22,30,3.16988
22,31,0.666825
22,32,1.27135
22,33,1.42088
22,34,2.04581
22,35,1.92477
22,36,0.463519
22,37,2.58513
22,38,0.262473
22,39,3.27027
22,40,1.96869
22,41,2.16969
22,42,1.05365
22,43,2.17468
22,44,3.2224
22,45,0.956314
22,46,3.56639
22,47,2.70181
22,48,2.95461
22,49,1.9516
22,50,0.313726
22,51,1.03903
22,52,0.749163
22,53,1.56398
22,54,0.0952872
22,55,1.17972
22,56,2.41404
22,57,1.07396
22,58,1.36476
22,59,1.58748
22,60,0.834537
22,61,2.81838
22,62,0.697967
22,63,1.1992
22,64,2.15635
22,65,2.12285
22,66,2.89719
22,67,0.370554
22,68,1.18859
22,69,2.56745
22,70,1.54919
22,71,1.04959
22,72,1.6559
22,73,1.36253
22,74,1.28635
22,75,2.93985
22,76,0.723463
22,77,0.708583
22,78,0.316163
22,79,0.0555493
22,80,0.393532
22,81,1.92705
22,82,0.59916
22,83,2.09164
22,84,0.621309
22,85,2.29037
22,86,1.58261
22,87,0.815597
22,88,0.406854
22,89,3.9166
22,90,2.75568
22,91,1.23506
22,92,0.607583
22,93,0.227321
22,94,2.70495
22,95,1.62871
22,96,0.0438081
22,97,0.376773
22,98,2.25045
22,99,1.19312
23,0,0
23,1,4.51023
23,2,1.05151
23,3,3.41523
23,4,2.02996
23,5,0.0309705
23,6,1.80536
23,7,3.00068
23,8,1.12719
23,9,2.0678
23,10,1.61091
23,11,2.52138
23,12,2.83169
23,13,1.31559
23,14,2.20893
23,15,4.94937
23,16,4.89559
23,17,3.28032
23,18,3.31938
23,19,4.01186
23,20,0
23,21,1.9401
23,22,1.52831
23,23,0
23,24,0.523538
23,25,3.14917
23,26,2.23903
23,27,1.50425
23,28,2.88056
23,29,2.49301
23,30,4.85282
23,31,3.10238
23,32,0.388374
23,33,0.940306
23,34,4.25112
23,35,3.40744
23,36,1.27813
23,37,2.12493
23,38,1.02856
23,39,5.09395
23,40,1.61449
23,41,3.07112
23,42,2.75537
23,43,2.6814
23,44,5.1669
23,45,1.6206
23,46,6.45878
23,47,0.885071
23,48,5.06661
23,49,0.184535
23,50,1.18634
23,51,1.39104
23,52,0.142183
23,53,2.88097
23,54,1.90517
23,55,0.807953
23,56,3.86653
23,57,2.35777
23,58,2.76328
23,59,1.11254
23,60,2.4112
23,61,4.99288
23,62,0.764189
23,63,2.99457
23,64,3.20203
23,65,3.92275
23,66,3.55992
23,67,1.95978
23,68,1.71844
23,69,4.80346
23,70,2.44097
23,71,1.38602
23,72,1.05825
23,73,0.342195
23,74,3.97247
23,75,5.0715
23,76,3.31767
23,77,1.12138
23,78,1.08347
23,79,0.896974
23,80,2.45403
23,81,1.77089
23,82,1.49054
23,83,1.99105
23,84,2.81713
23,85,3.39661
23,86,1.89244
23,87,0.265752
23,88,0.117455
23,89,4.4243
23,90,3.38059
23,91,2.01207
23,92,0.571231
23,93,2.81524
23,94,1.76711
23,95,0.0796202
23,96,1.30618
23,97,1.85015
23,98,2.02459
23,99,3.05746
24,0,0
24,1,3.90537
24,2,2.091
24,3,3.12996
24,4,1.95218
24,5,0.140355
24,6,1.99715
24,7,2.72652
24,8,1.54677
24,9,2.28672
24,10,1.76536
24,11,1.6538
24,12,3.53607
24,13,1.716
24,14,2.14545
24,15,3.62484
24,16,4.09215
24,17,2.45858
24,18,3.77993
24,19,3.43879
24,20,0
24,21,2.6258
24,22,2.60365
24,23,0.523538
24,24,0
24,25,3.1332
24,26,2.15694
24,27,2.36681
24,28,2.68648
24,29,2.76804
24,30,4.75242
24,31,3.25282
24,32,0.117289
24,33,0.688922
24,34,3.95572
24,35,2.79956
24,36,1.92872
24,37,1.54656
24,38,1.97024
24,39,4.14664
24,40,1.40385
24,41,3.71592
24,42,3.09826
24,43,1.78203
24,44,3.85587
24,45,2.19683
24,46,5.06567
24,47,0.254271
24,48,4.67289
24,49,0.322941
24,50,1.59373
24,51,1.9524
24,52,0.213969
24,53,2.32235
24,54,1.99909
24,55,0.78284
24,56,3.76364
24,57,2.08242
24,58,3.05767
24,59,0.814743
24,60,2.71359
24,61,4.04381
24,62,1.43493
24,63,2.96489
24,64,2.42267
24,65,3.66611
24,66,3.91519
24,67,2.0319
24,68,1.80183
24,69,4.52037
24,70,2.43668
24,71,1.6829
24,72,0.88891
24,73,0.706986
24,74,3.56723
24,75,4.52017
24,76,3.04129
24,77,1.14673
24,78,1.58325
24,79,1.50615
24,80,2.30136
24,81,1.80273
24,82,1.80224
24,83,1.6082
24,84,2.95609
24,85,4.10108
24,86,2.74048
24,87,0.539812
24,88,0.199372
24,89,3.96573
24,90,3.42017
24,91,2.54457
24,92,0.920053
24,93,2.64994
24,94,1.31173
24,95,0.48409
24,96,2.08416
24,97,2.35756
24,98,2.04267
24,99,3.29963
25,0,0
25,1,0.785282
25,2,0.4201
25,3,0.0129343
25,4,1.22207
25,5,0.390348
25,6,1.37012
25,7,1.15773
25,8,0.637006
25,9,0.884065
25,10,0.153098
25,11,2.11645
25,12,0.0606148
25,13,2.05086
25,14,0.506889
25,15,1.3297
25,16,0.969119
25,17,1.29676
25,18,1.08378
25,19,0.280417
25,20,8.88178e-16
25,21,0.067443
25,22,0.92371
25,23,3.14917
25,24,3.1332
25,25,0
25,26,0.919366
25,27,0.287047
25,28,0.301765
25,29,0.21465
25,30,1.24906
25,31,0.97734
25,32,1.95109
25,33,1.28017
25,34,0.639787
25,35,0.748009
25,36,1.3979
25,37,2.04875
25,38,0.872907
25,39,1.31079
25,40,1.41946
25,41,0.708468
25,42,0.668321
25,43,2.05691
25,44,1.72421
25,45,0.2023
25,46,1.87761
25,47,3.12834
25,48,0.805159
25,49,3.64191
25,50,1.03129
25,51,2.55106
25,52,1.11881
25,53,1.3105
25,54,0.612132
25,55,1.93108
25,56,0.979539
25,57,0.411526
25,58,0.535194
25,59,1.41756
25,60,0.722967
25,61,1.08823
25,62,0.624357
25,63,0.603413
25,64,1.26069
25,65,1.54416
25,66,0.897097
25,67,0.0968155
25,68,1.17898
25,69,0.797943
25,70,0.548964
25,71,0.339713
25,72,1.63773
25,73,2.65556
25,74,0.351257
25,75,0.917744
25,76,0.157528
25,77,0.729919
25,78,1.56739
25,79,0.202558
25,80,0.32568
25,81,2.28311
25,82,1.72494
25,83,1.48837
25,84,0.22052
25,85,0.8611
25,86,2.01482
25,87,1.44958
25,88,0.838598
25,89,1.93599
25,90,0.97172
25,91,0.465515
25,92,1.46207
25,93,0.632901
25,94,3.18366
25,95,2.34765
25,96,0.8508
25,97,0.203779
25,98,2.3533
25,99,0.160621
26,0,0
26,1,3.1019
26,2,0.0162619
26,3,1.55857
26,4,0.381137
26,5,0.158515
26,6,1.82295
26,7,0.661532
26,8,0.323429
26,9,0.859514
26,10,0.443894
26,11,3.13579
26,12,0.654854
26,13,0.331827
26,14,1.53763
26,15,4.10579
26,16,3.55691
26,17,3.18501
26,18,1.72704
26,19,1.31299
26,20,0
26,21,0.305528
26,22,0.0317171
26,23,2.23903
26,24,2.15694
26,25,0.919366
26,26,0
26,27,0.260182
26,28,1.74215
26,29,1.10624
26,30,3.09321
26,31,0.658426
26,32,1.89325
26,33,1.56545
26,34,2.46482
26,35,2.58915
26,36,0.289872
26,37,2.83288
26,38,0.262368
26,39,3.8225
26,40,1.89429
26,41,1.67381
26,42,1.0064
26,43,2.70437
26,44,4.69535
26,45,0.699885
26,46,5.15014
26,47,2.73932
26,48,2.84956
26,49,2.28379
26,50,0.416765
26,51,1.10888
26,52,0.861276
26,53,1.62979
26,54,0.0936457
26,55,2.15005
26,56,2.56042
26,57,1.54383
26,58,1.23727
26,59,1.79601
26,60,1.00776
26,61,3.86647
26,62,0.466284
26,63,1.08327
26,64,3.0754
26,65,2.1904
26,66,2.30876
26,67,0.469725
26,68,1.35369
26,69,2.37581
26,70,1.52992
26,71,0.866439
26,72,1.89127
26,73,1.9067
26,74,2.00478
26,75,3.24451
26,76,1.28486
26,77,1.0079
26,78,0.605788
26,79,0.0173734
26,80,0.714398
26,81,1.68362
26,82,1.11856
26,83,2.20436
26,84,0.703689
26,85,1.8483
26,86,1.42767
26,87,1.1713
26,88,0.460577
26,89,3.52288
26,90,2.34404
26,91,0.916434
26,92,0.64662
26,93,0.703422
26,94,2.5665
26,95,1.53669
26,96,0.0240777
26,97,0.349597
26,98,1.97078
26,99,1.04044
27,0,0
27,1,1.28875
27,2,0.127555
27,3,0.475307
27,4,0.469844
27,5,0.291567
27,6,2.74448
27,7,0.0414781
27,8,0.156759
27,9,0.152963
27,10,0.415743
27,11,1.9034
27,12,0.271453
27,13,0.549214
27,14,1.40258
27,15,1.66979
27,16,1.3564
27,17,1.70415
27,18,0.741629
27,19,0.0871451
27,20,0
27,21,0.338928
27,22,0.349047
27,23,1.50425
27,24,2.36681
27,25,0.287047
27,26,0.260182
27,27,0
27,28,1.03934
27,29,0.652381
27,30,1.66783
27,31,0.0246878
27,32,1.62058
27,33,1.90383
27,34,0.818653
27,35,1.37669
27,36,0.587924
27,37,2.77511
27,38,0.152224
27,39,1.91413
27,40,2.50465
27,41,1.19919
27,42,0.204263
27,43,1.75988
27,44,2.04717
27,45,0.612656
27,46,1.63935
27,47,2.39372
27,48,1.08716
27,49,1.70543
27,50,0.7312
27,51,0.666598
27,52,1.40429
27,53,1.1285
27,54,0.291316
27,55,1.4325
27,56,1.66923
27,57,0.872306
27,58,0.497864
27,59,2.01484
27,60,0.205765
27,61,1.59932
27,62,1.5556
27,63,0.599684
27,64,1.71701
27,65,0.951649
27,66,2.01661
27,67,0.295294
27,68,0.988705
27,69,0.798148
27,70,1.37267
27,71,1.3465
27,72,2.01701
27,73,1.41544
27,74,0.254142
27,75,1.38127
27,76,0.114176
27,77,0.902579
27,78,0.712083
27,79,0.276686
27,80,0.359722
27,81,1.49149
27,82,0.659142
27,83,2.29015
27,84,0.0618133
27,85,1.13983
27,86,1.25004
27,87,1.32004
27,88,0.846126
27,89,2.46846
27,90,2.00021
27,91,0.769817
27,92,0.574576
27,93,0.0419228
27,94,2.30681
27,95,1.93946
27,96,0.104159
27,97,0.0264677
27,98,1.71594
27,99,0.363087
28,0,0
28,1,1.05559
28,2,0.683245
28,3,0.595323
28,4,1.39313
28,5,0.971399
28,6,0.889747
28,7,1.69693
28,8,2.70084
28,9,3.57635
28,10,1.24399
28,11,1.75985
28,12,0.677825
28,13,1.7284
28,14,0.588566
28,15,0.205936
28,16,1.07192
28,17,0.940836
28,18,0.542034
28,19,1.11723
28,20,0
28,21,0.847725
28,22,1.47375
28,23,2.88056
28,24,2.68648
28,25,0.301765
28,26,1.74215
28,27,1.03934
28,28,0
28,29,0.730015
28,30,1.2629
28,31,0.894466
28,32,3.4354
28,33,1.96321
28,34,1.52879
28,35,0.4308
28,36,0.939537
28,37,2.48419
28,38,1.09443
28,39,0.304028
28,40,1.20005
28,41,0.0329988
28,42,0.481842
28,43,1.49687
28,44,0.728095
28,45,0.003968
28,46,1.41505
28,47,3.00936
28,48,0.623252
28,49,2.83854
28,50,2.01467
28,51,1.99712
28,52,2.30562
28,53,0.804799
28,54,1.73195
28,55,2.60358
28,56,1.38361
28,57,0.436168
28,58,0.151083
28,59,2.30779
28,60,2.53708
28,61,0.592335
28,62,1.05172
28,63,0.228226
28,64,0.986714
28,65,0.0366167
28,66,0.125709
28,67,1.03634
28,68,2.06323
28,69,0.324085
28,70,0.626273
28,71,0.0842046
28,72,2.56316
28,73,2.6084
28,74,1.47502
28,75,0.712846
28,76,1.2788
28,77,1.49321
28,78,2.49538
28,79,1.16185
28,80,1.03071
28,81,1.08326
28,82,3.50159
28,83,1.43357
28,84,1.52857
28,85,0.346982
28,86,2.36169
28,87,3.30295
28,88,1.3446
28,89,0.653194
28,90,0.270887
28,91,0.0655006
28,92,1.33781
28,93,1.86356
28,94,1.60569
28,95,2.96329
28,96,0.829556
28,97,1.49819
28,98,0.813105
28,99,0.181381
29,0,4.44089e-16
29,1,0.378184
29,2,0.518158
29,3,0.33414
29,4,1.15679
29,5,0.903513
29,6,1.9212
29,7,0.773658
29,8,1.57818
29,9,1.32566
29,10,0.873735
29,11,2.23645
29,12,0.34908
29,13,1.37973
29,14,1.60874
29,15,1.05885
29,16,0.411104
29,17,1.62111
29,18,0.0952048
29,19,0.351081
29,20,4.44089e-16
29,21,0.710191
29,22,1.13155
29,23,2.49301
29,24,2.76804
29,25,0.21465
29,26,1.10624
29,27,0.652381
29,28,0.730015
29,29,0
29,30,0.420615
29,31,0.305413
29,32,2.78006
29,33,2.90093
29,34,0.0658253
29,35,1.22048
29,36,1.01813
29,37,3.34696
29,38,0.666853
29,39,0.989221
29,40,2.22764
29,41,0.351116
29,42,0.0294916
29,43,2.02515
29,44,1.30627
29,45,0.219274
29,46,0.495526
29,47,3.06225
29,48,0.0734866
29,49,2.55991
29,50,1.68556
29,51,1.28718
29,52,2.84416
29,53,1.28611
29,54,1.09097
29,55,2.35299
29,56,0.98952
29,57,0.926698
29,58,0.0323708
29,59,3.03444
29,60,1.18956
29,61,0.695528
29,62,1.71943
29,63,0.494901
29,64,1.62117
29,65,0.269295
29,66,0.954965
