0,0,5.195337332647419,2.728271247511875,5.19147474230589,5.373104689097358,4.272141851577497,2.866443789785525,5.617145449425358,4.604624631823967,5.028661750406365,5.964918440347697,4.965696426484407,3.783407458892051,4.619769474768194,4.519107765920172,5.140928807132035,5.51859565469332,6.201631237021434,2.767406186305148,4.818434808109372,1.704172819874792,3.736381270694949,3.770288583119335,4.73955852374459,3.315289278479331,4.810412248446074,5.449194068850916,3.061496529477047,5.083119022804797,3.865815437912161,3.934861115719334,4.46485106134572,6.323388411287099,4.17014975750272,4.708276754822299,5.107981499574954,3.999481341374154,4.211909899321209,2.394769926318602,4.640731623354231,2.872537206025363,2.893709556952806,3.613274000127862,4.719308317963555,5.84690097402034,2.094190535744062,5.264163276343164,4.165439112506628,4.222079819236012,4.413942002337593,4.731443120232981,3.042848172354316,4.169230504541576,4.580813137424403,5.889089403294876,5.740924228728333,3.996659355011382,6.965554536431395,3.227234264815618,4.394570627490245,4.298041763408076,5.458134663051105,3.385462154566198,4.470140154402322,6.288771024612043,4.406191893233885,3.526397169917195,6.612721376256527,3.365272648686879,4.156266954852636,4.379407151658772,2.607916217979405,4.476492041766633,4.673343449822622,5.406648592242703,4.451410450632473,6.303870239781273,6.749163725973761,4.576767636662365,3.700975141770072,6.360253296842822,4.022492510869349,4.757067584132057,3.412205152097394,4.647862411905069,2.683665031258559,2.729086843616377,5.108103757755907,2.583691351535628,3.976767154360436,3.84269176489606,2.979664578438319,1.832882974987765,5.515629973085577,2.659749424287935,3.801361203569058,3.559940027584735,4.059149418289502,3.47784933543706,4.011427052808016
20,5.195337332647419,0,3.391732891660288,0.6337171147992734,2.371622279496526,3.132671520123626,2.347832775698064,2.478112981354035,1.2114548056408,0.4824822012041626,0.9285035305449054,1.359663225984799,1.820559342668117,2.601699899815844,0.9289160950161708,1.575754173245672,0.3654733315887437,1.068862024543974,3.746074736861382,1.63615220852386,4.394083180823958,1.47867175816715,2.092491143520392,1.971429487634757,2.404308317850948,3.64736567049569,1.750285976365235,2.134107220782289,0.6209839331747727,1.55707275060661,1.411510859950528,3.206463968127052,1.698850307737894,1.673132391806071,0.5265334944837601,0.8187245260952524,3.065255262052878,1.023338951458642,3.452795987244174,1.190040159986054,2.500663550511234,3.129909700887536,4.426775613122556,1.69718937554412,1.044631549422977,3.819180318935602,1.23365734039882,1.606245013964208,1.630376869031642,2.34049333335218,1.036039887850676,3.766659761796791,1.606813070713872,2.187220536107787,1.358315140107465,1.052119580448654,1.309188602926627,1.778048382054626,4.422596850536713,1.322533418235692,0.9857466736029284,0.5346816483639082,1.81672709574963,3.154574166877626,1.093538169458024,3.997371073010665,1.899268813660173,1.420921122872042,2.568838502152611,2.534429706085187,0.906208470882639,2.700023530874843,0.7193113338658532,1.804385810516915,0.6853446633127152,1.128749486574153,1.327522422164052,1.664453509574575,1.306628177123409,1.660580051345704,2.010493717777337,2.773674873495343,0.6422435338303645,2.460583848600975,0.7672950815861475,3.100474048199984,2.647938122219654,0.1906524423486172,3.007232344407786,1.784128294044488,1.59068615060023,3.689342712179359,4.17183626022839,1.340579379851992,3.784201696144949,1.580454939755921,3.779548416355216,1.195419489566162,3.330036440384967,3.717588756823738
88,2.728271247511875,3.391732891660288,0,3.102076755002818,2.73013425962001,4.347704756082516,1.528731644114094,2.966599641447494,3.460219391541295,3.471341132364344,4.312105483920216,2.603923513120149,1.581019231797971,1.927609438968179,3.161191469144371,2.695930969025481,3.604032589942867,4.162182972900859,0.3940327346597072,2.369297142386655,3.198819313434255,2.069417241046096,1.374843820218536,2.187175955902288,0.9889441802222344,2.122615873005748,2.957267289051591,1.794673771442502,3.597068273596377,2.799602408052053,1.990248272348345,1.740090404779213,4.967118412849091,3.306369652027579,2.869879528557939,2.947779247295269,1.271214257447191,2.728423913964307,0.3552081422580304,2.406957518605345,2.360974370921131,0.2665999575806368,1.44592872876553,2.258172350868445,3.651654945172829,0.6505464509738798,2.935031336327502,1.882743901757542,1.901306534837341,1.778546185070101,2.546991250272332,0.5815068977280101,3.255065884424336,1.976072670303465,3.569935757174634,3.518901739693304,2.715309944568581,5.08417834841703,1.229639150545734,3.303988753118862,2.864694821286917,3.421406342818282,1.88798273772293,1.743246571845238,4.391836077131247,1.835940534715744,1.510163267660767,4.727713070802121,3.136970877219776,1.489404515069111,2.489680336728624,2.175083410394627,2.793119750394232,2.179348423517699,3.295814383779356,2.325070166734842,4.124199230221472,5.053270166612297,2.30448824292229,2.642393978063851,3.899600129923776,1.315720770983261,2.780374939824284,3.092757602407014,2.650527521086814,0.372415300148038,1.008736365325608,3.397276710309443,2.638497745667409,1.675396710900731,1.80199939463643,0.47148681244001,0.9954129545675932,3.1574509351469,0.3999485551302014,1.820551217306388,1.013509903812762,2.667498210757258,0.7691204188295061,1.392905571472369
5,5.19147474230589,0.6337171147992734,3.102076755002818,0,1.74105882299509,3.649431905356427,2.33148880646335,1.844409810211419,1.749755942291793,1.086876199664466,1.424807729684107,0.7574421194680159,1.534724379567567,2.036280358317356,1.397559784251563,0.9496239166796175,0.5832732620608817,1.063467876968818,3.423756976814335,1.054283387951185,4.591500299466395,1.485112074179705,1.736093869878984,1.395098546937235,2.124850305605192,3.074360633156511,1.117677660100061,2.177577777676023,1.239855996086332,1.894233051819426,1.259398705976645,2.660565525936345,2.265320033416417,2.140648698061751,0.6295621771048853,0.2037356581672309,2.57931517451203,1.298707797199927,3.223440661252806,0.7144326229274446,2.704640254517367,2.835486229043154,3.986435942024799,1.132772658638295,0.6711192189558111,3.605408218825077,0.5999535591472707,1.224015780932082,1.219205269989627,1.80854458700842,0.5616443976818577,3.401752660032882,2.066891510453826,1.631879089779059,0.8549603435427168,0.597088958262302,1.610689379019498,1.989319851440255,4.02619107214988,1.813908784733283,1.328389075691425,0.3241584242928267,1.840413803166658,2.607778594187599,1.308211672935495,3.467620520018487,1.709094780770846,1.638287079993952,2.93427276752856,2.039706440408374,0.8335236542553277,2.85558808817773,0.9424821186311484,1.244624471252317,0.2152380776521364,0.7853132988594236,1.112859578300569,2.039638045972802,0.8300194297091534,1.948859839221343,1.50047716811947,2.292245345206148,0.4555872519765012,2.82542532911004,0.547146841022914,2.858580650458715,2.513895006649737,0.8017700379050896,3.241380699977795,1.428398235856834,1.380147795620188,3.336792847517747,3.971165250177649,0.7270106462812326,3.47682929917783,1.404848823490623,3.343278562433293,1.465588237659559,2.915042084933965,3.226042337735302
52,5.373104689097358,2.371622279496526,2.73013425962001,1.74105882299509,0,5.120321527103058,2.901037166798283,0.2453111788056501,3.351036045229975,2.79451019793471,3.103155329071191,1.04617852293976,1.808360387243702,0.8352732899377195,2.958103173118604,0.7986557494320454,2.272760194888638,2.374632905697205,2.880691641800639,0.8701512848306331,5.322149095994963,2.408045269191943,1.669056889026849,0.7076098583146608,2.091288818014502,1.578049848785766,0.6775552426797798,2.918743492537301,2.95476598377781,3.210761247006118,2.023531386017628,1.366168636981961,3.967564893885233,3.613985487987197,2.157629186507902,1.553580887313701,1.602010072347027,2.674186351219359,3.014152248856786,1.387671799599659,3.65365468483533,2.512194960733789,2.94759751223262,0.8932356039112949,1.75771968272151,3.374213647447101,1.148321218055396,1.492636967835451,1.410122086383864,0.9613952159147596,1.475641138194611,2.716500348512175,3.536591990139692,0.7971749335547343,1.441850836726701,1.628017106002378,2.935328726988809,3.311382162393754,3.141285983579384,3.351142592361791,2.770630520881045,1.962022775980734,2.6499010865765,1.320514638345037,2.77249717426599,2.129340510223033,2.118876168610732,3.032290316623279,4.161792715088057,1.24075095817004,2.03740184979536,3.681938235621434,2.395062520490093,0.8578939576271092,1.762121522358862,1.625671004292339,2.09404268226662,3.56017806045938,1.32853998067585,3.18180748628192,1.381049959322922,1.436931979153248,1.89792022761532,4.062512640200437,1.848857249252164,2.693796884467202,2.746842904034129,2.526657246949302,4.178119192260495,1.587898827362553,1.941899697065002,2.70645556479063,3.725508024770685,1.137388214036837,2.974019352656807,2.025529501643525,2.404876333249514,2.786315611935226,2.145239049860505,2.082657104291266
33,4.272141851577497,3.132671520123626,4.347704756082516,3.649431905356427,5.120321527103058,0,2.848780915351721,5.305138364955676,1.921278329318008,2.66267071620063,3.235589290778812,4.112251266485668,3.55499438230364,4.920455628806348,2.25189262900082,4.384080046353648,3.463555073463785,4.065812837821166,4.723316933417199,4.250419693896308,2.678572194285605,2.796445081454813,3.861865999871571,4.478942457304596,3.764300086066127,5.827805564353378,4.664912583999717,2.623047679796299,2.5623826532258,1.918353014800862,3.163035156105654,5.31331145764098,3.000644706733307,1.521299125191305,3.052496059016355,3.753193493000214,4.931775124896733,2.451544213758557,4.13461564261849,3.736491135112128,1.989173579508523,4.205011345872302,5.786527982866691,4.238610614515482,4.177268869584952,4.29813088832672,4.171108573656017,3.718200795861033,3.797180869592376,4.584202284819363,3.669666838815809,4.924467320269404,1.598051417708569,4.560445275931118,4.475731742886882,4.176419466787225,2.185988704298489,4.277141641890229,5.569383362292607,1.835524768007328,2.3694893110234,3.663072970023008,2.701292503097986,5.275593744474739,3.850807105610721,5.885999164345102,3.316838871353634,4.038460597191764,1.211039654967189,4.582436101093784,3.086990852442337,2.204536841639382,2.764038204756344,4.299117027535118,3.782744676234238,3.494650569183148,4.414151214300038,3.809761779008888,3.791919222725777,1.979518809104558,5.131382755176224,4.700389252573036,3.300780817873928,1.258199197736529,3.310823544022655,3.980491937731381,3.356353927199367,2.943357004087613,1.862009087150582,3.724221669122534,3.310884983104853,4.814871477941929,4.475889632593385,4.361848592500342,4.684678741393372,3.226533812319925,5.253538941918882,2.334083386584694,4.826089810601919,5.462897715563566
59,2.866443789785525,2.347832775698064,1.528731644114094,2.33148880646335,2.901037166798283,2.848780915351721,0,3.138412807617104,2.037765635975922,2.251732847549309,3.177473860989271,2.214877964891498,1.096489439956754,2.38184684973075,1.814747799308736,2.437450395788057,2.658262061820059,3.335683872148062,1.918719286021773,2.148973100429007,2.428978180223116,0.8730511268067439,1.266778978600453,2.195210310720701,0.9865728563751293,3.108165482070904,2.764080530144267,0.2818325639433821,2.339217971183922,1.316654187169733,1.08947178584882,2.604523264269907,3.682556874692458,1.802933817807426,1.846759004493927,2.262877770112262,2.166462129378679,1.427820651265945,1.387988625125652,1.843894102128183,0.9072099163163015,1.360947678856742,2.946795751937538,2.072877303117612,2.99464896483904,1.666440116703558,2.475769128028477,1.452881725221269,1.528084417962094,2.067180760838332,1.908428934208523,2.091876652436662,1.759101411306486,2.142570913777974,3.072578718115026,2.896433243048516,1.304467524771689,4.125774309487085,2.758050091826088,1.855963793568308,1.542145882102975,2.592012946331282,0.5334399080480895,2.576880119123374,3.43904230489379,3.07225411635609,0.7871714048816353,3.768659685153312,1.649187277421165,1.946604010674437,1.513090971244944,0.8240180832187955,1.636935944378722,2.067156226529303,2.546636137398987,1.624386105486268,3.444141164226606,3.960619215087197,1.804993013690114,1.147657952826887,3.60546116622204,1.985167806481575,1.891706279240041,1.59127190322553,1.785319221452993,1.156316394467024,0.5200133861610355,2.280830767529491,1.342199160395656,1.317680456289195,1.042758647944609,1.983820325887466,1.964727054070467,2.730606447766687,1.899127657330337,0.9815989586701777,2.405055080931743,1.308711333437194,1.984708744149171,2.636063402382019
37,5.617145449425358,2.478112981354035,2.966599641447494,1.844409810211419,0.2453111788056501,5.305138364955676,3.138412807617104,0,3.506158558817301,2.918662777441984,3.159103621928328,1.201105936976879,2.043651993030652,1.0556162010387,3.117425138923513,0.9358678897154142,2.345813829121466,2.374713020469847,3.107119265682428,1.068041820386528,5.562018878069365,2.621605608584236,1.912523531250267,0.9432038925796675,2.336456221205166,1.689177109232245,0.7329501507603947,3.149338062637506,3.076504864023038,3.403842775837397,2.238310227676177,1.539450813416067,4.02652860481347,3.791865679159973,2.308069370673244,1.668787571868285,1.814286133990967,2.854255431709805,3.254631494975637,1.5689895385563,3.878817229406779,2.751994805131827,3.125043375805885,1.105860373377283,1.771342508327866,3.612356149348351,1.244457407463182,1.718020732751284,1.636183910210906,1.204020635658267,1.641343563562925,2.934686479681382,3.714441500829587,1.042485776601211,1.428632391914612,1.65168671151363,3.124525403827696,3.285553676946781,3.335686116320698,3.517642430274414,2.944404237152782,2.03513117327961,2.874183193208749,1.497369941083782,2.784190972492963,2.267952082626319,2.35426404044204,3.024907894720326,4.369986624221205,1.478247903870423,2.218155066733937,3.913594577470465,2.560988842184697,1.082762516036203,1.838130358958895,1.815414708619467,2.062287320189752,3.568425496489047,1.521474581800441,3.382589213983745,1.257590930886935,1.665328745828106,2.047918669221578,4.269350300668026,2.010758553111206,2.936770568574588,2.991255629468371,2.642244123126441,4.40650632307094,1.822629271039847,2.166544218441714,2.928841508648505,3.961599245471895,1.183250154237824,3.202062273784532,2.24906014095665,2.603308521471447,2.973900168590268,2.364733832643239,2.259742340266365
72,4.604624631823967,1.2114548056408,3.460219391541295,1.749755942291793,3.351036045229975,1.921278329318008,2.037765635975922,3.506158558817301,0,0.747665670582195,1.50584288729217,2.307671813101569,2.134885139295467,3.33802381429575,0.3975652340574534,2.570307951961764,1.548120488571909,2.185679904190622,3.851597873957724,2.504872998933085,3.49826885759228,1.41859718865208,2.466841032770856,2.789542860326118,2.579089943107452,4.347851737639233,2.819055736353529,1.758604366338279,0.6726247855614015,0.7539026795692652,1.654390366561595,3.852174191467684,1.719011592570948,0.5277207942441087,1.198369603611621,1.876136615406527,3.575483551641978,0.7913412547444847,3.395648569105869,1.979627638488363,1.734225493923652,3.234013775382967,4.749271077988693,2.521600798513598,2.256002971080085,3.700189663562814,2.306365876986475,2.137927452775267,2.201810042752195,3.019527353998295,1.87624346194839,3.959743425311394,0.4869996306711225,2.934592275131577,2.558530284317646,2.256921571234119,0.7466389950902472,2.591485875542607,4.645281773084646,0.210846310017689,0.655298067334374,1.742246212069398,1.57756837190971,3.805701089555062,2.039055051350819,4.560514296518301,2.025747554858211,2.289373553933624,1.506205980442439,3.11224649787234,1.358083136690774,1.996841765289344,0.9660837046054226,2.605059146083498,1.86803724454817,1.776335185356535,2.509215578929238,2.239590456133215,2.063145473813063,0.9281608065092842,3.213824005322194,3.299002149265564,1.458321989060976,1.407233583911639,1.502670185925981,3.104347544500624,2.506261029029862,1.02250432558621,2.127555675325211,2.225830782651712,1.852930416191246,3.861959672817487,4.002111453010212,2.473886216379006,3.856130550178022,1.789042634204888,4.127341409239774,0.8008227460158066,3.662929155249556,4.197692917652075
87,5.028661750406365,0.4824822012041626,3.471341132364344,1.086876199664466,2.79451019793471,2.66267071620063,2.251732847549309,2.918662777441984,0.747665670582195,0,0.9366163657602139,1.757082636036565,1.959339251880855,2.934777517306254,0.5490887555123692,1.996129253330735,0.8013892688704165,1.447747114247566,3.845219553907484,2.006398966890046,4.094872647592352,1.43347366703357,2.267160682050047,2.327484090556186,2.506001580788925,3.976839088835707,2.200190971224142,2.003666811188017,0.1626129227704305,1.232213676686474,1.493854546151895,3.511285445689464,1.497301010205363,1.242396331508082,0.7045943520836278,1.250171382812891,3.315522800909224,0.8269287636604816,3.483311376617271,1.510971400471369,2.231767193015459,3.219442213039946,4.617681938156585,2.050276988956683,1.520487686996711,3.830149677585072,1.679813753459571,1.829758337032514,1.872403544331625,2.646884703477296,1.373256463118887,3.90065569633704,1.183252523874804,2.518485257469996,1.840633821098184,1.533924754016745,1.039067324154503,1.970134547539268,4.57464397222923,0.8872681714383863,0.7306928965425907,1.016490529589928,1.723627138982133,3.460951318647715,1.349610708646527,4.277488122969931,1.961975538385123,1.636843131961631,2.184461840961612,2.803465504491433,1.032554369663064,2.460293605437947,0.6788162396946812,2.149979671134635,1.164835652299522,1.378518316013696,1.761776606606708,1.721968283881075,1.617612741593208,1.368301168096279,2.491992883257149,3.02568352460765,0.934531307018748,2.078791536882785,1.029053052324968,3.149387037858692,2.628360999359483,0.2932463654719344,2.703079881509562,1.976094902680691,1.6945647128657,3.81433462725858,4.166660850770059,1.809277544945559,3.870510083237013,1.66013500227326,3.974485821833208,0.9701307558280875,3.51378357816166,3.963434469680386
55,5.964918440347697,0.9285035305449054,4.312105483920216,1.424807729684107,3.103155329071191,3.235589290778812,3.177473860989271,3.159103621928328,1.50584288729217,0.9366163657602139,0,2.180282769648547,2.747167671105437,3.460963464538528,1.45933450076651,2.34579320958155,0.8452810107211113,0.9819192901151677,4.670779256616852,2.479086773840378,4.986202863903554,2.33528155546486,3.020871798413136,2.819904763416616,3.327134224135667,4.498610239484508,2.433794673373468,2.935808002471176,0.8929675820226679,2.140943189713277,2.323818837538735,4.082893512460624,0.8675634218649503,2.032829297416926,1.442622092776065,1.628499742931612,3.974299132683441,1.76072033850068,4.358177190014646,2.088553078088021,3.151565398448064,4.051987929410529,5.350478526786238,2.55606461258038,1.428431461382808,4.717290485655199,1.966729313123219,2.531370376751315,2.55166616037501,3.224805971021545,1.93055824023675,4.694930733839121,1.991974427278532,3.054709864892978,1.801519287189289,1.523664240156778,1.97125319535298,1.086383570572707,5.350881907934668,1.700215769699743,1.667249077062733,1.148235172892372,2.645625947059841,4.030254291400788,0.642890377676245,4.886094521212995,2.809797845040039,0.8055494920880163,3.012039744300794,3.438403920626441,1.822439777846963,3.388352376039368,1.55627111233245,2.66735333209511,1.347809333013166,2.053325212240933,1.394644616446924,0.785671061048127,2.207223448715325,2.289056415961107,2.356191191540359,3.68356416428007,1.56746570844861,2.912593085671479,1.694419234289456,4.011559929863985,3.527757708786865,0.9194621040453478,3.600426130489912,2.712076561469271,2.510254626308806,4.617061280249979,5.063073588573065,1.976354105384816,4.706607655310247,2.493680712710264,4.703308233284762,1.906746265677368,4.256264269936509,4.625748104732321
11,4.965696426484407,1.359663225984799,2.603923513120149,0.7574421194680159,1.04617852293976,4.112251266485668,2.214877964891498,1.201105936976879,2.307671813101569,1.757082636036565,2.180282769648547,0,1.18246118718156,1.285646344254977,1.917104839109042,0.2724569666958718,1.335590105802354,1.664050246677838,2.878550176128654,0.306491823543194,4.61983657719621,1.525233806278733,1.248582907459813,0.6439119879975748,1.698061929925983,2.318456649177014,0.5820693232991,2.148977454572667,1.918722541733921,2.227222740329296,1.16733356307821,1.916991345886086,3.022497833492273,2.594842306847963,1.111870647970439,0.5543327525895689,1.883772517620034,1.661219672395277,2.790651745561795,0.4033340379159838,2.818120745216607,2.342834757702037,3.313089503245655,0.4029729336657602,1.081199822006626,3.177057769526923,0.3322229532080826,0.8002738040482126,0.7470305723078563,1.086534706009982,0.4426181682524094,2.811095824925915,2.517493967944747,0.8925976151784583,0.9670027319503792,0.9402943137341597,1.942584307077897,2.633297240049011,3.392915784662464,2.316573721059754,1.745985260949545,1.044416173066879,1.833002840709558,1.863981315853265,1.991950553822739,2.729662550429647,1.455914493459502,2.302493753341138,3.225321810859041,1.349050487565359,1.030312283985786,2.902079537587146,1.360078889138728,0.5138017110950612,0.8551638006522274,0.6595610212437056,1.541585848267171,2.757992457273501,0.4112541699931969,2.2236959069463,1.399739890151019,1.607811714585134,0.8519105445807852,3.121085236198941,0.8096588339714667,2.427413735811617,2.236799389898735,1.499715713222882,3.36027193168102,0.9942289572931768,1.172278738669442,2.76091407004687,3.547146669534937,0.5606394891357587,2.946662104024962,1.237956671396341,2.68157524577137,1.790235809626586,2.283262147829262,2.516760452112706
43,3.783407458892051,1.820559342668117,1.581019231797971,1.534724379567567,1.808360387243702,3.55499438230364,1.096489439956754,2.043651993030652,2.134885139295467,1.959339251880855,2.747167671105437,1.18246118718156,0,1.381942608923326,1.768740646241411,1.372561712993922,2.0230299969896,2.598189519377759,1.926416006892112,1.065856358519973,3.524759991829231,0.7720889747064582,0.3324972800316386,1.101028236354655,0.5936905828683013,2.282562950470399,1.693302349268701,1.11802536842541,2.101685928639089,1.675147425709283,0.4844800004552109,1.770337911464009,3.45017870683732,2.172785037645675,1.307789372211703,1.398032442100942,1.445574809623145,1.343961673132668,1.688878227826557,0.8779166309983518,1.869144426328238,1.316031649744729,2.661510954246498,0.9821982097268497,2.129225354064957,2.071747089680122,1.484586810441027,0.382721418308588,0.4460654449251184,1.047086385908778,0.9968501225956301,1.951141330453148,2.102438217257658,1.075895118428879,2.118060044988465,2.006978167183291,1.467390036354847,3.505988351341178,2.618190699688268,2.035161788898968,1.481936358922761,1.848675374036327,0.8883293379598525,1.729448467415187,2.812160148933197,2.431388005959004,0.3106206200834364,3.148522221308103,2.464373176885528,1.030211659675824,0.9351782396326159,1.876507097008737,1.290622309722346,0.9709850422168097,1.737102772081109,0.7501728595317784,2.601777218518305,3.47610269494992,0.7993037249505622,1.581625314365563,2.580017183991153,1.179017795603459,1.199922504816412,2.376235467360804,1.069978755674744,1.323856593908555,1.054372640688951,1.844087368567566,2.379632826194785,0.2212548951249621,0.2821071924545532,1.870681992802314,2.438782190769363,1.733798599118988,1.9679212759622,0.3499086633589106,2.022094431143262,1.357801489962235,1.558521099401536,2.062920490625201
81,4.619769474768194,2.601699899815844,1.927609438968179,2.036280358317356,0.8352732899377195,4.920455628806348,2.38184684973075,1.0556162010387,3.33802381429575,2.934777517306254,3.460963464538528,1.285646344254977,1.381942608923326,0,2.94303245893715,1.181260013293473,2.618443391586657,2.909994025062002,2.051874349612901,0.9824802644750973,4.733681970728494,2.124098876451126,1.122147995507009,0.6420077599902229,1.447973646048266,1.045923874249395,1.288854732923447,2.470417987989002,3.096404414798814,3.013691595819985,1.762549657911071,0.6376823561802044,4.291546398685643,3.48358388017311,2.234451342105669,1.832720146855047,0.7686018681130545,2.573756446075907,2.233007430016914,1.425316217870894,3.230023683557851,1.729594967271542,2.15554077374069,0.9069613019677668,2.295980598123065,2.577393446342968,1.554209163025574,1.21713864031287,1.144793595500206,0.336586672733803,1.570932750140358,1.881491845358846,3.408901683712658,0.4165786502654347,2.060096215273145,2.153552684173195,2.772090978794569,3.879067802740418,2.321140136175331,3.285736103737517,2.696578722617599,2.330062409834736,2.269262450651318,0.5848407721809952,3.264207363829148,1.453311736020871,1.662882068638907,3.563128366829389,3.84630870420711,0.4726562690620369,1.982990052945401,3.201603719996607,2.38305577437873,0.7977583948725621,2.139560272816639,1.57522062373078,2.710557857365485,4.038644991707505,1.317175233327307,2.940941315877803,2.16414675017228,0.6141139471771583,2.002268587987505,3.757769736833077,1.906789331542191,1.939399682397454,2.114060185498696,2.714201395396804,3.71702155721396,1.19728363806257,1.610043287298161,1.873456268693004,2.918953331809562,1.669868957260494,2.14757885908122,1.695013659883962,1.582433384063862,2.639569030214681,1.310505291409486,1.303674763765889
98,4.519107765920172,0.9289160950161708,3.161191469144371,1.397559784251563,2.958103173118604,2.25189262900082,1.814747799308736,3.117425138923513,0.3975652340574534,0.5490887555123692,1.45933450076651,1.917104839109042,1.768740646241411,2.94303245893715,0,2.182175489153274,1.2896408462139,1.97317986364782,3.548107834981372,2.108581333527022,3.546438495166665,1.093680793097632,2.098454830221473,2.391979111760704,2.245152988630677,3.95722469962131,2.439464728054154,1.547677229476792,0.567240653908833,0.6853414420512589,1.284627500566454,3.464530416204989,1.868037348682087,0.7516551026818262,0.81457390151982,1.506923385783703,3.200386563047254,0.4362813576581507,3.126366704133834,1.582994246849225,1.692553779200527,2.924407835876223,4.40847158008891,2.12423929997299,1.954074965675586,3.450736865935352,1.932321345945948,1.748486537497407,1.810314678028064,2.626512435159339,1.482517776031135,3.63862580793807,0.6818820684897317,2.538274997542584,2.231177769785436,1.938056227419429,0.5268195099081053,2.514773810626667,4.322724639553888,0.4164316706345128,0.2973864377076477,1.435293447399187,1.312134072449337,3.417458507913012,1.898197628280741,4.183478486810946,1.68815399263762,2.184979891316876,1.648342685517465,2.727264195593237,0.961374857535342,1.930078565939389,0.5686708068053266,2.207493912172318,1.537281109461168,1.378896583825459,2.255946816293291,2.236500986864295,1.665672748666779,0.8297294275789754,2.885992430363661,2.920486231022038,1.072367251429344,1.541183296816497,1.109281194402063,2.816021244432401,2.244957719756472,0.7558151130305847,2.155009668650528,1.845677570937262,1.487038037446865,3.54422768488787,3.769732265150182,2.112595699556222,3.560246883054991,1.429243674650932,3.778867723350221,0.508418453081753,3.313763158242911,3.82964468375965
91,5.140928807132035,1.575754173245672,2.695930969025481,0.9496239166796175,0.7986557494320454,4.384080046353648,2.437450395788057,0.9358678897154142,2.570307951961764,1.996129253330735,2.34579320958155,0.2724569666958718,1.372561712993922,1.181260013293473,2.182175489153274,0,1.503433234207558,1.729038233117723,2.942818918606251,0.3295859463267078,4.855168998088532,1.783049344967804,1.383081285864962,0.5736729720779677,1.840843031995964,2.178915332013299,0.3277236202885643,2.388805407407087,2.156196704349971,2.499405031584501,1.41634554442285,1.818729490257163,3.201884048308133,2.86598161452906,1.372213509111347,0.7570313864012786,1.853958944910847,1.933372859970014,2.909472532784098,0.6692671322584152,3.073049367598328,2.441643976332228,3.287051303195745,0.4386683886026332,1.115206029411263,3.293385269068569,0.3835531546140747,0.9930367745607784,0.9266258588754893,1.049170877512198,0.7145110599026232,2.849732811302632,2.788672671329629,0.8352448503661635,0.910668500243653,0.9725235566143333,2.214971077496442,2.697807828241442,3.397581551816546,2.584479203966886,2.016851041574794,1.197593239623397,2.080199286385797,1.765982673544474,2.090754804036631,2.634064895556835,1.663072249547312,2.383759197497472,3.494696183007749,1.339659147751302,1.302742833335073,3.147435279464754,1.62893077433311,0.5200437469247483,0.9985247433989648,0.9255551329637022,1.54233598679903,2.871819045522091,0.6567610729879005,2.494217562042694,1.224612110684391,1.596177176408377,1.112051060767054,3.390852377057097,1.078122094592937,2.552128006576059,2.41887387536914,1.728303775629821,3.613540868556497,1.167074226837971,1.400561441133568,2.809156240559964,3.661938473476851,0.4998234839101256,3.018167881057808,1.471974539772793,2.671136920304994,2.062657553568719,2.301605868345201,2.462375032944797
45,5.51859565469332,0.3654733315887437,3.604032589942867,0.5832732620608817,2.272760194888638,3.463555073463785,2.658262061820059,2.345813829121466,1.548120488571909,0.8013892688704165,0.8452810107211113,1.335590105802354,2.0230299969896,2.618443391586657,1.2896408462139,1.503433234207558,0,0.7076778541818256,3.942940858077887,1.63600153338328,4.753767663653746,1.785214502606479,2.262399700954441,1.976732100641184,2.616095145740065,3.654042098624733,1.613807322468127,2.458979393502331,0.9088776163325926,1.922332639163685,1.662792689068017,3.243791115634215,1.698725657399079,2.027300326322081,0.811503727131916,0.7861063701762142,3.155890850495796,1.380413867770173,3.693263563063616,1.275109859265912,2.858117012645436,3.338783366935517,4.553389132338377,1.71598411812245,0.7380852589024338,4.067638693079413,1.127942901487286,1.755829507684922,1.763712609616124,2.391043740907087,1.117084173132602,3.940082754034132,1.962959033081271,2.215103167228023,1.087920016591364,0.7807437816705164,1.671794272034718,1.493317751113738,4.578394794339232,1.674025201608611,1.34943180975414,0.3111730798130446,2.133277949888885,3.190990240597649,0.7965244744881126,4.050740373498968,2.144793504825497,1.133358401626973,2.933219947757546,2.617001071816164,1.16627863110913,3.051199254233579,1.058389714835725,1.827884658201898,0.5106506878785249,1.286010640421792,0.9675451484148462,1.472669864072594,1.39356710067352,2.023678153012608,1.721628227497009,2.867216549505961,0.8263424610014128,2.825108351595384,0.9552994355483287,3.333884402686778,2.922264031992322,0.5354135199983383,3.36893709028022,1.95087202514528,1.822672175413335,3.869599519598684,4.426804238114532,1.167088284088779,3.988935680258368,1.826459477935603,3.908034485520673,1.55392032380013,3.471712737868733,3.804594465756284
41,6.201631237021434,1.068862024543974,4.162182972900859,1.063467876968818,2.374632905697205,4.065812837821166,3.335683872148062,2.374713020469847,2.185679904190622,1.447747114247566,0.9819192901151677,1.664050246677838,2.598189519377759,2.909994025062002,1.97317986364782,1.729038233117723,0.7076778541818256,0,4.476588947241527,1.965245608839747,5.461351389537209,2.465619030245779,2.791197281429302,2.285627215826183,3.187931755692736,3.894577375635235,1.702330167501973,3.149276237974779,1.515611623079987,2.62355998210935,2.298550567786506,3.547620857478783,1.786388641703511,2.6901222824471,1.498537464161289,1.216521759593352,3.547648676333252,2.088087418572079,4.286836024158057,1.759101689832876,3.565779508836545,3.895617109519428,4.976785545405642,2.066755815376567,0.6216052210075347,4.668477265364074,1.359721243269149,2.280179101465227,2.267916499614118,2.747222437782429,1.61534950379024,4.440819542410092,2.630639373735765,2.544767612283928,0.9468172777333961,0.760355237624306,2.377963715016333,0.9708981776965695,5.04618471231182,2.335009720316588,2.054589254149391,0.7564716280126114,2.818668762217627,3.494822589779162,0.4220407384449669,4.363072290952241,2.763982773511908,0.6596760041604286,3.621522535224282,3.0128434771812,1.824967755274151,3.757271033257508,1.762863946176151,2.176516534930039,0.8666361081513339,1.848524059251816,0.4143011079434277,1.194621401278863,1.867729856999114,2.729441414874818,1.403759293480791,3.271378066463875,1.454328391006193,3.51429359828908,1.57324086921316,3.92204608479056,3.562079019624633,1.220641381094617,4.075793251477166,2.486859136860533,2.435416672816211,4.38089747905786,5.033736746887532,1.256755883918533,4.532914631390418,2.453055743376775,4.342899646937885,2.261524001229585,3.933419257599931,4.176545530594268
85,2.767406186305148,3.746074736861382,0.3940327346597072,3.423756976814335,2.880691641800639,4.723316933417199,1.918719286021773,3.107119265682428,3.851597873957724,3.845219553907484,4.670779256616852,2.878550176128654,1.926416006892112,2.051874349612901,3.548107834981372,2.942818918606251,3.942940858077887,4.476588947241527,0,2.623380078485699,3.433574231030982,2.454941303062787,1.687675702634746,2.404937806847612,1.344617968239141,2.045720823893885,3.181432717211991,2.186944847922478,3.974192047722035,3.193629375249635,2.356486990774618,1.741790835898106,5.342306674305928,3.7002757295525,3.228467178209034,3.26009130772714,1.31919517382561,3.114100915269693,0.6156460053973941,2.717517409488642,2.734323523926975,0.6263999489342293,1.101152475041316,2.511400305783181,3.945106177430017,0.7015175815721765,3.210733895317172,2.199744021076089,2.208680051441969,1.961957250105972,2.863695204419582,0.2864739576383208,3.649083921979135,2.17257278197483,3.83672367920525,3.808874657271077,3.107411253016602,5.412104611031157,0.8461358593591036,3.696876230663484,3.251149897529053,3.746068002593732,2.281174243605084,1.756740299212972,4.723906901446752,1.658227953145951,1.883709574218735,5.058151208022476,3.512319349128345,1.659437097653656,2.849996674619157,2.53685328230887,3.166408364059988,2.422784190465235,3.610535070553312,2.657830841278413,4.414427387831659,5.402146274835501,2.609637264649959,3.036338174528041,4.119860541785339,1.443839966506344,3.12463167041089,3.471584750416921,2.994694340875371,0.763988440394499,1.399266792597184,3.76030453451381,2.983541504932306,1.99675826796729,2.162856036580604,0.2124108043851786,0.9418229296841001,3.42099935073277,0.1080970975114504,2.187746781533002,0.8041121184977345,3.057145007427726,0.7598218981424052,1.246021971217936
18,4.818434808109372,1.63615220852386,2.369297142386655,1.054283387951185,0.8701512848306331,4.250419693896308,2.148973100429007,1.068041820386528,2.504872998933085,2.006398966890046,2.479086773840378,0.306491823543194,1.065856358519973,0.9824802644750973,2.108581333527022,0.3295859463267078,1.63600153338328,1.965245608839747,2.623380078485699,0,4.575436700469147,1.557962541151302,1.055103280019937,0.3408215015254452,1.513180822037772,2.020802675905449,0.6318841298843531,2.122085776408007,2.168983541989034,2.340937688201711,1.177406799178087,1.611434741703406,3.314770497729626,2.746744661240098,1.329764009598086,0.8505902135588583,1.583358862540738,1.806824670284256,2.579994712988653,0.5259495687449484,2.830834358282423,2.113750239323628,3.015310623089272,0.1119797744482915,1.371976783066294,2.964079277270248,0.6127095754961599,0.6960931123984085,0.6222391104730333,0.7822308080961967,0.6379390962995882,2.539960321861163,2.669428013424845,0.5861057985874532,1.215452581246411,1.229386230757507,2.065191675334378,2.935570090701825,3.105822251263109,2.492455016806644,1.907189521503147,1.348963569553176,1.828101666418544,1.558454351719025,2.298019322844577,2.42346269103771,1.365681356064901,2.607114309720703,3.302189175786588,1.052843007843727,1.171059178354651,2.886016370985394,1.540930363461336,0.2127044838948756,1.161263107849722,0.7559571183122734,1.822418554404119,3.064417411351683,0.4585007474782835,2.315251055564329,1.552959815135763,1.311855275226013,1.077209427883197,3.201364140509488,1.00708461895552,2.222547875162526,2.101747167112749,1.763643046353789,3.365764595317481,0.8531630469191083,1.128739796240487,2.495328508246393,3.332788348662566,0.799177176660243,2.696590036347227,1.206506331870502,2.388086467124617,1.916342480699927,2.000897886017612,2.212385558580434
58,1.704172819874792,4.394083180823958,3.198819313434255,4.591500299466395,5.322149095994963,2.678572194285605,2.428978180223116,5.562018878069365,3.49826885759228,4.094872647592352,4.986202863903554,4.61983657719621,3.524759991829231,4.733681970728494,3.546438495166665,4.855168998088532,4.753767663653746,5.461351389537209,3.433574231030982,4.575436700469147,0,3.133522299266434,3.661736336767026,4.619601065027152,3.28580431553676,5.263677326736508,5.182836578554257,2.47159260397016,4.099859997609674,2.863067236374304,3.457476970277604,4.809597696273568,5.149197413189748,2.989179151539767,4.000607328893952,4.573204347063446,4.329499971128306,3.373523084254797,2.854437247514823,4.23124957902509,1.897860637665474,3.228408276535048,4.497466620220766,4.501432882982929,5.259808551649005,2.763262745379092,4.852716764864811,3.879801541316256,3.956162660963273,4.444382409289282,4.268646038265529,3.7135417057036,3.015059866735651,4.547047613562014,5.406401113495002,5.186158886883432,3.086675071982796,6.058546442835939,4.157292628622622,3.293829685943098,3.411412317501359,4.787199494485266,2.796186152601432,4.795817969856654,5.439792275445819,5.034441975035565,3.216101677497153,5.731416840537774,2.034177720849385,4.269388246575849,3.765251386029889,1.738430326472706,3.708754238285411,4.495734200328129,4.797348225843106,3.990898144528371,5.665178284926256,5.737183803923315,4.208826796151157,2.738218033685411,5.985352704728436,4.235039905360988,4.136232947985401,2.116649474995802,4.059378031176696,2.95755963591607,2.620231669146833,4.258333594259614,1.392110627787893,3.745686585927872,3.454672343363404,3.615959900220134,2.719702005735187,5.10444698277884,3.345104781617461,3.383889478100607,4.204152946789638,3.199847340108587,3.938988068019501,4.589189470919674
42,3.736381270694949,1.47867175816715,2.069417241046096,1.485112074179705,2.408045269191943,2.796445081454813,0.8730511268067439,2.621605608584236,1.41859718865208,1.43347366703357,2.33528155546486,1.525233806278733,0.7720889747064582,2.124098876451126,1.093680793097632,1.783049344967804,1.785214502606479,2.465619030245779,2.454941303062787,1.557962541151302,3.133522299266434,0,1.097526252751133,1.722664564176923,1.160500886025573,3.053997885678928,2.105728449493866,0.6927146265568076,1.544120846713591,0.9031192541457078,0.3847548870698117,2.542279448636052,2.913781966737197,1.40307509888642,0.9737144306088452,1.444223824402623,2.20754856127266,0.6591833179870391,2.054131188353455,1.123381475895396,1.29356915291925,1.830775809454331,3.330756472239168,1.516446944647027,2.155406920670583,2.396857594001153,1.726242531012141,0.935520703027824,1.017430928826198,1.787772549011662,1.140182847271021,2.546910581210851,1.334073641460094,1.772823444719603,2.274781723527223,2.068526566689826,0.7066878325252458,3.256365184605376,3.231806480985868,1.292423268899966,0.7964311499888211,1.728128487592815,0.3561137363428478,2.501050238724553,2.567440406387824,3.19089380570337,0.608727584145802,2.898341293581571,1.756991638262294,1.800788127107817,0.6529644835835374,1.397099349160242,0.7797143301828069,1.553793392129322,1.698362439945403,0.8712184108705745,2.591862999283243,3.112057981889282,1.127305750584756,0.8170861563751262,2.855091129892462,1.94829060881606,1.034411607758731,1.660367130112149,0.9396744351141452,1.730323337374092,1.19565863456772,1.424002633036336,1.836760572680652,0.9280127543389379,0.5146174899848633,2.451481984496402,2.733926769090936,1.975062502398927,2.469015767242338,0.4311457524011295,2.711392705910275,0.6184868446309214,2.247965678802673,2.805854872546861
