,0,0,0,0,0,0,0,0,0,0,0,0,0,0,0,0,0,0,0,0,0,0,0,0,0,0,0,0,0,0,0,0,0,0,0,0,0,0,0,0,0,0,0,0,0,0,0,0,0,0,1,1,1,1,1,1,1,1,1,1,1,1,1,1,1,1,1,1,1,1,1,1,1,1,1,1,1,1,1,1,1,1,1,1,1,1,2,2,2,2,2,2,2,2,2,2,2,2,2,2,2,2,2,2,2,2,2,2,2,2,2,2,2,2,2,2,2,2,2,2,2,2,2,2,2,2,1,2,2,2,2,2,2,1,2,1,2,1,1,1,1,1,1,1,1,2,1,1,1,2
0,0,0.100,0.173,0.141,0.173,0.141,0.141,0.141,0.224,0.374,0.539,0.592,0.592,0.469,0.469,0.469,0.539,0.539,0.648,0.583,0.510,0.520,0.374,0.316,0.469,0.458,0.300,0.332,0.361,0.300,0.374,0.412,0.387,0.436,0.742,0.616,0.616,0.592,0.548,0.922,0.866,0.768,0.995,0.648,0.548,0.806,0.624,1.105,0.883,1.349,2.090,2.345,2.387,2.704,2.702,2.818,2.883,3.022,3.094,3.010,2.895,3.058,3.126,3.074,3.000,3.153,3.312,3.416,3.435,3.412,3.228,3.531,3.596,3.700,3.658,3.345,3.416,3.597,3.628,3.750,3.792,4.047,3.912,4.164,4.004,4.245,4.460,4.357,4.626,4.651,4.892,5.285,5.136,5.020,5.122,5.257,4.970,4.854,4.797,4.654,4.637,4.645,4.607,4.690,4.840,4.881,5.057,5.302,5.312,5.097,5.546,5.636,6.095,6.211,6.498,5.789,5.639,6.240,6.014,5.048,4.520,4.277,4.110,3.977,4.007,3.896,3.854,4.140,4.208,4.208,4.190,4.029,4.417,4.135,4.161,4.047,4.141,3.768,3.618,3.146,3.010,3.076,2.581,2.494,2.888,3.592,3.520,3.785,3.617,4.571
0,0.100,0,0.141,0.173,0.200,0.173,0.173,0.173,0.245,0.387,0.548,0.583,0.616,0.500,0.500,0.500,0.548,0.548,0.656,0.592,0.520,0.510,0.387,0.265,0.412,0.374,0.245,0.316,0.374,0.316,0.387,0.424,0.346,0.447,0.735,0.592,0.592,0.600,0.557,0.927,0.872,0.775,1.010,0.656,0.520,0.812,0.648,1.091,0.889,1.345,2.049,2.313,2.356,2.676,2.674,2.787,2.853,2.987,3.059,2.978,2.862,3.023,3.092,3.043,2.965,3.119,3.283,3.385,3.399,3.375,3.189,3.496,3.564,3.669,3.632,3.314,3.385,3.565,3.596,3.722,3.759,4.019,3.879,4.134,3.975,4.211,4.420,4.316,4.581,4.607,4.848,5.242,5.092,4.977,5.081,5.218,4.933,4.816,4.758,4.610,4.592,4.612,4.573,4.657,4.802,4.840,5.018,5.267,5.283,5.071,5.516,5.609,6.065,6.183,6.467,5.753,5.599,6.209,5.985,5.017,4.483,4.238,4.072,3.938,3.969,3.856,3.813,4.102,4.169,4.169,4.148,3.985,4.368,4.102,4.130,4.016,4.111,3.735,3.589,3.122,2.985,3.041,2.540,2.464,2.848,3.551,3.481,3.750,3.582,4.545
0,0.173,0.141,0,0.173,0.245,0.265,0.300,0.265,0.245,0.332,0.529,0.548,0.583,0.500,0.500,0.500,0.548,0.529,0.608,0.520,0.436,0.424,0.387,0.332,0.500,0.424,0.316,0.374,0.447,0.424,0.500,0.510,0.469,0.583,0.860,0.700,0.686,0.648,0.592,0.860,0.787,0.678,0.906,0.520,0.574,0.872,0.693,1.162,0.954,1.300,2.131,2.390,2.435,2.753,2.777,2.890,2.960,3.089,3.159,3.090,2.975,3.134,3.203,3.156,3.074,3.226,3.388,3.496,3.506,3.477,3.303,3.611,3.682,3.787,3.751,3.435,3.510,3.692,3.724,3.848,3.882,4.146,4.006,4.263,4.106,4.335,4.539,4.435,4.696,4.718,4.960,5.354,5.209,5.094,5.202,5.338,5.053,4.937,4.881,4.728,4.713,4.732,4.691,4.774,4.917,4.955,5.134,5.391,5.410,5.199,5.644,5.736,6.192,6.311,6.592,5.880,5.721,6.336,6.116,5.137,4.600,4.352,4.188,4.053,4.083,3.969,3.924,4.213,4.276,4.276,4.251,4.087,4.470,4.215,4.250,4.134,4.221,3.848,3.707,3.236,3.100,3.161,2.648,2.575,2.941,3.635,3.597,3.870,3.705,4.660
0,0.141,0.173,0.173,0,0.224,0.245,0.245,0.283,0.300,0.447,0.608,0.640,0.640,0.529,0.529,0.529,0.574,0.539,0.648,0.566,0.510,0.458,0.346,0.346,0.529,0.458,0.265,0.265,0.300,0.332,0.424,0.520,0.500,0.539,0.794,0.616,0.583,0.574,0.632,0.922,0.854,0.728,0.975,0.566,0.548,0.781,0.557,1.086,0.917,1.400,2.142,2.387,2.437,2.759,2.760,2.874,2.938,3.071,3.148,3.066,2.950,3.103,3.167,3.113,3.036,3.197,3.354,3.457,3.467,3.438,3.271,3.576,3.640,3.746,3.707,3.399,3.474,3.655,3.685,3.808,3.850,4.109,3.965,4.219,4.061,4.297,4.504,4.398,4.663,4.679,4.920,5.313,5.173,5.062,5.164,5.297,5.008,4.901,4.845,4.701,4.686,4.688,4.645,4.731,4.884,4.923,5.096,5.351,5.359,5.150,5.602,5.688,6.146,6.266,6.554,5.844,5.676,6.279,6.057,5.101,4.568,4.330,4.161,4.025,4.047,3.934,3.885,4.174,4.246,4.246,4.231,4.061,4.451,4.179,4.208,4.104,4.196,3.834,3.686,3.219,3.063,3.134,2.627,2.557,2.922,3.617,3.551,3.825,3.663,4.614
0,0.173,0.200,0.245,0.224,0,0.100,0.224,0.224,0.141,0.361,0.424,0.469,0.469,0.332,0.332,0.332,0.374,0.374,0.500,0.458,0.412,0.424,0.224,0.224,0.387,0.424,0.316,0.316,0.374,0.245,0.300,0.316,0.400,0.447,0.678,0.574,0.608,0.447,0.412,0.787,0.748,0.663,0.906,0.671,0.412,0.678,0.548,0.985,0.728,1.229,1.970,2.211,2.256,2.569,2.594,2.711,2.782,2.919,2.987,2.921,2.809,2.970,3.040,2.990,2.914,3.058,3.209,3.326,3.348,3.318,3.154,3.455,3.524,3.625,3.579,3.277,3.356,3.545,3.582,3.692,3.730,3.991,3.861,4.117,3.965,4.189,4.398,4.300,4.566,4.589,4.831,5.219,5.082,4.963,5.070,5.201,4.914,4.797,4.746,4.599,4.590,4.579,4.540,4.616,4.769,4.809,4.990,5.248,5.262,5.045,5.493,5.580,6.045,6.159,6.442,5.746,5.597,6.204,5.985,4.975,4.447,4.200,4.037,3.905,3.936,3.822,3.782,4.061,4.121,4.121,4.098,3.940,4.336,4.051,4.087,3.969,4.047,3.684,3.538,3.055,2.921,3.005,2.496,2.402,2.780,3.474,3.458,3.728,3.562,4.483
0,0.141,0.173,0.265,0.245,0.100,0,0.141,0.141,0.173,0.374,0.458,0.520,0.520,0.374,0.374,0.374,0.436,0.458,0.583,0.548,0.490,0.520,0.316,0.245,0.374,0.436,0.321,0.342,0.379,0.224,0.271,0.277,0.321,0.361,0.640,0.560,0.600,0.500,0.424,0.866,0.831,0.755,0.985,0.735,0.455,0.719,0.592,1.013,0.753,1.273,1.967,2.218,2.258,2.571,2.577,2.694,2.762,2.903,2.972,2.895,2.782,2.948,3.018,2.968,2.895,3.040,3.195,3.306,3.332,3.308,3.127,3.428,3.494,3.596,3.550,3.242,3.315,3.501,3.536,3.650,3.691,3.947,3.818,4.072,3.915,4.150,4.365,4.266,4.537,4.564,4.805,5.195,5.050,4.930,5.033,5.167,4.881,4.760,4.706,4.563,4.550,4.548,4.510,4.589,4.740,4.781,4.961,5.209,5.221,5.002,5.450,5.540,6.002,6.116,6.401,5.700,5.559,6.161,5.937,4.942,4.417,4.170,4.006,3.876,3.909,3.797,3.759,4.040,4.102,4.102,4.082,3.926,4.319,4.027,4.056,3.937,4.024,3.652,3.503,3.023,2.895,2.970,2.474,2.375,2.775,3.479,3.431,3.695,3.524,4.460
0,0.141,0.173,0.300,0.245,0.224,0.141,0,0.141,0.300,0.469,0.592,0.656,0.656,0.510,0.510,0.510,0.574,0.592,0.721,0.678,0.616,0.624,0.424,0.316,0.424,0.458,0.300,0.332,0.332,0.224,0.283,0.361,0.300,0.300,0.624,0.529,0.548,0.574,0.548,1.005,0.964,0.877,1.109,0.787,0.529,0.768,0.608,1.049,0.837,1.407,2.017,2.276,2.315,2.632,2.604,2.720,2.780,2.924,2.998,2.902,2.786,2.951,3.018,2.965,2.895,3.050,3.211,3.309,3.332,3.314,3.118,3.419,3.480,3.585,3.541,3.226,3.294,3.473,3.501,3.625,3.672,3.922,3.787,4.037,3.874,4.123,4.344,4.240,4.514,4.542,4.782,5.176,5.022,4.905,5.003,5.140,4.852,4.735,4.677,4.539,4.519,4.528,4.490,4.576,4.728,4.769,4.943,5.180,5.187,4.970,5.420,5.511,5.969,6.084,6.374,5.663,5.519,6.114,5.885,4.930,4.406,4.165,3.996,3.865,3.896,3.787,3.746,4.032,4.105,4.105,4.091,3.931,4.319,4.025,4.044,3.932,4.034,3.658,3.503,3.036,2.898,2.960,2.478,2.387,2.800,3.513,3.407,3.667,3.496,4.458
0,0.141,0.173,0.265,0.283,0.224,0.141,0.141,0,0.224,0.346,0.500,0.574,0.574,0.447,0.447,0.447,0.539,0.574,0.678,0.632,0.548,0.608,0.447,0.346,0.447,0.500,0.387,0.436,0.458,0.332,0.374,0.332,0.300,0.361,0.714,0.648,0.678,0.640,0.490,0.943,0.900,0.831,1.034,0.748,0.583,0.854,0.714,1.140,0.872,1.311,2.047,2.311,2.345,2.655,2.650,2.768,2.834,2.978,3.045,2.960,2.846,3.018,3.090,3.041,2.970,3.114,3.276,3.381,3.409,3.391,3.191,3.491,3.557,3.659,3.614,3.297,3.363,3.544,3.575,3.696,3.739,3.990,3.863,4.113,3.951,4.198,4.419,4.320,4.593,4.627,4.867,5.260,5.103,4.982,5.082,5.221,4.936,4.810,4.753,4.611,4.591,4.607,4.572,4.654,4.801,4.841,5.021,5.256,5.269,5.048,5.494,5.588,6.047,6.160,6.446,5.737,5.605,6.205,5.974,4.998,4.475,4.227,4.063,3.934,3.972,3.863,3.828,4.111,4.175,4.175,4.155,4.001,4.387,4.096,4.117,3.995,4.090,3.707,3.554,3.079,2.963,3.023,2.542,2.437,2.860,3.572,3.494,3.751,3.575,4.531
0,0.224,0.245,0.245,0.300,0.141,0.173,0.300,0.224,0,0.224,0.316,0.374,0.374,0.265,0.265,0.265,0.346,0.374,0.458,0.412,0.332,0.424,0.300,0.300,0.436,0.490,0.424,0.447,0.510,0.374,0.412,0.316,0.424,0.510,0.775,0.700,0.742,0.548,0.361,0.721,0.678,0.616,0.825,0.640,0.500,0.787,0.678,1.091,0.781,1.127,2.005,2.252,2.291,2.596,2.644,2.762,2.839,2.977,3.036,2.982,2.872,3.040,3.114,3.069,2.992,3.126,3.277,3.400,3.428,3.399,3.230,3.530,3.603,3.701,3.654,3.350,3.426,3.618,3.657,3.764,3.799,4.061,3.938,4.194,4.042,4.265,4.474,4.381,4.647,4.675,4.917,5.305,5.164,5.041,5.150,5.283,4.999,4.873,4.823,4.672,4.664,4.659,4.623,4.696,4.844,4.884,5.070,5.325,5.345,5.123,5.567,5.659,6.124,6.235,6.515,5.821,5.684,6.295,6.075,5.045,4.519,4.264,4.106,3.976,4.014,3.900,3.865,4.141,4.193,4.193,4.163,4.012,4.407,4.124,4.162,4.034,4.106,3.735,3.592,3.100,2.988,3.071,2.563,2.456,2.844,3.537,3.547,3.813,3.643,4.559
0,0.374,0.387,0.332,0.447,0.361,0.374,0.469,0.346,0.224,0,0.300,0.361,0.361,0.346,0.346,0.346,0.458,0.500,0.510,0.447,0.316,0.500,0.490,0.490,0.600,0.640,0.603,0.645,0.709,0.592,0.627,0.465,0.551,0.671,0.975,0.913,0.949,0.755,0.447,0.700,0.640,0.608,0.742,0.600,0.698,0.998,0.889,1.299,0.952,1.039,2.133,2.387,2.421,2.715,2.789,2.909,2.992,3.129,3.180,3.137,3.030,3.205,3.285,3.245,3.165,3.289,3.442,3.571,3.603,3.575,3.397,3.697,3.775,3.872,3.824,3.514,3.587,3.779,3.818,3.927,3.957,4.219,4.104,4.359,4.206,4.429,4.640,4.550,4.815,4.851,5.092,5.480,5.333,5.206,5.317,5.453,5.173,5.038,4.987,4.831,4.821,4.831,4.798,4.868,5.009,5.048,5.239,5.491,5.517,5.292,5.729,5.827,6.290,6.398,6.675,5.979,5.857,6.473,6.249,5.206,4.681,4.417,4.265,4.138,4.183,4.069,4.041,4.315,4.358,4.358,4.320,4.177,4.566,4.292,4.330,4.190,4.258,3.876,3.735,3.237,3.153,3.228,2.724,2.604,3.003,3.693,3.727,3.989,3.813,4.730
0,0.539,0.548,0.529,0.608,0.424,0.458,0.592,0.500,0.316,0.300,0,0.141,0.141,0.173,0.173,0.173,0.245,0.346,0.332,0.361,0.300,0.510,0.458,0.500,0.557,0.678,0.698,0.716,0.792,0.616,0.614,0.392,0.606,0.707,0.906,0.904,0.985,0.648,0.224,0.510,0.510,0.548,0.678,0.781,0.603,0.879,0.872,1.159,0.737,0.819,1.913,2.147,2.179,2.462,2.579,2.700,2.793,2.929,2.970,2.955,2.855,3.030,3.114,3.079,2.998,3.103,3.243,3.391,3.434,3.399,3.245,3.538,3.622,3.712,3.657,3.365,3.447,3.651,3.700,3.788,3.812,4.080,3.979,4.237,4.096,4.295,4.499,4.419,4.681,4.718,4.960,5.339,5.207,5.072,5.190,5.321,5.043,4.902,4.860,4.700,4.702,4.683,4.651,4.709,4.852,4.892,5.091,5.357,5.390,5.158,5.592,5.687,6.160,6.262,6.531,5.860,5.747,6.369,6.155,5.041,4.521,4.250,4.106,3.981,4.031,3.915,3.894,4.153,4.181,4.181,4.134,4.002,4.402,4.117,4.169,4.019,4.062,3.692,3.558,3.041,2.972,3.074,2.559,2.419,2.805,3.480,3.597,3.860,3.686,4.548
0,0.592,0.583,0.548,0.640,0.469,0.520,0.656,0.574,0.374,0.361,0.141,0,0.200,0.265,0.265,0.265,0.245,0.316,0.265,0.300,0.265,0.447,0.458,0.500,0.557,0.648,0.702,0.726,0.821,0.663,0.666,0.476,0.658,0.787,0.949,0.918,0.995,0.648,0.300,0.424,0.424,0.469,0.616,0.755,0.580,0.876,0.883,1.139,0.746,0.768,1.881,2.114,2.152,2.437,2.575,2.693,2.789,2.915,2.956,2.955,2.855,3.023,3.108,3.076,2.988,3.094,3.234,3.385,3.419,3.378,3.239,3.536,3.625,3.715,3.665,3.373,3.461,3.667,3.719,3.807,3.822,4.100,3.994,4.256,4.121,4.305,4.497,4.417,4.670,4.703,4.946,5.324,5.199,5.067,5.190,5.319,5.043,4.904,4.864,4.696,4.702,4.685,4.651,4.706,4.846,4.884,5.085,5.365,5.405,5.178,5.608,5.703,6.174,6.279,6.544,5.874,5.749,6.384,6.176,5.047,4.519,4.245,4.104,3.976,4.024,3.905,3.881,4.141,4.164,4.164,4.112,3.977,4.375,4.112,4.174,4.024,4.060,3.695,3.569,3.055,2.978,3.081,2.548,2.423,2.777,3.439,3.592,3.863,3.695,4.550
0,0.592,0.616,0.583,0.640,0.469,0.520,0.656,0.574,0.374,0.361,0.141,0.200,0,0.173,0.173,0.173,0.245,0.316,0.265,0.300,0.265,0.490,0.458,0.574,0.656,0.762,0.757,0.753,0.821,0.663,0.666,0.476,0.716,0.787,0.970,0.961,1.034,0.648,0.300,0.424,0.424,0.469,0.583,0.755,0.645,0.876,0.860,1.173,0.746,0.794,1.975,2.189,2.225,2.502,2.636,2.759,2.853,2.990,3.030,3.022,2.924,3.095,3.178,3.140,3.061,3.164,3.295,3.450,3.494,3.454,3.318,3.608,3.691,3.779,3.719,3.438,3.524,3.732,3.783,3.864,3.890,4.158,4.058,4.316,4.179,4.374,4.576,4.498,4.759,4.792,5.034,5.409,5.287,5.153,5.271,5.397,5.118,4.981,4.942,4.784,4.791,4.753,4.719,4.774,4.923,4.965,5.163,5.435,5.464,5.232,5.668,5.758,6.235,6.336,6.608,5.945,5.828,6.446,6.234,5.110,4.593,4.324,4.181,4.056,4.102,3.986,3.962,4.218,4.245,4.245,4.199,4.067,4.474,4.180,4.236,4.088,4.123,3.764,3.630,3.106,3.032,3.151,2.632,2.488,2.862,3.526,3.669,3.934,3.764,4.602
0,0.469,0.500,0.500,0.529,0.332,0.374,0.510,0.447,0.265,0.346,0.173,0.265,0.173,0,0.000,0.000,0.173,0.265,0.316,0.346,0.316,0.480,0.346,0.447,0.529,0.656,0.630,0.619,0.676,0.500,0.497,0.321,0.580,0.624,0.806,0.804,0.883,0.520,0.200,0.557,0.557,0.557,0.728,0.775,0.523,0.751,0.728,1.055,0.643,0.938,1.910,2.131,2.168,2.456,2.550,2.672,2.759,2.900,2.948,2.919,2.818,2.988,3.068,3.025,2.950,3.063,3.198,3.342,3.385,3.350,3.203,3.494,3.571,3.662,3.603,3.318,3.401,3.606,3.652,3.739,3.771,4.035,3.929,4.186,4.044,4.250,4.458,4.375,4.641,4.672,4.914,5.292,5.165,5.034,5.147,5.274,4.992,4.860,4.818,4.667,4.669,4.632,4.598,4.658,4.811,4.854,5.047,5.311,5.333,5.103,5.544,5.633,6.108,6.211,6.488,5.818,5.697,6.307,6.092,4.998,4.482,4.220,4.071,3.945,3.987,3.873,3.846,4.106,4.144,4.144,4.106,3.969,4.376,4.072,4.119,3.980,4.029,3.669,3.528,3.013,2.922,3.036,2.526,2.387,2.775,3.453,3.543,3.807,3.636,4.493
0,0.469,0.500,0.500,0.529,0.332,0.374,0.510,0.447,0.265,0.346,0.173,0.265,0.173,0.000,0,0.000,0.173,0.265,0.316,0.346,0.316,0.480,0.346,0.447,0.529,0.656,0.630,0.619,0.676,0.500,0.497,0.321,0.580,0.624,0.806,0.804,0.883,0.520,0.200,0.557,0.557,0.557,0.728,0.775,0.523,0.751,0.728,1.055,0.643,0.938,1.910,2.131,2.168,2.456,2.550,2.672,2.759,2.900,2.948,2.919,2.818,2.988,3.068,3.025,2.950,3.063,3.198,3.342,3.385,3.350,3.203,3.494,3.571,3.662,3.603,3.318,3.401,3.606,3.652,3.739,3.771,4.035,3.929,4.186,4.044,4.250,4.458,4.375,4.641,4.672,4.914,5.292,5.165,5.034,5.147,5.274,4.992,4.860,4.818,4.667,4.669,4.632,4.598,4.658,4.811,4.854,5.047,5.311,5.333,5.103,5.544,5.633,6.108,6.211,6.488,5.818,5.697,6.307,6.092,4.998,4.482,4.220,4.071,3.945,3.987,3.873,3.846,4.106,4.144,4.144,4.106,3.969,4.376,4.072,4.119,3.980,4.029,3.669,3.528,3.013,2.922,3.036,2.526,2.387,2.775,3.453,3.543,3.807,3.636,4.493
0,0.469,0.500,0.500,0.529,0.332,0.374,0.510,0.447,0.265,0.346,0.173,0.265,0.173,0.000,0.000,0,0.173,0.265,0.316,0.346,0.316,0.480,0.346,0.447,0.529,0.656,0.630,0.619,0.676,0.500,0.497,0.321,0.580,0.624,0.806,0.804,0.883,0.520,0.200,0.557,0.557,0.557,0.728,0.775,0.523,0.751,0.728,1.055,0.643,0.938,1.910,2.131,2.168,2.456,2.550,2.672,2.759,2.900,2.948,2.919,2.818,2.988,3.068,3.025,2.950,3.063,3.198,3.342,3.385,3.350,3.203,3.494,3.571,3.662,3.603,3.318,3.401,3.606,3.652,3.739,3.771,4.035,3.929,4.186,4.044,4.250,4.458,4.375,4.641,4.672,4.914,5.292,5.165,5.034,5.147,5.274,4.992,4.860,4.818,4.667,4.669,4.632,4.598,4.658,4.811,4.854,5.047,5.311,5.333,5.103,5.544,5.633,6.108,6.211,6.488,5.818,5.697,6.307,6.092,4.998,4.482,4.220,4.071,3.945,3.987,3.873,3.846,4.106,4.144,4.144,4.106,3.969,4.376,4.072,4.119,3.980,4.029,3.669,3.528,3.013,2.922,3.036,2.526,2.387,2.775,3.453,3.543,3.807,3.636,4.493
0,0.539,0.548,0.548,0.574,0.374,0.436,0.574,0.539,0.346,0.458,0.245,0.245,0.245,0.173,0.173,0.173,0,0.141,0.224,0.300,0.332,0.424,0.300,0.412,0.480,0.600,0.616,0.600,0.678,0.510,0.500,0.374,0.616,0.678,0.775,0.755,0.843,0.424,0.224,0.490,0.510,0.510,0.721,0.806,0.412,0.648,0.678,0.933,0.539,0.911,1.794,2.007,2.052,2.345,2.456,2.575,2.665,2.796,2.846,2.830,2.729,2.891,2.970,2.929,2.848,2.961,3.095,3.243,3.279,3.236,3.110,3.403,3.484,3.575,3.520,3.240,3.332,3.540,3.590,3.673,3.697,3.971,3.861,4.122,3.987,4.175,4.370,4.288,4.546,4.572,4.815,5.190,5.074,4.945,5.064,5.187,4.906,4.778,4.739,4.581,4.590,4.546,4.509,4.566,4.718,4.759,4.954,5.235,5.262,5.037,5.476,5.562,6.038,6.144,6.416,5.752,5.617,6.238,6.032,4.916,4.393,4.130,3.982,3.854,3.892,3.775,3.744,4.004,4.037,4.037,3.996,3.855,4.264,3.976,4.035,3.897,3.937,3.587,3.455,2.941,2.837,2.958,2.427,2.304,2.655,3.321,3.450,3.723,3.559,4.402
0,0.539,0.548,0.529,0.539,0.374,0.458,0.592,0.574,0.374,0.500,0.346,0.316,0.316,0.265,0.265,0.265,0.141,0,0.173,0.224,0.300,0.316,0.224,0.412,0.520,0.583,0.583,0.548,0.632,0.510,0.520,0.469,0.678,0.735,0.812,0.742,0.806,0.374,0.361,0.469,0.469,0.424,0.678,0.728,0.387,0.600,0.600,0.900,0.574,0.975,1.849,2.052,2.105,2.404,2.516,2.632,2.720,2.846,2.902,2.886,2.784,2.936,3.010,2.966,2.883,3.005,3.137,3.283,3.309,3.260,3.151,3.447,3.527,3.619,3.568,3.292,3.388,3.596,3.646,3.730,3.754,4.031,3.913,4.175,4.042,4.225,4.414,4.328,4.581,4.598,4.841,5.217,5.110,4.985,5.105,5.226,4.943,4.824,4.785,4.627,4.638,4.588,4.546,4.605,4.760,4.801,4.992,5.282,5.308,5.088,5.531,5.612,6.088,6.198,6.470,5.805,5.652,6.275,6.073,4.969,4.441,4.183,4.032,3.900,3.931,3.812,3.774,4.036,4.074,4.074,4.036,3.886,4.297,4.019,4.082,3.953,3.992,3.654,3.524,3.015,2.890,3.015,2.472,2.369,2.689,3.345,3.479,3.760,3.604,4.445
0,0.648,0.656,0.608,0.648,0.500,0.583,0.721,0.678,0.458,0.510,0.332,0.265,0.265,0.316,0.316,0.316,0.224,0.173,0,0.141,0.245,0.332,0.374,0.548,0.648,0.700,0.719,0.695,0.785,0.671,0.683,0.586,0.798,0.877,0.975,0.909,0.970,0.539,0.424,0.300,0.300,0.300,0.520,0.707,0.542,0.751,0.755,1.036,0.688,0.837,1.916,2.112,2.163,2.452,2.604,2.720,2.816,2.938,2.985,2.990,2.891,3.045,3.122,3.084,2.997,3.108,3.236,3.393,3.421,3.367,3.268,3.562,3.648,3.738,3.685,3.413,3.511,3.723,3.776,3.855,3.873,4.155,4.042,4.306,4.177,4.350,4.533,4.452,4.701,4.719,4.963,5.336,5.233,5.105,5.230,5.350,5.070,4.946,4.910,4.746,4.760,4.710,4.669,4.722,4.873,4.913,5.110,5.406,5.439,5.217,5.655,5.738,6.215,6.323,6.590,5.932,5.784,6.414,6.215,5.081,4.553,4.288,4.144,4.012,4.047,3.927,3.892,4.150,4.177,4.177,4.130,3.986,4.397,4.128,4.199,4.062,4.088,3.750,3.626,3.108,3.000,3.130,2.581,2.470,2.778,3.421,3.607,3.890,3.734,4.555
0,0.583,0.592,0.520,0.566,0.458,0.548,0.678,0.632,0.412,0.447,0.361,0.300,0.300,0.346,0.346,0.346,0.300,0.224,0.141,0,0.141,0.224,0.346,0.529,0.663,0.671,0.666,0.645,0.737,0.656,0.688,0.614,0.790,0.877,1.015,0.913,0.949,0.574,0.490,0.361,0.300,0.224,0.480,0.566,0.572,0.798,0.742,1.098,0.792,0.917,2.027,2.232,2.285,2.579,2.717,2.832,2.924,3.045,3.097,3.092,2.990,3.142,3.217,3.176,3.089,3.209,3.342,3.491,3.513,3.461,3.356,3.654,3.738,3.830,3.782,3.503,3.599,3.805,3.855,3.942,3.962,4.243,4.123,4.386,4.253,4.434,4.618,4.532,4.781,4.797,5.041,5.418,5.310,5.187,5.309,5.431,5.150,5.030,4.991,4.827,4.837,4.798,4.756,4.815,4.965,5.004,5.197,5.491,5.521,5.303,5.743,5.827,6.300,6.411,6.681,6.012,5.857,6.485,6.284,5.179,4.647,4.385,4.237,4.104,4.135,4.015,3.976,4.240,4.274,4.274,4.231,4.080,4.487,4.226,4.293,4.162,4.196,3.855,3.730,3.219,3.102,3.222,2.672,2.573,2.881,3.527,3.684,3.969,3.813,4.657
0,0.510,0.520,0.436,0.510,0.412,0.490,0.616,0.548,0.332,0.316,0.300,0.265,0.265,0.316,0.316,0.316,0.332,0.300,0.245,0.141,0,0.265,0.374,0.510,0.648,0.656,0.640,0.640,0.728,0.640,0.678,0.574,0.728,0.831,1.025,0.927,0.959,0.640,0.469,0.436,0.361,0.300,0.500,0.510,0.616,0.877,0.794,1.183,0.860,0.927,2.086,2.307,2.354,2.648,2.771,2.888,2.978,3.103,3.154,3.140,3.036,3.195,3.273,3.233,3.146,3.268,3.407,3.551,3.575,3.530,3.403,3.703,3.785,3.879,3.831,3.543,3.632,3.834,3.881,3.975,3.997,4.273,4.155,4.416,4.277,4.470,4.662,4.574,4.827,4.849,5.092,5.473,5.354,5.229,5.349,5.475,5.194,5.070,5.027,4.864,4.868,4.846,4.806,4.868,5.015,5.054,5.247,5.529,5.559,5.339,5.778,5.866,6.336,6.447,6.718,6.041,5.894,6.521,6.313,5.225,4.694,4.431,4.281,4.150,4.186,4.067,4.031,4.299,4.335,4.335,4.292,4.144,4.544,4.283,4.342,4.207,4.251,3.896,3.767,3.259,3.153,3.259,2.720,2.615,2.950,3.608,3.732,4.011,3.850,4.717
0,0.520,0.510,0.424,0.458,0.424,0.520,0.624,0.608,0.424,0.500,0.510,0.447,0.490,0.480,0.480,0.480,0.424,0.316,0.332,0.224,0.265,0,0.300,0.458,0.624,0.548,0.529,0.510,0.616,0.600,0.656,0.663,0.762,0.860,0.990,0.819,0.819,0.548,0.608,0.548,0.469,0.316,0.616,0.458,0.520,0.762,0.648,1.054,0.854,1.109,2.064,2.278,2.339,2.650,2.755,2.865,2.950,3.063,3.127,3.106,2.998,3.140,3.209,3.165,3.074,3.214,3.356,3.490,3.494,3.442,3.336,3.641,3.723,3.821,3.783,3.496,3.592,3.791,3.835,3.936,3.956,4.239,4.102,4.367,4.231,4.415,4.593,4.498,4.742,4.750,4.994,5.376,5.268,5.153,5.274,5.397,5.114,5.005,4.962,4.797,4.803,4.778,4.732,4.799,4.948,4.985,5.171,5.468,5.496,5.289,5.731,5.814,6.280,6.399,6.671,5.988,5.808,6.440,6.240,5.180,4.637,4.384,4.228,4.090,4.112,3.991,3.942,4.218,4.264,4.264,4.227,4.062,4.461,4.223,4.287,4.170,4.219,3.879,3.755,3.263,3.116,3.220,2.663,2.598,2.883,3.531,3.641,3.934,3.785,4.663
0,0.374,0.387,0.387,0.346,0.224,0.316,0.424,0.447,0.300,0.490,0.458,0.458,0.458,0.346,0.346,0.346,0.300,0.224,0.374,0.346,0.374,0.300,0,0.283,0.447,0.458,0.387,0.332,0.412,0.332,0.374,0.436,0.574,0.608,0.714,0.583,0.616,0.300,0.447,0.671,0.640,0.539,0.819,0.663,0.316,0.539,0.436,0.860,0.632,1.183,1.916,2.131,2.186,2.500,2.557,2.672,2.748,2.876,2.944,2.898,2.789,2.938,3.005,2.955,2.874,3.017,3.158,3.285,3.302,3.259,3.134,3.434,3.506,3.604,3.558,3.273,3.363,3.561,3.603,3.701,3.734,4.005,3.873,4.133,3.991,4.193,4.387,4.292,4.550,4.562,4.805,5.187,5.071,4.954,5.067,5.190,4.903,4.794,4.749,4.598,4.600,4.563,4.519,4.589,4.747,4.787,4.969,5.249,5.265,5.052,5.501,5.581,6.051,6.166,6.446,5.765,5.598,6.211,6.004,4.962,4.431,4.184,4.024,3.888,3.912,3.795,3.748,4.022,4.078,4.078,4.052,3.890,4.295,4.017,4.068,3.955,4.016,3.674,3.537,3.046,2.895,3.003,2.470,2.387,2.717,3.388,3.437,3.719,3.564,4.446
0,0.316,0.265,0.332,0.346,0.224,0.245,0.316,0.346,0.300,0.490,0.500,0.500,0.574,0.447,0.447,0.447,0.412,0.412,0.548,0.529,0.510,0.458,0.283,0,0.200,0.224,0.238,0.289,0.396,0.265,0.294,0.351,0.342,0.458,0.592,0.455,0.510,0.412,0.447,0.831,0.806,0.728,0.995,0.775,0.271,0.619,0.557,0.868,0.673,1.249,1.808,2.064,2.112,2.435,2.454,2.565,2.636,2.762,2.834,2.771,2.657,2.812,2.883,2.837,2.753,2.902,3.061,3.173,3.184,3.153,2.990,3.297,3.372,3.474,3.438,3.129,3.211,3.400,3.438,3.552,3.581,3.852,3.715,3.975,3.828,4.037,4.234,4.135,4.393,4.415,4.657,5.047,4.911,4.794,4.906,5.038,4.754,4.637,4.586,4.429,4.423,4.425,4.384,4.461,4.605,4.643,4.826,5.094,5.119,4.907,5.350,5.440,5.900,6.018,6.295,5.596,5.435,6.058,5.846,4.827,4.288,4.039,3.877,3.742,3.771,3.655,3.612,3.896,3.953,3.953,3.927,3.764,4.153,3.896,3.938,3.821,3.900,3.536,3.399,2.926,2.782,2.853,2.328,2.258,2.612,3.305,3.294,3.571,3.409,4.342
0,0.469,0.412,0.500,0.529,0.387,0.374,0.424,0.447,0.436,0.600,0.557,0.557,0.656,0.529,0.529,0.529,0.480,0.520,0.648,0.663,0.648,0.624,0.447,0.200,0,0.265,0.379,0.443,0.532,0.361,0.337,0.342,0.289,0.436,0.500,0.440,0.548,0.480,0.447,0.911,0.911,0.866,1.118,0.959,0.294,0.645,0.671,0.829,0.622,1.249,1.640,1.913,1.954,2.278,2.285,2.396,2.468,2.594,2.663,2.600,2.486,2.648,2.722,2.681,2.596,2.739,2.903,3.015,3.030,3.003,2.825,3.132,3.211,3.312,3.277,2.961,3.041,3.231,3.271,3.385,3.409,3.682,3.550,3.811,3.665,3.870,4.068,3.972,4.231,4.260,4.502,4.892,4.750,4.628,4.742,4.876,4.596,4.470,4.419,4.259,4.252,4.264,4.226,4.301,4.440,4.477,4.664,4.928,4.960,4.746,5.183,5.277,5.737,5.853,6.126,5.427,5.278,5.908,5.695,4.658,4.119,3.864,3.705,3.572,3.608,3.493,3.457,3.739,3.791,3.791,3.760,3.604,3.989,3.734,3.775,3.650,3.730,3.356,3.220,2.750,2.619,2.680,2.159,2.083,2.454,3.156,3.142,3.413,3.247,4.184
0,0.458,0.374,0.424,0.458,0.424,0.436,0.458,0.500,0.490,0.640,0.678,0.648,0.762,0.656,0.656,0.656,0.600,0.583,0.700,0.671,0.656,0.548,0.458,0.224,0.265,0,0.245,0.346,0.469,0.424,0.458,0.548,0.424,0.583,0.663,0.458,0.480,0.548,0.640,0.959,0.927,0.837,1.114,0.831,0.361,0.707,0.648,0.889,0.806,1.367,1.794,2.066,2.119,2.454,2.456,2.559,2.627,2.739,2.818,2.751,2.632,2.778,2.846,2.804,2.711,2.872,3.043,3.143,3.135,3.103,2.938,3.253,3.332,3.438,3.416,3.095,3.178,3.360,3.396,3.523,3.543,3.822,3.670,3.933,3.787,3.989,4.174,4.068,4.316,4.334,4.576,4.970,4.832,4.721,4.837,4.971,4.689,4.577,4.523,4.358,4.349,4.376,4.332,4.415,4.550,4.584,4.764,5.040,5.072,4.871,5.309,5.402,5.853,5.979,6.251,5.539,5.358,5.996,5.788,4.793,4.240,3.992,3.829,3.689,3.713,3.596,3.547,3.841,3.901,3.901,3.874,3.701,4.077,3.859,3.904,3.793,3.881,3.514,3.385,2.934,2.773,2.820,2.283,2.252,2.571,3.260,3.228,3.513,3.357,4.320
0,0.300,0.245,0.316,0.265,0.316,0.321,0.300,0.387,0.424,0.603,0.698,0.702,0.757,0.630,0.630,0.630,0.616,0.583,0.719,0.666,0.640,0.529,0.387,0.238,0.379,0.245,0,0.141,0.245,0.283,0.361,0.529,0.424,0.497,0.648,0.412,0.379,0.510,0.666,1.003,0.956,0.837,1.117,0.742,0.412,0.678,0.510,0.922,0.843,1.464,1.958,2.214,2.268,2.601,2.579,2.686,2.746,2.869,2.954,2.866,2.747,2.893,2.954,2.902,2.820,2.989,3.155,3.249,3.246,3.217,3.049,3.360,3.426,3.535,3.506,3.191,3.269,3.447,3.477,3.606,3.641,3.908,3.754,4.011,3.857,4.081,4.279,4.169,4.428,4.441,4.683,5.077,4.938,4.830,4.936,5.069,4.782,4.678,4.621,4.471,4.457,4.470,4.425,4.513,4.660,4.698,4.870,5.132,5.147,4.945,5.394,5.481,5.934,6.059,6.343,5.628,5.446,6.061,5.845,4.893,4.350,4.114,3.943,3.804,3.822,3.708,3.654,3.949,4.024,4.024,4.010,3.832,4.215,3.966,3.999,3.900,3.998,3.637,3.496,3.045,2.870,2.926,2.409,2.369,2.710,3.405,3.322,3.602,3.445,4.413
0,0.332,0.316,0.374,0.265,0.316,0.342,0.332,0.436,0.447,0.645,0.716,0.726,0.753,0.619,0.619,0.619,0.600,0.548,0.695,0.645,0.640,0.510,0.332,0.289,0.443,0.346,0.141,0,0.141,0.245,0.332,0.548,0.510,0.523,0.632,0.387,0.342,0.424,0.676,0.987,0.942,0.812,1.102,0.742,0.387,0.583,0.374,0.854,0.794,1.482,1.971,2.208,2.266,2.599,2.579,2.688,2.746,2.872,2.959,2.871,2.753,2.894,2.952,2.895,2.816,2.987,3.144,3.241,3.241,3.208,3.057,3.364,3.426,3.534,3.500,3.197,3.279,3.461,3.491,3.613,3.653,3.918,3.764,4.021,3.869,4.092,4.290,4.181,4.440,4.447,4.690,5.081,4.951,4.845,4.949,5.078,4.787,4.690,4.635,4.491,4.481,4.472,4.425,4.511,4.667,4.706,4.875,5.142,5.150,4.948,5.402,5.483,5.940,6.065,6.352,5.645,5.457,6.064,5.851,4.897,4.358,4.127,3.954,3.814,3.828,3.713,3.656,3.948,4.026,4.026,4.015,3.836,4.228,3.964,3.998,3.905,3.999,3.651,3.507,3.051,2.864,2.939,2.420,2.377,2.709,3.398,3.324,3.606,3.454,4.401
0,0.361,0.374,0.447,0.300,0.374,0.379,0.332,0.458,0.510,0.709,0.792,0.821,0.821,0.676,0.676,0.676,0.678,0.632,0.785,0.737,0.728,0.616,0.412,0.396,0.532,0.469,0.245,0.141,0,0.245,0.332,0.583,0.548,0.497,0.616,0.387,0.321,0.469,0.737,1.080,1.036,0.906,1.186,0.806,0.480,0.600,0.346,0.877,0.831,1.576,2.028,2.259,2.316,2.647,2.602,2.712,2.764,2.897,2.988,2.884,2.765,2.906,2.961,2.898,2.827,3.003,3.158,3.249,3.252,3.223,3.065,3.368,3.423,3.532,3.494,3.194,3.272,3.450,3.477,3.600,3.649,3.905,3.751,4.004,3.846,4.084,4.291,4.179,4.446,4.452,4.693,5.085,4.952,4.847,4.944,5.073,4.779,4.687,4.630,4.496,4.481,4.466,4.419,4.509,4.671,4.713,4.876,5.132,5.130,4.927,5.387,5.464,5.922,6.046,6.340,5.631,5.446,6.037,5.820,4.893,4.362,4.138,3.961,3.822,3.833,3.722,3.662,3.954,4.041,4.041,4.039,3.858,4.253,3.969,3.994,3.908,4.011,3.665,3.513,3.061,2.866,2.943,2.442,2.394,2.743,3.438,3.322,3.599,3.445,4.397
0,0.300,0.316,0.424,0.332,0.245,0.224,0.224,0.332,0.374,0.592,0.616,0.663,0.663,0.500,0.500,0.500,0.510,0.510,0.671,0.656,0.640,0.600,0.332,0.265,0.361,0.424,0.283,0.245,0.245,0,0.100,0.346,0.374,0.316,0.469,0.361,0.412,0.374,0.520,0.970,0.949,0.860,1.122,0.866,0.361,0.548,0.424,0.831,0.656,1.404,1.871,2.110,2.156,2.478,2.452,2.567,2.627,2.768,2.846,2.755,2.640,2.796,2.860,2.804,2.733,2.890,3.043,3.146,3.167,3.142,2.972,3.271,3.332,3.435,3.390,3.089,3.165,3.351,3.384,3.497,3.543,3.799,3.662,3.915,3.760,3.994,4.207,4.105,4.376,4.395,4.637,5.026,4.888,4.772,4.872,5.003,4.713,4.603,4.550,4.412,4.401,4.383,4.342,4.424,4.583,4.625,4.798,5.050,5.055,4.840,5.294,5.378,5.841,5.957,6.247,5.548,5.392,5.987,5.767,4.789,4.264,4.027,3.857,3.724,3.748,3.637,3.592,3.874,3.947,3.947,3.936,3.771,4.169,3.869,3.896,3.791,3.883,3.526,3.373,2.903,2.744,2.827,2.330,2.247,2.632,3.336,3.259,3.527,3.363,4.297
0,0.374,0.387,0.500,0.424,0.300,0.271,0.283,0.374,0.412,0.627,0.614,0.666,0.666,0.497,0.497,0.497,0.500,0.520,0.683,0.688,0.678,0.656,0.374,0.294,0.337,0.458,0.361,0.332,0.332,0.100,0,0.300,0.361,0.277,0.387,0.346,0.440,0.361,0.483,0.978,0.971,0.900,1.156,0.949,0.346,0.520,0.458,0.787,0.583,1.383,1.790,2.028,2.072,2.391,2.362,2.479,2.540,2.684,2.760,2.670,2.556,2.716,2.781,2.726,2.657,2.808,2.960,3.066,3.093,3.069,2.896,3.193,3.254,3.356,3.308,3.008,3.085,3.273,3.308,3.417,3.462,3.718,3.586,3.839,3.686,3.917,4.133,4.034,4.307,4.330,4.571,4.959,4.820,4.701,4.802,4.932,4.643,4.529,4.477,4.341,4.331,4.307,4.268,4.347,4.507,4.550,4.725,4.975,4.981,4.763,5.216,5.300,5.766,5.879,6.168,5.474,5.326,5.921,5.701,4.707,4.185,3.947,3.778,3.647,3.674,3.564,3.522,3.801,3.871,3.871,3.858,3.698,4.098,3.789,3.816,3.707,3.797,3.438,3.285,2.811,2.658,2.745,2.252,2.159,2.556,3.263,3.191,3.456,3.289,4.215
0,0.412,0.424,0.510,0.520,0.316,0.277,0.361,0.332,0.316,0.465,0.392,0.476,0.476,0.321,0.321,0.321,0.374,0.469,0.586,0.614,0.574,0.663,0.436,0.351,0.342,0.548,0.529,0.548,0.583,0.346,0.300,0,0.316,0.337,0.548,0.608,0.719,0.510,0.238,0.845,0.852,0.837,1.036,0.954,0.458,0.707,0.707,0.964,0.592,1.147,1.768,2.019,2.049,2.348,2.369,2.491,2.565,2.714,2.770,2.706,2.599,2.777,2.855,2.811,2.740,2.864,3.014,3.138,3.182,3.161,2.974,3.267,3.338,3.433,3.378,3.076,3.149,3.343,3.384,3.484,3.522,3.778,3.667,3.920,3.769,3.995,4.215,4.128,4.402,4.441,4.681,5.066,4.919,4.789,4.894,5.028,4.745,4.610,4.561,4.417,4.409,4.395,4.363,4.433,4.583,4.625,4.813,5.058,5.076,4.846,5.288,5.381,5.850,5.955,6.236,5.550,5.437,6.041,5.817,4.766,4.251,3.994,3.838,3.713,3.759,3.648,3.623,3.891,3.940,3.940,3.912,3.773,4.171,3.859,3.889,3.754,3.828,3.451,3.302,2.805,2.710,2.796,2.310,2.175,2.607,3.314,3.306,3.559,3.381,4.286
0,0.387,0.346,0.469,0.500,0.400,0.321,0.300,0.300,0.424,0.551,0.606,0.658,0.716,0.580,0.580,0.580,0.616,0.678,0.798,0.790,0.728,0.762,0.574,0.342,0.289,0.424,0.424,0.510,0.548,0.374,0.361,0.316,0,0.258,0.548,0.539,0.619,0.663,0.513,1.061,1.046,1.000,1.219,0.985,0.539,0.837,0.787,1.044,0.806,1.358,1.815,2.103,2.132,2.447,2.410,2.525,2.588,2.730,2.798,2.705,2.589,2.765,2.840,2.796,2.722,2.866,3.039,3.136,3.162,3.151,2.929,3.232,3.302,3.405,3.366,3.036,3.099,3.278,3.309,3.436,3.472,3.727,3.599,3.851,3.690,3.931,4.151,4.053,4.325,4.366,4.605,5.000,4.834,4.711,4.813,4.955,4.674,4.541,4.483,4.335,4.313,4.348,4.315,4.399,4.537,4.575,4.757,4.990,5.012,4.791,5.230,5.331,5.786,5.899,6.180,5.466,5.340,5.951,5.721,4.737,4.210,3.958,3.796,3.667,3.711,3.601,3.571,3.857,3.918,3.918,3.896,3.745,4.121,3.843,3.862,3.735,3.838,3.442,3.292,2.830,2.720,2.757,2.281,2.184,2.620,3.343,3.239,3.492,3.312,4.289
0,0.436,0.447,0.583,0.539,0.447,0.361,0.300,0.361,0.510,0.671,0.707,0.787,0.787,0.624,0.624,0.624,0.678,0.735,0.877,0.877,0.831,0.860,0.608,0.458,0.436,0.583,0.497,0.523,0.497,0.316,0.277,0.337,0.258,0,0.424,0.486,0.574,0.632,0.574,1.158,1.149,1.095,1.319,1.082,0.586,0.770,0.707,0.992,0.764,1.480,1.844,2.110,2.138,2.449,2.377,2.496,2.550,2.706,2.778,2.663,2.548,2.724,2.793,2.739,2.678,2.827,2.990,3.082,3.119,3.113,2.890,3.184,3.240,3.344,3.294,2.977,3.036,3.214,3.242,3.363,3.416,3.657,3.531,3.778,3.611,3.872,4.106,4.006,4.291,4.329,4.567,4.960,4.795,4.672,4.764,4.904,4.616,4.491,4.432,4.302,4.279,4.286,4.253,4.339,4.492,4.535,4.710,4.930,4.933,4.709,5.158,5.252,5.711,5.822,6.114,5.406,5.285,5.869,5.634,4.677,4.164,3.924,3.755,3.629,3.667,3.562,3.530,3.812,3.886,3.886,3.877,3.726,4.113,3.791,3.797,3.681,3.792,3.407,3.243,2.780,2.655,2.711,2.261,2.147,2.610,3.339,3.187,3.432,3.251,4.217
0,0.742,0.735,0.860,0.794,0.678,0.640,0.624,0.714,0.775,0.975,0.906,0.949,0.970,0.806,0.806,0.806,0.775,0.812,0.975,1.015,1.025,0.990,0.714,0.592,0.500,0.663,0.648,0.632,0.616,0.469,0.387,0.548,0.548,0.424,0,0.332,0.500,0.548,0.714,1.249,1.273,1.225,1.483,1.323,0.520,0.548,0.648,0.640,0.557,1.578,1.517,1.758,1.797,2.121,2.022,2.138,2.186,2.337,2.421,2.304,2.189,2.349,2.412,2.354,2.291,2.447,2.604,2.698,2.729,2.715,2.524,2.818,2.874,2.977,2.927,2.627,2.702,2.890,2.924,3.032,3.081,3.333,3.202,3.454,3.302,3.534,3.755,3.657,3.936,3.962,4.202,4.589,4.446,4.326,4.423,4.553,4.263,4.148,4.096,3.966,3.956,3.926,3.887,3.969,4.130,4.175,4.347,4.591,4.595,4.376,4.830,4.913,5.380,5.493,5.783,5.091,4.949,5.540,5.320,4.326,3.808,3.575,3.403,3.273,3.300,3.192,3.153,3.431,3.507,3.507,3.503,3.344,3.744,3.416,3.435,3.330,3.432,3.074,2.915,2.456,2.287,2.369,1.895,1.803,2.225,2.948,2.818,3.076,2.907,3.839
0,0.616,0.592,0.700,0.616,0.574,0.560,0.529,0.648,0.700,0.913,0.904,0.918,0.961,0.804,0.804,0.804,0.755,0.742,0.909,0.913,0.927,0.819,0.583,0.455,0.440,0.458,0.412,0.387,0.387,0.361,0.346,0.608,0.539,0.486,0.332,0,0.183,0.458,0.770,1.199,1.193,1.100,1.392,1.122,0.400,0.480,0.458,0.616,0.678,1.623,1.686,1.927,1.983,2.323,2.241,2.347,2.394,2.523,2.619,2.507,2.386,2.525,2.580,2.520,2.445,2.624,2.786,2.871,2.872,2.846,2.681,2.986,3.045,3.153,3.121,2.816,2.898,3.078,3.108,3.230,3.272,3.536,3.379,3.636,3.485,3.708,3.909,3.799,4.064,4.073,4.315,4.706,4.573,4.465,4.567,4.695,4.404,4.307,4.252,4.113,4.103,4.088,4.041,4.130,4.288,4.329,4.495,4.757,4.763,4.561,5.017,5.096,5.554,5.679,5.967,5.261,5.076,5.680,5.468,4.516,3.980,3.755,3.577,3.438,3.450,3.338,3.281,3.573,3.658,3.658,3.656,3.475,3.867,3.589,3.617,3.530,3.635,3.289,3.142,2.702,2.495,2.564,2.058,2.025,2.369,3.074,2.943,3.222,3.069,4.025
0,0.616,0.592,0.686,0.583,0.608,0.600,0.548,0.678,0.742,0.949,0.985,0.995,1.034,0.883,0.883,0.883,0.843,0.806,0.970,0.949,0.959,0.819,0.616,0.510,0.548,0.480,0.379,0.342,0.321,0.412,0.440,0.719,0.619,0.574,0.500,0.183,0,0.539,0.883,1.261,1.237,1.118,1.418,1.068,0.497,0.563,0.436,0.712,0.829,1.726,1.841,2.078,2.140,2.484,2.392,2.494,2.536,2.659,2.762,2.642,2.518,2.648,2.696,2.632,2.557,2.750,2.914,2.988,2.977,2.950,2.789,3.097,3.151,3.263,3.237,2.931,3.012,3.184,3.209,3.341,3.385,3.647,3.479,3.734,3.579,3.808,4.006,3.888,4.150,4.151,4.392,4.786,4.654,4.554,4.653,4.781,4.488,4.402,4.344,4.207,4.193,4.186,4.135,4.231,4.390,4.429,4.588,4.851,4.852,4.658,5.117,5.193,5.645,5.776,6.067,5.353,5.148,5.748,5.536,4.628,4.088,3.872,3.689,3.547,3.550,3.438,3.372,3.672,3.767,3.767,3.771,3.579,3.966,3.701,3.727,3.652,3.767,3.426,3.279,2.853,2.627,2.687,2.182,2.173,2.494,3.191,3.028,3.312,3.165,4.139
0,0.592,0.600,0.648,0.574,0.447,0.500,0.574,0.640,0.548,0.755,0.648,0.648,0.648,0.520,0.520,0.520,0.424,0.374,0.539,0.574,0.640,0.548,0.300,0.412,0.480,0.548,0.510,0.424,0.469,0.374,0.361,0.510,0.663,0.632,0.548,0.458,0.539,0,0.539,0.812,0.825,0.748,1.030,0.943,0.224,0.245,0.316,0.574,0.412,1.292,1.709,1.900,1.962,2.280,2.317,2.431,2.502,2.631,2.706,2.655,2.548,2.687,2.750,2.694,2.617,2.762,2.895,3.023,3.041,2.995,2.890,3.184,3.253,3.350,3.300,3.030,3.127,3.330,3.375,3.463,3.497,3.770,3.637,3.897,3.763,3.953,4.145,4.051,4.309,4.315,4.559,4.936,4.832,4.715,4.827,4.945,4.655,4.553,4.512,4.367,4.376,4.309,4.263,4.330,4.497,4.540,4.718,5.006,5.017,4.805,5.258,5.331,5.805,5.920,6.202,5.534,5.360,5.967,5.767,4.711,4.183,3.945,3.782,3.646,3.662,3.545,3.496,3.764,3.824,3.824,3.804,3.639,4.055,3.759,3.813,3.708,3.766,3.442,3.305,2.816,2.640,2.769,2.234,2.156,2.468,3.135,3.187,3.473,3.324,4.179
0,0.548,0.557,0.592,0.632,0.412,0.424,0.548,0.490,0.361,0.447,0.224,0.300,0.300,0.200,0.200,0.200,0.224,0.361,0.424,0.490,0.469,0.608,0.447,0.447,0.447,0.640,0.666,0.676,0.737,0.520,0.483,0.238,0.513,0.574,0.714,0.770,0.883,0.539,0,0.640,0.671,0.700,0.866,0.938,0.497,0.746,0.794,1.003,0.554,0.917,1.741,1.975,2.005,2.291,2.379,2.502,2.590,2.733,2.777,2.750,2.650,2.827,2.910,2.872,2.796,2.902,3.041,3.186,3.234,3.203,3.043,3.333,3.413,3.503,3.444,3.154,3.236,3.441,3.490,3.575,3.603,3.868,3.768,4.025,3.885,4.087,4.295,4.217,4.483,4.522,4.763,5.141,5.008,4.872,4.987,5.117,4.837,4.697,4.655,4.501,4.503,4.474,4.443,4.501,4.649,4.690,4.888,5.149,5.177,4.944,5.380,5.473,5.947,6.048,6.321,5.652,5.544,6.160,5.944,4.831,4.316,4.048,3.903,3.779,3.829,3.715,3.695,3.952,3.984,3.984,3.942,3.812,4.215,3.912,3.959,3.811,3.859,3.490,3.351,2.835,2.760,2.867,2.362,2.214,2.619,3.305,3.396,3.654,3.479,4.337
0,0.922,0.927,0.860,0.922,0.787,0.866,1.005,0.943,0.721,0.700,0.510,0.424,0.424,0.557,0.557,0.557,0.490,0.469,0.300,0.361,0.436,0.548,0.671,0.831,0.911,0.959,1.003,0.987,1.080,0.970,0.978,0.845,1.061,1.158,1.249,1.199,1.261,0.812,0.640,0,0.141,0.316,0.346,0.831,0.814,0.997,1.030,1.250,0.885,0.624,2.005,2.179,2.229,2.494,2.718,2.834,2.943,3.056,3.089,3.132,3.041,3.194,3.277,3.247,3.154,3.245,3.362,3.538,3.571,3.509,3.434,3.723,3.818,3.901,3.846,3.586,3.691,3.910,3.971,4.036,4.044,4.332,4.232,4.498,4.379,4.529,4.701,4.629,4.869,4.889,5.132,5.497,5.406,5.274,5.407,5.524,5.249,5.118,5.089,4.914,4.939,4.877,4.838,4.880,5.026,5.065,5.271,5.582,5.626,5.401,5.830,5.914,6.395,6.498,6.756,6.116,5.976,6.617,6.427,5.232,4.705,4.429,4.297,4.168,4.208,4.085,4.057,4.302,4.310,4.310,4.249,4.116,4.528,4.272,4.359,4.208,4.207,3.877,3.766,3.233,3.151,3.297,2.737,2.613,2.893,3.503,3.792,4.077,3.923,4.697
0,0.866,0.872,0.787,0.854,0.748,0.831,0.964,0.900,0.678,0.640,0.510,0.424,0.424,0.557,0.557,0.557,0.510,0.469,0.300,0.300,0.361,0.469,0.640,0.806,0.911,0.927,0.956,0.942,1.036,0.949,0.971,0.852,1.046,1.149,1.273,1.193,1.237,0.825,0.671,0.141,0,0.200,0.245,0.700,0.823,1.023,1.010,1.295,0.957,0.714,2.107,2.291,2.343,2.615,2.823,2.938,3.043,3.156,3.194,3.226,3.132,3.283,3.365,3.332,3.239,3.339,3.461,3.630,3.657,3.596,3.514,3.808,3.901,3.987,3.936,3.669,3.771,3.986,4.044,4.117,4.127,4.415,4.307,4.573,4.450,4.608,4.781,4.704,4.945,4.962,5.206,5.575,5.480,5.351,5.483,5.601,5.324,5.197,5.165,4.991,5.011,4.961,4.920,4.967,5.113,5.151,5.354,5.662,5.704,5.482,5.914,5.998,6.476,6.583,6.843,6.192,6.044,6.685,6.492,5.324,4.794,4.521,4.384,4.253,4.291,4.168,4.135,4.387,4.402,4.402,4.344,4.205,4.613,4.365,4.447,4.302,4.310,3.976,3.863,3.336,3.245,3.381,2.820,2.707,2.988,3.604,3.863,4.150,3.996,4.794
0,0.768,0.775,0.678,0.728,0.663,0.755,0.877,0.831,0.616,0.608,0.548,0.469,0.469,0.557,0.557,0.557,0.510,0.424,0.300,0.224,0.300,0.316,0.539,0.728,0.866,0.837,0.837,0.812,0.906,0.860,0.900,0.837,1.000,1.095,1.225,1.100,1.118,0.748,0.700,0.316,0.200,0,0.316,0.539,0.755,0.949,0.883,1.237,0.964,0.911,2.163,2.352,2.410,2.698,2.872,2.985,3.082,3.194,3.243,3.257,3.158,3.302,3.376,3.338,3.245,3.363,3.490,3.647,3.662,3.601,3.520,3.818,3.906,3.997,3.951,3.680,3.782,3.991,4.044,4.127,4.141,4.428,4.307,4.573,4.445,4.612,4.785,4.700,4.941,4.950,5.194,5.568,5.473,5.351,5.479,5.597,5.317,5.201,5.165,4.995,5.011,4.965,4.920,4.975,5.124,5.162,5.357,5.666,5.700,5.485,5.924,6.005,6.479,6.592,6.857,6.195,6.027,6.664,6.470,5.347,4.810,4.548,4.402,4.267,4.295,4.173,4.130,4.392,4.420,4.420,4.371,4.219,4.626,4.383,4.461,4.330,4.352,4.021,3.904,3.390,3.270,3.399,2.834,2.744,3.015,3.637,3.847,4.140,3.991,4.815
0,0.995,1.010,0.906,0.975,0.906,0.985,1.109,1.034,0.825,0.742,0.678,0.616,0.583,0.728,0.728,0.728,0.721,0.678,0.520,0.480,0.500,0.616,0.819,0.995,1.118,1.114,1.117,1.102,1.186,1.122,1.156,1.036,1.219,1.319,1.483,1.392,1.418,1.030,0.866,0.346,0.245,0.316,0,0.686,1.041,1.230,1.175,1.518,1.185,0.781,2.345,2.524,2.575,2.839,3.061,3.176,3.283,3.397,3.432,3.468,3.375,3.527,3.608,3.575,3.483,3.582,3.701,3.873,3.900,3.838,3.759,4.052,4.145,4.231,4.177,3.912,4.012,4.227,4.284,4.358,4.369,4.655,4.549,4.814,4.688,4.851,5.026,4.949,5.189,5.206,5.450,5.819,5.725,5.596,5.727,5.846,5.569,5.442,5.409,5.235,5.255,5.205,5.164,5.211,5.357,5.395,5.598,5.906,5.946,5.723,6.155,6.240,6.719,6.824,7.085,6.434,6.287,6.926,6.731,5.567,5.038,4.764,4.628,4.498,4.535,4.412,4.379,4.631,4.645,4.645,4.586,4.447,4.856,4.608,4.690,4.544,4.550,4.215,4.101,3.571,3.486,3.624,3.064,2.948,3.230,3.838,4.106,4.393,4.239,5.034
0,0.648,0.656,0.520,0.566,0.671,0.735,0.787,0.748,0.640,0.600,0.781,0.755,0.755,0.775,0.775,0.775,0.806,0.728,0.707,0.566,0.510,0.458,0.663,0.775,0.959,0.831,0.742,0.742,0.806,0.866,0.949,0.954,0.985,1.082,1.323,1.122,1.068,0.943,0.938,0.831,0.700,0.539,0.686,0,0.927,1.153,0.933,1.463,1.281,1.342,2.504,2.731,2.789,3.100,3.191,3.302,3.381,3.497,3.565,3.527,3.415,3.559,3.626,3.579,3.490,3.641,3.791,3.913,3.912,3.865,3.739,4.048,4.124,4.227,4.193,3.892,3.979,4.167,4.202,4.320,4.347,4.622,4.477,4.737,4.588,4.798,4.985,4.881,5.128,5.135,5.379,5.768,5.646,5.537,5.652,5.781,5.495,5.391,5.339,5.179,5.173,5.175,5.128,5.206,5.353,5.389,5.569,5.851,5.872,5.667,6.114,6.199,6.658,6.781,7.059,6.355,6.169,6.793,6.583,5.587,5.043,4.795,4.634,4.494,4.514,4.395,4.342,4.628,4.685,4.685,4.654,4.482,4.871,4.641,4.694,4.583,4.649,4.297,4.165,3.682,3.536,3.619,3.076,3.017,3.320,3.975,4.026,4.316,4.164,5.084
