,\string0,\string73,\string80,\string81,\string82,\string83,\string64,\string59,\string58,\string51,\string57,\string42,\string40,\string38,\string35,\string91,\string106,\string96,\string2,\string36,\string116,\string120,\string133,\string136,\string152,\string160,\string161,\string154,\string155,\string162,\string170,\string178,\string189,\string192,\string197,\string196,\string11,\string13,\string199,\string188,\string186,\string185,\string184,\string8,\string132,\string16,\string18,\string19,\string27,\string29,\string30,\string28,\string26,\string23,\string22,\string24,\string21,\string20,\string17,\string15,\string14,\string193,\string187,\string191,\string190,\string198,\string180,\string176,\string168,\string172,\string166,\string167,\string169,\string163,\string174,\string181,\string10,\string9,\string179,\string182,\string12,\string195,\string194,\string183,\string177,\string175,\string173,\string164,\string165,\string171,\string158,\string150,\string149,\string144,\string143,\string140,\string142,\string138,\string134,\string130,\string123,\string126,\string122,\string5,\string135,\string7,\string137,\string147,\string148,\string153,\string156,\string157,\string159,\string151,\string145,\string141,\string139,\string129,\string128,\string6,\string127,\string124,\string121,\string117,\string111,\string110,\string109,\string105,\string102,\string99,\string98,\string100,\string97,\string89,\string87,\string84,\string32,\string88,\string95,\string93,\string3,\string103,\string108,\string112,\string118,\string119,\string115,\string113,\string104,\string114,\string125,\string131,\string146,\string31,\string39,\string46,\string49,\string1,\string53,\string55,\string60,\string61,\string62,\string66,\string69,\string68,\string67,\string65,\string54,\string50,\string43,\string44,\string41,\string37,\string33,\string85,\string86,\string90,\string101,\string4,\string94,\string92,\string34,\string45,\string48,\string47,\string56,\string52,\string63,\string70,\string72,\string75,\string77,\string79,\string78,\string76,\string71,\string74,\string107,\string25
\string0,0,0.964,2.050,3.340,3.611,5.276,2.161,2.258,1.722,1.767,1.120,2.967,3.438,3.515,4.151,4.996,5.492,4.697,3.694,3.426,6.207,6.478,7.245,7.372,7.913,8.303,8.310,8.112,8.295,8.857,9.036,9.328,9.718,9.836,10.028,10.290,9.599,9.735,9.963,9.574,9.464,9.381,9.333,7.787,7.784,11.170,11.662,11.638,13.587,14.021,14.622,14.815,15.158,15.516,15.614,15.444,15.954,16.197,16.481,16.524,16.513,16.588,16.598,16.565,16.564,16.538,16.601,16.636,16.652,16.656,16.676,16.682,16.681,16.702,16.680,16.678,16.667,16.701,16.707,16.707,16.685,16.631,16.618,16.800,16.808,16.810,16.879,16.870,16.834,16.762,16.750,16.758,16.775,16.745,16.733,16.734,16.709,16.694,16.683,16.663,16.647,16.683,16.679,16.737,16.782,16.794,16.866,16.695,16.671,16.678,16.671,16.671,16.670,16.644,16.634,16.630,16.636,16.585,16.585,16.625,16.606,16.591,16.595,16.566,16.508,16.485,16.480,16.301,16.228,16.134,16.143,16.157,16.151,16.043,15.909,15.829,15.733,15.905,16.033,16.027,16.103,16.192,16.269,16.428,16.486,16.488,16.466,16.488,16.249,16.447,16.555,16.584,16.636,15.725,15.356,14.878,14.574,14.351,14.106,14.023,13.780,13.695,13.353,12.808,12.446,12.387,12.499,12.947,14.019,14.308,15.106,15.094,15.399,15.623,15.884,15.995,16.024,16.164,16.332,16.401,16.264,16.300,15.904,15.304,15.317,15.543,14.226,14.355,13.492,12.816,12.240,11.587,11.239,10.602,9.253,8.806,8.120,11.608,16.743,15.508
\string73,0.964,0,1.088,2.441,2.686,4.411,1.675,2.067,1.769,2.067,1.679,3.394,3.739,3.812,4.460,5.338,5.972,5.281,4.289,4.163,6.780,7.052,7.834,7.936,8.427,8.793,8.848,8.556,8.681,9.215,9.412,9.768,10.163,10.262,10.425,10.614,10.071,10.227,10.437,10.096,10.006,9.953,9.918,8.464,8.117,11.576,12.106,12.129,13.998,14.414,14.950,15.155,15.506,15.821,15.875,15.719,16.177,16.365,16.603,16.676,16.679,16.740,16.751,16.744,16.755,16.735,16.789,16.825,16.791,16.784,16.782,16.784,16.786,16.790,16.789,16.789,16.782,16.802,16.805,16.805,16.790,16.756,16.749,16.869,16.872,16.869,16.918,16.899,16.873,16.832,16.804,16.791,16.797,16.772,16.763,16.759,16.746,16.729,16.711,16.676,16.641,16.675,16.654,16.695,16.779,16.796,16.846,16.747,16.738,16.757,16.758,16.765,16.772,16.754,16.735,16.724,16.715,16.643,16.640,16.668,16.636,16.610,16.595,16.547,16.467,16.441,16.423,16.257,16.188,16.077,16.079,16.092,16.078,15.978,15.853,15.756,15.654,15.873,16.008,15.998,16.097,16.211,16.292,16.464,16.521,16.523,16.485,16.481,16.234,16.508,16.654,16.684,16.759,15.703,15.268,14.731,14.415,14.187,13.946,13.848,13.613,13.495,13.112,12.530,12.142,12.112,12.237,12.754,13.887,14.194,15.090,14.936,15.254,15.473,15.739,15.864,15.908,16.055,16.231,16.291,16.136,16.158,15.738,15.056,15.025,15.226,13.957,14.145,13.163,12.411,11.839,11.253,10.941,10.205,8.925,8.474,7.759,11.474,16.597,15.729
\string80,2.050,1.088,0,1.468,1.652,3.444,1.788,2.427,2.408,2.839,2.639,4.146,4.372,4.436,5.065,5.942,6.681,6.093,5.133,5.111,7.554,7.823,8.605,8.684,9.124,9.461,9.560,9.185,9.256,9.754,9.966,10.376,10.770,10.851,10.985,11.099,10.706,10.878,11.068,10.777,10.706,10.683,10.659,9.304,8.650,12.127,12.687,12.754,14.520,14.911,15.374,15.587,15.940,16.206,16.215,16.075,16.471,16.599,16.785,16.880,16.895,16.937,16.948,16.970,16.994,16.980,17.021,17.055,16.966,16.949,16.925,16.923,16.926,16.913,16.938,16.941,16.940,16.944,16.944,16.946,16.941,16.927,16.927,16.979,16.974,16.965,16.993,16.960,16.945,16.937,16.890,16.852,16.847,16.825,16.820,16.810,16.809,16.790,16.764,16.711,16.654,16.687,16.647,16.669,16.800,16.823,16.849,16.826,16.832,16.866,16.877,16.892,16.908,16.894,16.864,16.845,16.822,16.724,16.718,16.733,16.688,16.650,16.613,16.544,16.437,16.409,16.376,16.222,16.158,16.027,16.020,16.032,16.009,15.918,15.801,15.684,15.575,15.846,15.990,15.975,16.100,16.242,16.329,16.518,16.574,16.576,16.522,16.489,16.229,16.588,16.776,16.809,16.912,15.684,15.176,14.574,14.243,14.010,13.774,13.659,13.432,13.279,12.853,12.230,11.814,11.818,11.955,12.546,13.744,14.071,15.072,14.768,15.102,15.317,15.591,15.731,15.791,15.948,16.135,16.185,16.008,16.016,15.567,14.790,14.712,14.885,13.667,13.920,12.807,11.974,11.407,10.897,10.628,9.787,8.597,8.149,7.416,11.336,16.454,16.033
\string81,3.340,2.441,1.468,0,0.370,1.997,2.933,3.592,3.849,4.284,4.067,5.566,5.763,5.824,6.430,7.282,8.029,7.474,6.539,6.506,8.887,9.147,9.900,9.972,10.384,10.701,10.805,10.425,10.477,10.942,11.150,11.558,11.932,12.004,12.122,12.208,11.878,12.045,12.221,11.957,11.894,11.879,11.858,10.577,9.880,13.196,13.728,13.802,15.393,15.737,16.122,16.309,16.614,16.815,16.806,16.697,16.992,17.080,17.210,17.225,17.234,17.230,17.230,17.270,17.295,17.298,17.297,17.306,16.630,16.621,16.567,16.563,16.570,16.540,16.603,16.635,16.640,16.625,16.621,16.634,16.653,16.658,16.660,16.648,16.627,16.602,16.612,16.550,16.541,16.567,16.477,16.404,16.388,16.364,16.360,16.344,16.352,16.324,16.286,16.209,16.125,16.163,16.102,16.112,16.305,16.340,16.348,16.385,16.401,16.457,16.476,16.502,16.532,16.501,16.454,16.426,16.392,16.251,16.242,16.256,16.191,16.138,16.080,15.984,15.844,15.810,15.762,15.599,15.529,15.372,15.359,15.372,15.340,15.247,15.124,14.986,14.864,15.189,15.352,15.333,15.484,15.658,15.759,15.987,16.054,16.057,15.984,15.929,15.625,16.080,16.323,16.370,16.519,15.018,14.432,13.756,13.402,13.157,12.917,12.788,12.561,12.378,11.913,11.251,10.812,10.838,10.986,11.640,12.908,13.259,14.371,13.950,14.312,14.537,14.834,14.995,15.071,15.248,15.460,15.506,15.298,15.296,14.793,13.908,13.796,13.958,12.727,13.030,11.803,10.908,10.336,9.868,9.629,8.722,7.614,7.183,6.480,10.486,15.770,16.655
\string82,3.611,2.686,1.652,0.370,0,1.827,3.072,3.753,3.982,4.438,4.273,5.699,5.859,5.916,6.511,7.356,8.135,7.618,6.697,6.704,9.017,9.276,10.031,10.095,10.487,10.794,10.916,10.503,10.534,10.987,11.202,11.631,12.008,12.072,12.180,12.237,11.964,12.139,12.308,12.063,12.006,12.003,11.987,10.741,9.922,13.258,13.807,13.901,15.473,15.814,16.177,16.374,16.689,16.878,16.850,16.743,17.027,17.092,17.207,17.250,17.267,17.264,17.266,17.317,17.349,17.352,17.353,17.366,16.888,16.874,16.813,16.808,16.815,16.780,16.849,16.878,16.884,16.865,16.860,16.872,16.891,16.903,16.907,16.875,16.854,16.829,16.832,16.769,16.764,16.799,16.708,16.629,16.610,16.588,16.585,16.568,16.580,16.553,16.512,16.431,16.342,16.379,16.313,16.315,16.519,16.556,16.555,16.618,16.639,16.697,16.720,16.747,16.779,16.753,16.703,16.673,16.635,16.490,16.480,16.489,16.421,16.364,16.300,16.199,16.053,16.018,15.966,15.810,15.743,15.581,15.565,15.578,15.543,15.454,15.336,15.193,15.070,15.409,15.573,15.552,15.711,15.892,15.994,16.223,16.288,16.290,16.214,16.149,15.847,16.324,16.576,16.622,16.776,15.243,14.637,13.945,13.588,13.342,13.105,12.971,12.749,12.554,12.076,11.403,10.955,10.994,11.146,11.823,13.106,13.462,14.602,14.133,14.497,14.718,15.015,15.179,15.260,15.438,15.651,15.693,15.480,15.472,14.966,14.053,13.923,14.073,12.872,13.199,11.929,11.004,10.439,10.006,9.785,8.842,7.779,7.353,6.648,10.696,15.940,16.675
\string83,5.276,4.411,3.444,1.997,1.827,0,4.841,5.501,5.757,6.201,6.012,7.429,7.577,7.631,8.199,9.007,9.766,9.279,8.392,8.383,10.611,10.856,11.569,11.626,11.986,12.268,12.389,11.988,12.005,12.419,12.622,13.033,13.380,13.435,13.526,13.561,13.346,13.511,13.661,13.447,13.399,13.402,13.390,12.241,11.421,14.507,15.008,15.105,16.450,16.728,16.995,17.156,17.407,17.515,17.468,17.400,17.558,17.577,17.622,17.560,17.568,17.507,17.495,17.566,17.599,17.623,17.573,17.554,16.799,16.804,16.708,16.702,16.715,16.661,16.780,16.854,16.866,16.826,16.816,16.844,16.897,16.927,16.932,16.833,16.789,16.743,16.729,16.624,16.624,16.697,16.546,16.425,16.393,16.365,16.362,16.336,16.356,16.317,16.261,16.149,16.026,16.073,15.981,15.974,16.258,16.309,16.293,16.412,16.441,16.526,16.558,16.599,16.646,16.588,16.517,16.477,16.428,16.228,16.215,16.229,16.137,16.062,15.975,15.841,15.653,15.610,15.541,15.360,15.282,15.087,15.066,15.079,15.036,14.936,14.803,14.634,14.492,14.892,15.085,15.060,15.249,15.466,15.590,15.877,15.962,15.965,15.867,15.783,15.411,16.000,16.319,16.388,16.603,14.703,14.005,13.224,12.834,12.570,12.322,12.173,11.945,11.721,11.200,10.486,10.015,10.075,10.236,10.973,12.339,12.724,13.987,13.422,13.826,14.067,14.400,14.593,14.692,14.898,15.148,15.191,14.935,14.918,14.334,13.284,13.118,13.261,12.014,12.393,10.995,10.008,9.439,9.048,8.858,7.877,6.955,6.583,5.998,9.903,15.448,17.339
\string64,2.161,1.675,1.788,2.933,3.072,4.841,0,0.710,2.247,2.608,2.464,3.847,4.081,4.147,4.791,5.704,6.481,5.851,4.847,4.823,7.409,7.698,8.541,8.631,9.114,9.485,9.588,9.184,9.261,9.802,10.037,10.490,10.926,11.015,11.162,11.277,10.854,11.042,11.254,10.927,10.845,10.813,10.783,9.278,8.599,12.434,13.062,13.129,15.147,15.602,16.154,16.404,16.819,17.155,17.176,17.001,17.503,17.657,17.891,18.085,18.109,18.193,18.214,18.224,18.246,18.219,18.295,18.350,16.723,16.658,16.654,16.645,16.642,16.630,16.613,16.551,16.548,16.559,16.564,16.543,16.498,16.489,16.499,16.547,16.568,16.584,16.602,16.616,16.610,16.597,16.615,16.607,16.603,16.600,16.600,16.596,16.603,16.597,16.586,16.557,16.519,16.533,16.506,16.512,16.583,16.593,16.603,16.617,16.636,16.649,16.661,16.666,16.671,16.722,16.709,16.695,16.663,16.617,16.611,16.593,16.566,16.540,16.505,16.456,16.380,16.362,16.333,16.248,16.213,16.109,16.097,16.104,16.080,16.028,15.958,15.856,15.770,16.022,16.126,16.110,16.223,16.351,16.404,16.516,16.534,16.535,16.489,16.439,16.286,16.596,16.738,16.735,16.778,15.928,15.465,14.924,14.640,14.442,14.248,14.135,13.950,13.782,13.370,12.779,12.378,12.411,12.547,13.149,14.256,14.553,15.499,15.067,15.344,15.507,15.722,15.836,15.891,16.010,16.148,16.177,16.042,16.042,15.690,15.014,14.926,15.061,14.050,14.319,13.246,12.425,11.907,11.503,11.287,10.379,9.269,8.799,7.962,12.105,16.362,16.939
\string59,2.258,2.067,2.427,3.592,3.753,5.501,0.710,0,2.386,2.634,2.458,3.767,4.040,4.107,4.740,5.641,6.370,5.697,4.693,4.621,7.272,7.564,8.413,8.515,9.026,9.414,9.499,9.126,9.225,9.787,10.019,10.459,10.901,11.000,11.160,11.304,10.817,11.001,11.226,10.871,10.779,10.733,10.697,9.123,8.571,12.460,13.088,13.136,15.242,15.719,16.316,16.570,16.994,17.362,17.404,17.216,17.760,17.942,18.204,18.405,18.425,18.524,18.546,18.542,18.559,18.527,18.613,18.672,16.546,16.471,16.480,16.471,16.466,16.461,16.424,16.344,16.338,16.357,16.363,16.336,16.278,16.263,16.272,16.344,16.374,16.398,16.421,16.453,16.445,16.419,16.461,16.469,16.470,16.470,16.471,16.469,16.474,16.474,16.468,16.452,16.428,16.437,16.420,16.428,16.467,16.471,16.486,16.483,16.499,16.501,16.510,16.510,16.509,16.576,16.571,16.560,16.532,16.509,16.503,16.481,16.463,16.445,16.418,16.382,16.324,16.309,16.286,16.215,16.186,16.097,16.086,16.092,16.072,16.026,15.966,15.875,15.799,16.026,16.116,16.102,16.203,16.317,16.359,16.444,16.453,16.453,16.415,16.371,16.251,16.518,16.633,16.619,16.637,15.948,15.522,15.021,14.756,14.569,14.386,14.279,14.103,13.943,13.551,12.985,12.598,12.627,12.758,13.335,14.393,14.674,15.567,15.155,15.411,15.562,15.758,15.860,15.908,16.013,16.134,16.162,16.045,16.048,15.733,15.119,15.045,15.181,14.207,14.456,13.443,12.659,12.152,11.748,11.532,10.649,9.533,9.060,8.212,12.316,16.338,17.171
\string58,1.722,1.769,2.408,3.849,3.982,5.757,2.247,2.386,0,0.524,0.948,1.769,2.012,2.082,2.736,3.636,4.371,3.786,2.825,2.958,5.292,5.574,6.400,6.478,6.938,7.298,7.404,7.008,7.098,7.638,7.858,8.283,8.708,8.798,8.948,9.093,8.636,8.822,9.030,8.714,8.638,8.619,8.595,7.180,6.480,10.196,10.816,10.890,12.918,13.385,13.954,14.219,14.663,15.024,15.046,14.855,15.409,15.584,15.853,16.109,16.143,16.266,16.298,16.302,16.328,16.287,16.401,16.485,18.233,18.213,18.231,18.233,18.230,18.243,18.215,18.185,18.175,18.205,18.211,18.201,18.164,18.122,18.117,18.264,18.281,18.292,18.344,18.351,18.325,18.269,18.276,18.284,18.294,18.275,18.267,18.266,18.252,18.241,18.231,18.211,18.190,18.218,18.207,18.247,18.296,18.306,18.356,18.246,18.235,18.240,18.238,18.238,18.237,18.238,18.229,18.224,18.220,18.175,18.173,18.196,18.175,18.158,18.151,18.117,18.054,18.032,18.019,17.870,17.808,17.710,17.713,17.725,17.713,17.621,17.504,17.415,17.321,17.519,17.643,17.634,17.721,17.821,17.892,18.038,18.084,18.086,18.057,18.058,17.845,18.073,18.185,18.204,18.248,17.357,16.955,16.445,16.138,15.916,15.678,15.584,15.350,15.239,14.864,14.287,13.902,13.873,13.996,14.501,15.614,15.912,16.763,16.644,16.948,17.157,17.407,17.523,17.562,17.697,17.856,17.912,17.773,17.795,17.408,16.758,16.724,16.911,15.693,15.879,14.907,14.146,13.583,13.016,12.707,11.961,10.691,10.239,9.513,13.196,18.194,14.790
\string51,1.767,2.067,2.839,4.284,4.438,6.201,2.608,2.634,0.524,0,0.725,1.345,1.709,1.785,2.440,3.325,3.980,3.331,2.345,2.438,4.861,5.145,5.971,6.060,6.548,6.922,7.005,6.656,6.778,7.336,7.546,7.938,8.362,8.462,8.628,8.814,8.276,8.453,8.671,8.330,8.244,8.210,8.181,6.719,6.189,9.877,10.481,10.533,12.610,13.089,13.694,13.955,14.400,14.785,14.827,14.628,15.213,15.416,15.711,15.959,15.987,16.120,16.153,16.144,16.165,16.120,16.242,16.328,18.276,18.263,18.291,18.294,18.292,18.312,18.274,18.244,18.232,18.269,18.276,18.266,18.226,18.174,18.166,18.344,18.363,18.376,18.439,18.450,18.419,18.348,18.362,18.380,18.396,18.374,18.364,18.366,18.346,18.336,18.329,18.316,18.304,18.333,18.330,18.379,18.409,18.417,18.479,18.332,18.314,18.313,18.307,18.304,18.298,18.295,18.291,18.289,18.292,18.258,18.257,18.286,18.272,18.260,18.262,18.237,18.184,18.164,18.157,18.001,17.936,17.846,17.852,17.865,17.857,17.760,17.638,17.557,17.465,17.641,17.762,17.755,17.831,17.918,17.988,18.129,18.177,18.179,18.157,18.172,17.961,18.151,18.246,18.265,18.298,17.473,17.102,16.618,16.317,16.096,15.855,15.767,15.529,15.434,15.077,14.518,14.144,14.100,14.218,14.690,15.776,16.067,16.871,16.824,17.124,17.336,17.585,17.694,17.726,17.858,18.014,18.075,17.944,17.973,17.595,16.983,16.969,17.169,15.923,16.081,15.164,14.436,13.870,13.269,12.942,12.242,10.938,10.488,9.776,13.352,18.376,14.587
\string57,1.120,1.679,2.639,4.067,4.273,6.012,2.464,2.458,0.948,0.725,0,1.854,2.333,2.411,3.046,3.896,4.427,3.666,2.651,2.515,5.205,5.484,6.284,6.398,6.927,7.317,7.352,7.098,7.264,7.834,8.024,8.355,8.763,8.876,9.062,9.304,8.655,8.808,9.037,8.660,8.558,8.493,8.452,6.920,6.727,10.265,10.812,10.819,12.870,13.337,13.960,14.190,14.592,14.978,15.056,14.864,15.434,15.669,15.972,16.130,16.139,16.253,16.277,16.250,16.259,16.220,16.322,16.387,17.609,17.605,17.635,17.641,17.639,17.663,17.626,17.606,17.593,17.633,17.640,17.633,17.598,17.541,17.529,17.724,17.741,17.751,17.821,17.827,17.792,17.713,17.721,17.741,17.760,17.734,17.723,17.725,17.700,17.689,17.682,17.670,17.662,17.694,17.695,17.752,17.777,17.785,17.856,17.683,17.659,17.657,17.649,17.645,17.639,17.625,17.622,17.621,17.628,17.594,17.594,17.630,17.617,17.607,17.615,17.593,17.544,17.524,17.520,17.352,17.283,17.197,17.206,17.220,17.214,17.111,16.982,16.906,16.814,16.976,17.098,17.093,17.163,17.244,17.316,17.460,17.512,17.514,17.496,17.520,17.301,17.475,17.565,17.587,17.621,16.802,16.448,15.981,15.683,15.462,15.219,15.137,14.895,14.812,14.470,13.926,13.562,13.506,13.619,14.065,15.130,15.416,16.193,16.194,16.492,16.710,16.962,17.068,17.096,17.228,17.387,17.453,17.325,17.359,16.981,16.394,16.400,16.617,15.333,15.466,14.598,13.907,13.336,12.701,12.357,11.704,10.368,9.920,9.224,12.713,17.778,14.881
\string42,2.967,3.394,4.146,5.566,5.699,7.429,3.847,3.767,1.769,1.345,1.854,0,0.628,0.696,1.239,2.060,2.654,2.044,1.132,1.579,3.569,3.858,4.705,4.787,5.273,5.655,5.749,5.382,5.517,6.096,6.305,6.700,7.138,7.241,7.415,7.620,7.050,7.236,7.459,7.114,7.030,7.005,6.980,5.530,4.941,8.712,9.349,9.413,11.617,12.134,12.788,13.079,13.577,14.009,14.052,13.826,14.494,14.716,15.053,15.398,15.439,15.617,15.663,15.647,15.671,15.610,15.776,15.891,19.279,19.270,19.315,19.321,19.317,19.349,19.291,19.254,19.238,19.287,19.296,19.282,19.232,19.167,19.156,19.377,19.403,19.423,19.498,19.521,19.485,19.393,19.424,19.459,19.482,19.458,19.447,19.452,19.425,19.417,19.416,19.415,19.417,19.446,19.455,19.513,19.514,19.516,19.592,19.401,19.373,19.362,19.349,19.341,19.328,19.323,19.328,19.331,19.344,19.328,19.330,19.366,19.361,19.357,19.373,19.361,19.324,19.306,19.307,19.144,19.077,18.999,19.010,19.023,19.021,18.918,18.790,18.720,18.631,18.777,18.894,18.890,18.951,19.020,19.087,19.218,19.267,19.268,19.257,19.289,19.086,19.222,19.288,19.305,19.318,18.600,18.271,17.820,17.523,17.302,17.056,16.977,16.730,16.655,16.319,15.775,15.411,15.352,15.463,15.898,16.957,17.239,17.981,18.034,18.328,18.544,18.790,18.891,18.915,19.042,19.192,19.257,19.138,19.174,18.811,18.240,18.244,18.453,17.186,17.315,16.449,15.748,15.177,14.546,14.197,13.543,12.208,11.763,11.070,14.501,19.572,13.766
\string40,3.438,3.739,4.372,5.763,5.859,7.577,4.081,4.040,2.012,1.709,2.333,0.628,0,0.078,0.735,1.640,2.447,2.078,1.405,2.051,3.481,3.765,4.620,4.668,5.090,5.445,5.597,5.116,5.191,5.748,5.980,6.448,6.900,6.986,7.133,7.269,6.840,7.050,7.258,6.960,6.897,6.908,6.896,5.558,4.550,8.469,9.164,9.276,11.480,12.004,12.630,12.949,13.483,13.907,13.914,13.684,14.355,14.543,14.866,15.292,15.350,15.542,15.596,15.598,15.633,15.569,15.750,15.881,19.830,19.814,19.855,19.860,19.855,19.883,19.828,19.784,19.770,19.814,19.824,19.808,19.756,19.697,19.688,19.890,19.917,19.938,20.005,20.030,19.998,19.915,19.948,19.979,19.998,19.978,19.969,19.973,19.950,19.943,19.941,19.936,19.933,19.961,19.964,20.015,20.025,20.028,20.094,19.930,19.908,19.899,19.889,19.881,19.870,19.873,19.876,19.877,19.885,19.867,19.868,19.898,19.890,19.884,19.893,19.876,19.834,19.816,19.812,19.659,19.595,19.512,19.520,19.533,19.527,19.430,19.307,19.232,19.142,19.302,19.420,19.414,19.482,19.558,19.625,19.756,19.802,19.804,19.789,19.811,19.612,19.768,19.842,19.858,19.874,19.130,18.781,18.311,18.010,17.788,17.543,17.459,17.215,17.128,16.777,16.218,15.845,15.797,15.913,16.373,17.453,17.742,18.514,18.520,18.817,19.029,19.274,19.379,19.408,19.536,19.686,19.746,19.624,19.653,19.287,18.688,18.673,18.869,17.632,17.783,16.871,16.137,15.569,14.968,14.633,13.939,12.631,12.184,11.479,14.989,20.042,13.566
\string38,3.515,3.812,4.436,5.824,5.916,7.631,4.147,4.107,2.082,1.785,2.411,0.696,0.078,0,0.661,1.570,2.394,2.053,1.417,2.084,3.439,3.721,4.576,4.620,5.037,5.389,5.547,5.055,5.125,5.681,5.915,6.389,6.842,6.927,7.072,7.203,6.784,6.997,7.204,6.909,6.848,6.863,6.853,5.526,4.480,8.413,9.113,9.230,11.437,11.962,12.588,12.910,13.449,13.873,13.877,13.646,14.320,14.505,14.828,15.265,15.324,15.519,15.574,15.577,15.613,15.548,15.732,15.865,19.907,19.891,19.932,19.937,19.932,19.960,19.904,19.860,19.846,19.891,19.900,19.884,19.831,19.772,19.763,19.966,19.993,20.014,20.081,20.107,20.075,19.992,20.025,20.056,20.076,20.056,20.046,20.050,20.027,20.020,20.018,20.014,20.011,20.038,20.042,20.093,20.102,20.105,20.171,20.008,19.985,19.976,19.966,19.959,19.947,19.950,19.953,19.955,19.963,19.945,19.945,19.975,19.968,19.961,19.971,19.954,19.912,19.893,19.890,19.737,19.673,19.590,19.598,19.611,19.605,19.508,19.385,19.310,19.220,19.380,19.498,19.493,19.560,19.637,19.704,19.835,19.880,19.882,19.867,19.889,19.690,19.847,19.920,19.936,19.951,19.208,18.859,18.388,18.088,17.865,17.621,17.536,17.291,17.205,16.853,16.294,15.920,15.872,15.988,16.449,17.530,17.819,18.592,18.598,18.895,19.107,19.352,19.457,19.486,19.614,19.764,19.824,19.701,19.731,19.365,18.765,18.749,18.944,17.708,17.860,16.946,16.210,15.643,15.042,14.708,14.012,12.705,12.258,11.554,15.064,20.118,13.522
\string35,4.151,4.460,5.065,6.430,6.511,8.199,4.791,4.740,2.736,2.440,3.046,1.239,0.735,0.661,0,0.914,1.834,1.730,1.451,2.246,2.938,3.213,4.063,4.085,4.464,4.804,4.992,4.444,4.495,5.051,5.292,5.792,6.255,6.334,6.472,6.587,6.208,6.433,6.635,6.360,6.309,6.343,6.341,5.089,3.834,7.843,8.575,8.715,10.965,11.507,12.142,12.485,13.056,13.496,13.489,13.245,13.954,14.136,14.472,14.972,15.042,15.260,15.322,15.328,15.369,15.296,15.502,15.652,20.503,20.489,20.535,20.540,20.536,20.567,20.506,20.459,20.444,20.492,20.502,20.485,20.430,20.367,20.357,20.572,20.602,20.624,20.695,20.724,20.690,20.601,20.639,20.675,20.696,20.676,20.665,20.671,20.645,20.639,20.639,20.637,20.638,20.665,20.672,20.725,20.728,20.729,20.799,20.623,20.598,20.586,20.574,20.565,20.552,20.553,20.558,20.562,20.573,20.559,20.560,20.593,20.588,20.584,20.597,20.583,20.545,20.527,20.526,20.369,20.304,20.224,20.233,20.246,20.242,20.142,20.016,19.944,19.854,20.006,20.124,20.120,20.183,20.255,20.322,20.452,20.499,20.501,20.489,20.516,20.317,20.459,20.524,20.540,20.551,19.829,19.490,19.026,18.725,18.501,18.253,18.170,17.922,17.841,17.493,16.936,16.563,16.511,16.626,17.077,18.156,18.443,19.201,19.240,19.537,19.751,19.997,20.102,20.129,20.256,20.405,20.467,20.346,20.377,20.013,19.419,19.407,19.604,18.358,18.504,17.599,16.865,16.295,15.685,15.344,14.660,13.345,12.900,12.204,15.667,20.766,13.096
\string91,4.996,5.338,5.942,7.282,7.356,9.007,5.704,5.641,3.636,3.325,3.896,2.060,1.640,1.570,0.914,0,1.107,1.508,1.807,2.613,2.251,2.500,3.322,3.310,3.632,3.954,4.179,3.566,3.603,4.164,4.409,4.930,5.403,5.477,5.611,5.724,5.366,5.605,5.803,5.548,5.509,5.568,5.576,4.445,2.940,7.016,7.782,7.944,10.257,10.821,11.475,11.842,12.452,12.917,12.902,12.642,13.401,13.588,13.948,14.522,14.603,14.851,14.922,14.927,14.973,14.889,15.124,15.296,21.273,21.266,21.320,21.327,21.322,21.359,21.291,21.246,21.229,21.282,21.293,21.276,21.218,21.148,21.135,21.374,21.406,21.430,21.508,21.540,21.502,21.402,21.444,21.487,21.512,21.489,21.478,21.484,21.455,21.448,21.450,21.453,21.459,21.488,21.500,21.560,21.551,21.552,21.629,21.427,21.396,21.379,21.364,21.353,21.337,21.332,21.341,21.347,21.364,21.356,21.358,21.398,21.396,21.395,21.415,21.407,21.375,21.357,21.360,21.195,21.126,21.049,21.062,21.076,21.074,20.968,20.836,20.767,20.678,20.815,20.934,20.932,20.987,21.050,21.119,21.250,21.300,21.302,21.295,21.333,21.130,21.246,21.300,21.318,21.322,20.628,20.308,19.857,19.554,19.328,19.073,18.995,18.739,18.670,18.332,17.781,17.412,17.349,17.461,17.891,18.962,19.247,19.975,20.079,20.377,20.598,20.847,20.949,20.972,21.100,21.250,21.316,21.198,21.233,20.869,20.289,20.287,20.491,19.218,19.347,18.466,17.745,17.170,16.536,16.180,15.525,14.189,13.749,13.069,16.438,21.628,12.470
\string106,5.492,5.972,6.681,8.029,8.135,9.766,6.481,6.370,4.371,3.980,4.427,2.654,2.447,2.394,1.834,1.107,0,1.023,1.902,2.530,1.147,1.405,2.252,2.272,2.694,3.074,3.213,2.792,2.982,3.601,3.788,4.157,4.617,4.726,4.915,5.184,4.529,4.736,4.964,4.630,4.562,4.580,4.574,3.348,2.529,6.286,6.984,7.082,9.495,10.080,10.816,11.165,11.765,12.281,12.319,12.044,12.863,13.119,13.534,14.068,14.133,14.399,14.471,14.445,14.477,14.386,14.635,14.809,21.469,21.480,21.550,21.562,21.557,21.609,21.528,21.493,21.473,21.538,21.550,21.537,21.480,21.391,21.371,21.667,21.698,21.722,21.820,21.853,21.805,21.678,21.722,21.780,21.814,21.784,21.768,21.778,21.737,21.730,21.735,21.748,21.768,21.802,21.826,21.905,21.871,21.869,21.969,21.696,21.650,21.626,21.602,21.587,21.565,21.542,21.556,21.568,21.599,21.602,21.607,21.664,21.670,21.677,21.714,21.720,21.702,21.684,21.698,21.510,21.432,21.366,21.387,21.402,21.408,21.288,21.139,21.084,20.995,21.094,21.213,21.215,21.252,21.293,21.365,21.497,21.556,21.558,21.563,21.628,21.413,21.469,21.495,21.519,21.513,20.886,20.618,20.209,19.910,19.682,19.417,19.352,19.083,19.045,18.740,18.216,17.868,17.776,17.877,18.246,19.276,19.549,20.196,20.449,20.746,20.979,21.233,21.328,21.339,21.466,21.617,21.695,21.586,21.634,21.274,20.749,20.785,21.017,19.670,19.746,18.960,18.298,17.713,17.011,16.619,16.053,14.659,14.227,13.587,16.722,22.053,11.942
\string96,4.697,5.281,6.093,7.474,7.618,9.279,5.851,5.697,3.786,3.331,3.666,2.044,2.078,2.053,1.730,1.508,1.023,0,1.030,1.527,1.582,1.873,2.720,2.830,3.396,3.821,3.840,3.646,3.915,4.540,4.696,4.953,5.383,5.518,5.742,6.094,5.251,5.411,5.663,5.249,5.142,5.089,5.053,3.542,3.535,7.033,7.634,7.650,10.039,10.606,11.371,11.674,12.208,12.726,12.815,12.552,13.345,13.644,14.065,14.465,14.504,14.739,14.797,14.748,14.764,14.683,14.899,15.043,20.468,20.484,20.557,20.570,20.564,20.620,20.537,20.506,20.485,20.552,20.565,20.553,20.498,20.404,20.382,20.693,20.723,20.746,20.850,20.882,20.831,20.697,20.741,20.803,20.839,20.808,20.791,20.802,20.757,20.750,20.757,20.772,20.797,20.832,20.861,20.945,20.902,20.899,21.006,20.713,20.662,20.636,20.611,20.594,20.571,20.545,20.560,20.574,20.608,20.615,20.621,20.681,20.690,20.699,20.741,20.752,20.739,20.723,20.740,20.548,20.469,20.408,20.431,20.447,20.455,20.333,20.183,20.133,20.047,20.132,20.249,20.251,20.282,20.317,20.387,20.515,20.574,20.576,20.584,20.657,20.444,20.481,20.500,20.523,20.512,19.926,19.678,19.290,18.998,18.775,18.513,18.452,18.185,18.156,17.865,17.359,17.022,16.921,17.019,17.365,18.367,18.632,19.250,19.531,19.820,20.053,20.304,20.393,20.400,20.524,20.672,20.753,20.650,20.703,20.352,19.860,19.913,20.157,18.796,18.851,18.114,17.487,16.904,16.181,15.780,15.249,13.837,13.406,12.771,15.850,21.126,12.535
\string2,3.694,4.289,5.133,6.539,6.697,8.392,4.847,4.693,2.825,2.345,2.651,1.132,1.405,1.417,1.451,1.807,1.902,1.030,0,0.820,2.605,2.893,3.727,3.842,4.401,4.817,4.841,4.622,4.851,5.463,5.636,5.926,6.353,6.481,6.694,7.007,6.228,6.387,6.633,6.226,6.119,6.058,6.019,4.467,4.394,7.969,8.557,8.567,10.871,11.412,12.142,12.425,12.922,13.406,13.493,13.250,13.983,14.267,14.657,14.989,15.019,15.220,15.268,15.225,15.237,15.168,15.352,15.474,19.603,19.611,19.675,19.686,19.680,19.729,19.654,19.622,19.602,19.664,19.675,19.663,19.610,19.525,19.506,19.789,19.818,19.839,19.935,19.964,19.917,19.796,19.835,19.889,19.921,19.892,19.877,19.886,19.847,19.840,19.844,19.854,19.872,19.906,19.929,20.005,19.975,19.973,20.071,19.809,19.765,19.744,19.723,19.708,19.689,19.670,19.682,19.692,19.719,19.719,19.724,19.776,19.781,19.786,19.820,19.824,19.805,19.789,19.801,19.619,19.545,19.479,19.499,19.514,19.519,19.403,19.262,19.206,19.121,19.223,19.338,19.338,19.378,19.424,19.491,19.618,19.673,19.675,19.678,19.737,19.530,19.597,19.630,19.650,19.647,19.028,18.758,18.355,18.065,17.844,17.589,17.523,17.264,17.222,16.920,16.406,16.064,15.976,16.077,16.447,17.460,17.728,18.381,18.586,18.874,19.100,19.347,19.439,19.450,19.573,19.721,19.797,19.691,19.739,19.388,18.880,18.922,19.157,17.827,17.901,17.135,16.495,15.917,15.221,14.836,14.273,12.880,12.444,11.789,14.980,20.154,13.243
\string36,3.426,4.163,5.111,6.506,6.704,8.383,4.823,4.621,2.958,2.438,2.515,1.579,2.051,2.084,2.246,2.613,2.530,1.527,0.820,0,2.978,3.245,4.010,4.169,4.791,5.229,5.171,5.114,5.410,6.029,6.171,6.362,6.762,6.910,7.153,7.547,6.602,6.723,6.987,6.522,6.389,6.277,6.219,4.538,5.040,8.358,8.863,8.805,11.095,11.626,12.392,12.636,13.083,13.580,13.716,13.479,14.207,14.537,14.946,15.173,15.180,15.364,15.402,15.334,15.332,15.267,15.431,15.532,18.947,18.965,19.036,19.050,19.045,19.101,19.021,18.997,18.975,19.043,19.055,19.046,18.995,18.900,18.877,19.191,19.219,19.239,19.346,19.374,19.320,19.184,19.223,19.284,19.321,19.288,19.271,19.282,19.235,19.228,19.234,19.250,19.276,19.312,19.342,19.430,19.385,19.383,19.494,19.190,19.139,19.113,19.088,19.071,19.049,19.019,19.035,19.048,19.082,19.088,19.094,19.156,19.165,19.174,19.218,19.231,19.221,19.204,19.224,19.029,18.950,18.893,18.916,18.932,18.942,18.819,18.671,18.624,18.540,18.619,18.732,18.735,18.763,18.796,18.864,18.989,19.048,19.050,19.059,19.134,18.923,18.955,18.973,18.996,18.987,18.417,18.180,17.808,17.525,17.307,17.050,16.992,16.730,16.706,16.428,15.938,15.612,15.507,15.600,15.931,16.906,17.163,17.766,18.046,18.328,18.559,18.806,18.892,18.895,19.016,19.162,19.246,19.147,19.203,18.859,18.396,18.465,18.718,17.350,17.389,16.697,16.107,15.527,14.790,14.386,13.884,12.460,12.029,11.397,14.447,19.631,13.548
\string116,6.207,6.780,7.554,8.887,9.017,10.611,7.409,7.272,5.292,4.861,5.205,3.569,3.481,3.439,2.938,2.251,1.147,1.582,2.605,2.978,0,0.294,1.167,1.257,1.849,2.295,2.279,2.216,2.607,3.234,3.330,3.465,3.884,4.036,4.290,4.743,3.731,3.884,4.147,3.714,3.608,3.569,3.542,2.205,2.503,5.572,6.174,6.192,8.698,9.302,10.121,10.450,11.036,11.603,11.697,11.408,12.287,12.615,13.086,13.578,13.628,13.913,13.984,13.927,13.945,13.847,14.110,14.287,21.796,21.828,21.912,21.929,21.923,21.989,21.898,21.877,21.852,21.929,21.942,21.933,21.878,21.771,21.744,22.095,22.126,22.148,22.266,22.298,22.239,22.087,22.131,22.202,22.244,22.207,22.187,22.200,22.147,22.139,22.147,22.168,22.201,22.241,22.277,22.373,22.317,22.313,22.436,22.094,22.032,22.001,21.970,21.950,21.923,21.879,21.899,21.916,21.962,21.973,21.981,22.055,22.069,22.083,22.136,22.155,22.150,22.133,22.157,21.944,21.856,21.799,21.828,21.845,21.859,21.723,21.557,21.514,21.426,21.487,21.608,21.614,21.632,21.654,21.729,21.865,21.934,21.936,21.953,22.045,21.816,21.812,21.814,21.845,21.830,21.256,21.039,20.669,20.373,20.143,19.867,19.814,19.532,19.525,19.251,18.755,18.426,18.305,18.397,18.704,19.695,19.957,20.525,20.929,21.225,21.472,21.733,21.821,21.820,21.948,22.101,22.192,22.090,22.151,21.793,21.317,21.390,21.649,20.226,20.251,19.555,18.951,18.357,17.589,17.161,16.685,15.240,14.819,14.222,17.111,22.596,11.382
\string120,6.478,7.052,7.823,9.147,9.276,10.856,7.698,7.564,5.574,5.145,5.484,3.858,3.765,3.721,3.213,2.500,1.405,1.873,2.893,3.245,0.294,0,0.875,0.965,1.578,2.032,1.992,1.999,2.430,3.048,3.121,3.210,3.621,3.779,4.043,4.529,3.459,3.605,3.872,3.429,3.320,3.280,3.254,1.965,2.418,5.311,5.904,5.916,8.443,9.054,9.884,10.216,10.808,11.386,11.484,11.190,12.086,12.422,12.904,13.406,13.457,13.750,13.823,13.762,13.781,13.679,13.950,14.133,22.019,22.055,22.141,22.159,22.154,22.222,22.130,22.111,22.086,22.164,22.178,22.170,22.115,22.005,21.977,22.337,22.367,22.389,22.510,22.541,22.481,22.325,22.368,22.440,22.484,22.445,22.425,22.438,22.383,22.375,22.383,22.405,22.440,22.480,22.518,22.618,22.559,22.555,22.681,22.328,22.264,22.232,22.200,22.179,22.152,22.104,22.124,22.142,22.190,22.202,22.210,22.288,22.302,22.317,22.373,22.393,22.390,22.372,22.398,22.179,22.089,22.034,22.064,22.082,22.096,21.957,21.788,21.746,21.657,21.713,21.836,21.842,21.858,21.877,21.953,22.092,22.162,22.165,22.183,22.280,22.046,22.034,22.033,22.065,22.050,21.477,21.267,20.901,20.604,20.372,20.094,20.043,19.757,19.755,19.485,18.992,18.665,18.540,18.630,18.928,19.916,20.177,20.734,21.165,21.462,21.713,21.976,22.063,22.061,22.190,22.345,22.437,22.335,22.399,22.038,21.567,21.644,21.908,20.470,20.488,19.803,19.205,18.608,17.829,17.396,16.933,15.480,15.062,14.474,17.319,22.850,11.168
\string133,7.245,7.834,8.605,9.900,10.031,11.569,8.541,8.413,6.400,5.971,6.284,4.705,4.620,4.576,4.063,3.322,2.252,2.720,3.727,4.010,1.167,0.875,0,0.268,0.969,1.421,1.210,1.633,2.189,2.728,2.710,2.578,2.936,3.122,3.428,4.044,2.727,2.830,3.116,2.615,2.486,2.421,2.390,1.276,2.493,4.602,5.135,5.111,7.697,8.323,9.200,9.530,10.130,10.741,10.862,10.555,11.498,11.869,12.387,12.899,12.948,13.262,13.340,13.265,13.280,13.170,13.461,13.655,22.602,22.652,22.744,22.766,22.761,22.836,22.741,22.732,22.706,22.789,22.803,22.798,22.747,22.627,22.594,22.983,23.012,23.032,23.163,23.192,23.126,22.957,22.996,23.074,23.121,23.078,23.055,23.070,23.008,22.998,23.007,23.032,23.072,23.117,23.160,23.269,23.204,23.200,23.338,22.947,22.873,22.839,22.803,22.781,22.751,22.688,22.710,22.731,22.787,22.800,22.810,22.899,22.916,22.934,22.998,23.024,23.025,23.007,23.038,22.802,22.705,22.652,22.687,22.706,22.724,22.574,22.393,22.356,22.266,22.303,22.430,22.438,22.445,22.454,22.535,22.682,22.760,22.763,22.787,22.899,22.650,22.610,22.599,22.637,22.621,22.050,21.863,21.513,21.213,20.978,20.690,20.645,20.349,20.365,20.109,19.627,19.309,19.167,19.253,19.519,20.493,20.751,21.269,21.790,22.091,22.353,22.623,22.710,22.703,22.834,22.994,23.094,22.992,23.062,22.696,22.240,22.335,22.614,21.126,21.118,20.473,19.900,19.296,18.480,18.026,17.612,16.134,15.725,15.165,17.861,23.534,10.562
\string136,7.372,7.936,8.684,9.972,10.095,11.626,8.631,8.515,6.478,6.060,6.398,4.787,4.668,4.620,4.085,3.310,2.272,2.830,3.842,4.169,1.257,0.965,0.268,0,0.716,1.176,1.035,1.365,1.923,2.461,2.446,2.348,2.725,2.902,3.198,3.791,2.535,2.663,2.939,2.477,2.369,2.347,2.334,1.454,2.257,4.413,4.989,4.999,7.586,8.216,9.077,9.423,10.043,10.649,10.751,10.441,11.387,11.742,12.253,12.804,12.862,13.184,13.265,13.199,13.219,13.107,13.406,13.607,22.826,22.873,22.964,22.985,22.980,23.053,22.960,22.950,22.924,23.006,23.020,23.014,22.963,22.846,22.814,23.195,23.224,23.244,23.372,23.400,23.336,23.171,23.209,23.284,23.331,23.288,23.266,23.280,23.220,23.210,23.218,23.241,23.279,23.323,23.364,23.471,23.410,23.407,23.542,23.161,23.089,23.056,23.021,23.000,22.971,22.909,22.930,22.950,23.004,23.015,23.025,23.112,23.128,23.144,23.206,23.229,23.228,23.210,23.238,23.004,22.908,22.853,22.886,22.905,22.922,22.774,22.593,22.554,22.463,22.507,22.635,22.642,22.652,22.665,22.746,22.894,22.972,22.975,22.997,23.106,22.856,22.826,22.819,22.857,22.844,22.254,22.058,21.699,21.397,21.160,20.872,20.825,20.529,20.540,20.279,19.790,19.468,19.330,19.417,19.693,20.678,20.939,21.471,21.975,22.279,22.541,22.812,22.900,22.895,23.028,23.189,23.287,23.183,23.252,22.881,22.413,22.502,22.776,21.295,21.294,20.631,20.046,19.441,18.633,18.183,17.755,16.284,15.874,15.310,18.035,23.722,10.420
\string152,7.913,8.427,9.124,10.384,10.487,11.986,9.114,9.026,6.938,6.548,6.927,5.273,5.090,5.037,4.464,3.632,2.694,3.396,4.401,4.791,1.849,1.578,0.969,0.716,0,0.465,0.578,0.753,1.345,1.807,1.753,1.650,2.058,2.219,2.500,3.079,1.906,2.089,2.339,1.978,1.930,2.023,2.057,1.859,1.899,3.779,4.439,4.528,7.117,7.758,8.593,8.974,9.642,10.244,10.308,9.989,10.954,11.280,11.788,12.432,12.509,12.853,12.944,12.893,12.925,12.807,13.128,13.352,23.512,23.561,23.648,23.668,23.664,23.735,23.646,23.638,23.612,23.692,23.705,23.701,23.651,23.536,23.505,23.877,23.905,23.924,24.050,24.076,24.013,23.852,23.887,23.957,24.002,23.960,23.938,23.951,23.892,23.881,23.888,23.908,23.942,23.987,24.024,24.129,24.077,24.075,24.206,23.835,23.765,23.735,23.700,23.680,23.653,23.589,23.608,23.627,23.680,23.686,23.695,23.783,23.796,23.809,23.869,23.888,23.881,23.862,23.888,23.652,23.555,23.495,23.528,23.547,23.563,23.413,23.230,23.187,23.094,23.146,23.278,23.285,23.299,23.316,23.400,23.556,23.636,23.639,23.659,23.764,23.506,23.490,23.491,23.531,23.524,22.888,22.679,22.305,21.996,21.755,21.463,21.414,21.114,21.122,20.852,20.352,20.023,19.888,19.978,20.265,21.269,21.536,22.087,22.583,22.894,23.159,23.436,23.529,23.527,23.663,23.828,23.926,23.817,23.883,23.502,23.010,23.089,23.360,21.874,21.884,21.192,20.588,19.981,19.179,18.730,18.288,16.824,16.415,15.854,18.594,24.358,9.909
\string160,8.303,8.793,9.461,10.701,10.794,12.268,9.485,9.414,7.298,6.922,7.317,5.655,5.445,5.389,4.804,3.954,3.074,3.821,4.817,5.229,2.295,2.032,1.421,1.176,0.465,0,0.561,0.607,1.141,1.471,1.358,1.189,1.611,1.763,2.038,2.632,1.489,1.710,1.937,1.664,1.668,1.846,1.914,2.153,1.870,3.347,4.054,4.192,6.775,7.424,8.245,8.645,9.342,9.943,9.987,9.662,10.641,10.953,11.463,12.161,12.249,12.607,12.705,12.662,12.700,12.577,12.914,13.150,23.958,24.009,24.095,24.115,24.111,24.182,24.095,24.090,24.064,24.143,24.157,24.153,24.105,23.990,23.959,24.329,24.356,24.374,24.499,24.523,24.460,24.301,24.332,24.401,24.446,24.402,24.380,24.393,24.334,24.323,24.329,24.347,24.379,24.425,24.461,24.566,24.518,24.517,24.648,24.278,24.207,24.178,24.144,24.125,24.098,24.031,24.049,24.068,24.121,24.123,24.132,24.221,24.233,24.246,24.304,24.322,24.312,24.293,24.318,24.079,23.980,23.918,23.950,23.970,23.985,23.833,23.648,23.603,23.507,23.563,23.698,23.705,23.721,23.739,23.825,23.987,24.069,24.072,24.091,24.197,23.932,23.921,23.925,23.967,23.964,23.300,23.085,22.704,22.391,22.147,21.852,21.802,21.499,21.507,21.234,20.729,20.398,20.263,20.353,20.642,21.656,21.926,22.483,22.986,23.302,23.570,23.851,23.946,23.945,24.084,24.253,24.351,24.239,24.304,23.916,23.412,23.488,23.759,22.264,22.277,21.574,20.961,20.352,19.549,19.099,18.655,17.192,16.786,16.229,18.959,24.785,9.549
\string161,8.310,8.848,9.560,10.805,10.916,12.389,9.588,9.499,7.404,7.005,7.352,5.749,5.597,5.547,4.992,4.179,3.213,3.840,4.841,5.171,2.279,1.992,1.210,1.035,0.578,0.561,0,1.143,1.700,2.011,1.860,1.448,1.751,1.953,2.287,3.012,1.525,1.635,1.917,1.459,1.379,1.447,1.480,1.648,2.388,3.416,3.988,4.022,6.656,7.306,8.184,8.551,9.211,9.838,9.932,9.606,10.599,10.962,11.499,12.119,12.188,12.541,12.632,12.566,12.592,12.469,12.799,13.024,23.742,23.801,23.893,23.916,23.912,23.988,23.898,23.898,23.872,23.955,23.969,23.967,23.920,23.798,23.763,24.158,24.184,24.202,24.335,24.359,24.291,24.120,24.151,24.226,24.274,24.228,24.204,24.218,24.154,24.142,24.149,24.171,24.209,24.257,24.299,24.412,24.354,24.352,24.493,24.092,24.014,23.983,23.945,23.924,23.895,23.820,23.839,23.861,23.920,23.926,23.937,24.033,24.048,24.064,24.130,24.154,24.151,24.131,24.162,23.912,23.809,23.752,23.788,23.809,23.827,23.670,23.477,23.439,23.344,23.382,23.516,23.525,23.532,23.541,23.628,23.790,23.876,23.879,23.903,24.021,23.751,23.714,23.706,23.751,23.744,23.111,22.921,22.561,22.251,22.008,21.710,21.666,21.359,21.380,21.123,20.634,20.314,20.166,20.251,20.511,21.502,21.765,22.284,22.850,23.163,23.436,23.718,23.809,23.802,23.941,24.110,24.213,24.105,24.177,23.792,23.316,23.410,23.694,22.169,22.157,21.502,20.921,20.309,19.477,19.013,18.611,17.127,16.725,16.186,18.807,24.668,9.568
