,\string0,\string173,\string122,\string71,\string181,\string120,\string196,\string25,\string180,\string11,\string155,\string32,\string124,\string31,\string153,\string135,\string190,\string64,\string161,\string60,\string109,\string18,\string116,\string90,\string52,\string154,\string66,\string137,\string134,\string54,\string141,\string14,\string104,\string9,\string68,\string63,\string138,\string183,\string42,\string178,\string41,\string199,\string111,\string92,\string146,\string85,\string69,\string21,\string78,\string51,\string10,\string24,\string27,\string34,\string65,\string166,\string91,\string7,\string16,\string189,\string164,\string80,\string188,\string191,\string165,\string3,\string97,\string133,\string112,\string198,\string186,\string49,\string157,\string70,\string105,\string145,\string93,\string136,\string177,\string36,\string123,\string98,\string187,\string43,\string150,\string119,\string19,\string127,\string82,\string81,\string15,\string33,\string159,\string184,\string87,\string170,\string185,\string132,\string67,\string1,\string195,\string197,\string61,\string172,\string149,\string57,\string160,\string103,\string58,\string168,\string140,\string113,\string102,\string2,\string94,\string101,\string74,\string152,\string30,\string76,\string50,\string12,\string73,\string40,\string129,\string107,\string106,\string151,\string75,\string28,\string17,\string108,\string83,\string174,\string37,\string162,\string156,\string84,\string45,\string4,\string175,\string142,\string13,\string77,\string38,\string139,\string130,\string35,\string179,\string72,\string126,\string147,\string46,\string121,\string47,\string20,\string59,\string62,\string44,\string88,\string169,\string99,\string115,\string182,\string55,\string22,\string193,\string79,\string39,\string163,\string96,\string131,\string144,\string29,\string89,\string167,\string23,\string53,\string110,\string125,\string5,\string143,\string176,\string48,\string194,\string95,\string128,\string26,\string56,\string118,\string158,\string148,\string171,\string114,\string6,\string8,\string86,\string117,\string192,\string100
\string0,0,11.990,20.669,34.792,40.051,41.113,48.420,47.066,55.627,40.783,36.718,26.572,31.049,34.765,40.564,51.424,44.524,45.878,47.970,54.891,53.650,59.533,46.786,42.866,48.351,42.718,51.235,50.453,49.398,45.400,45.531,45.366,42.843,44.995,47.769,56.878,40.179,46.819,51.877,47.620,45.835,38.871,41.207,51.658,49.048,58.344,45.482,36.940,35.602,34.378,32.749,32.138,18.989,18.372,23.742,18.799,14.811,21.628,27.330,26.255,35.336,41.273,43.527,42.087,44.830,57.635,58.554,64.195,47.849,49.885,52.008,42.663,46.691,51.260,49.275,53.721,53.431,46.953,40.312,39.799,45.578,45.372,46.559,40.711,35.289,29.171,28.385,20.600,22.450,19.680,26.735,19.026,19.609,26.781,31.762,32.782,27.691,28.574,36.779,42.557,36.758,31.733,26.435,34.503,40.464,46.745,49.706,33.635,21.603,14.898,16.013,23.649,28.831,39.083,34.967,41.491,35.884,29.644,27.576,32.438,33.890,42.955,38.350,39.165,50.854,48.508,56.138,56.890,60.372,50.556,42.163,47.012,48.781,56.784,45.299,39.290,47.232,52.093,55.342,37.333,35.324,42.896,49.943,56.080,58.537,46.067,49.373,56.557,63.152,47.943,35.926,29.954,28.502,27.529,31.341,45.395,51.700,64.816,48.336,38.685,44.521,49.388,41.971,33.892,36.948,42.438,49.998,55.025,46.248,53.826,37.948,31.647,40.086,33.991,40.199,38.453,26.094,26.486,18.184,36.169,40.237,42.710,55.864,58.087,63.720,36.339,27.409,23.388,28.151,43.741,48.315,61.351,56.794,55.750,46.512,41.202,30.450,39.203,23.954,42.832
\string173,11.990,0,10.648,24.335,29.081,30.048,37.624,38.783,49.018,34.569,29.439,19.524,28.408,32.307,38.736,47.175,38.703,39.336,42.287,49.585,47.913,55.276,41.819,41.271,46.385,43.964,52.408,53.367,51.108,47.774,46.427,49.502,45.977,48.324,51.698,61.704,44.399,49.763,52.575,48.682,48.470,41.078,44.589,55.823,51.665,59.943,45.795,38.391,34.895,32.379,33.396,33.481,23.451,24.476,30.672,23.714,21.523,27.766,32.104,30.484,36.915,41.111,43.477,43.275,43.464,55.481,56.277,62.901,46.678,48.170,53.422,39.791,44.626,48.247,46.797,49.569,49.442,42.009,35.341,34.770,38.353,38.248,39.963,35.802,31.425,23.204,27.143,21.719,24.841,21.301,28.893,24.007,24.993,27.041,32.828,33.493,28.658,32.630,42.694,49.451,42.544,41.417,36.918,43.572,47.539,52.754,54.206,39.164,28.675,22.091,19.795,18.921,25.665,37.930,36.729,46.077,42.759,38.572,37.750,38.634,40.695,47.517,45.043,40.917,50.684,49.631,56.489,54.078,55.953,47.092,40.454,45.975,46.948,54.082,44.127,37.550,45.514,49.497,51.583,33.731,32.425,43.160,49.076,54.808,59.607,46.177,48.484,56.749,60.821,42.977,31.879,24.885,23.347,24.037,29.374,43.696,46.355,59.200,40.025,29.595,36.923,42.683,38.247,27.219,32.131,42.685,46.116,51.556,44.607,50.352,33.209,29.102,37.861,31.190,35.271,37.439,30.623,29.745,24.838,40.289,46.915,49.374,62.011,59.788,64.426,40.917,33.500,21.802,21.804,35.037,39.669,54.481,55.383,57.924,53.566,39.301,24.071,33.122,21.622,35.241
\string122,20.669,10.648,0,14.139,19.424,20.518,27.751,28.174,38.770,24.721,19.224,10.072,21.478,25.132,31.588,38.068,28.947,29.230,32.520,39.874,38.027,46.009,32.439,34.158,38.775,38.948,46.938,49.303,46.126,43.499,40.993,46.682,42.453,44.847,48.593,59.047,41.932,45.880,46.721,43.276,44.384,37.056,41.362,52.761,47.419,54.562,39.925,33.921,28.909,25.564,28.690,29.364,23.669,25.902,31.909,24.267,24.086,28.666,31.189,29.282,32.673,35.118,37.438,38.251,36.413,47.472,48.169,55.304,39.631,40.671,48.107,31.821,37.014,39.867,38.818,40.464,40.434,32.636,26.174,25.590,28.002,27.933,29.825,26.653,23.238,14.169,21.587,19.421,22.942,19.572,26.074,24.555,25.695,22.831,28.543,28.832,24.821,31.006,41.909,49.256,41.646,44.664,41.403,45.987,47.620,51.537,51.512,38.265,30.296,24.929,20.397,11.800,18.650,31.355,32.661,43.845,42.905,41.114,41.792,38.408,40.906,45.186,44.873,36.516,44.231,44.233,50.235,45.678,46.591,38.460,33.298,39.057,39.411,45.751,37.191,30.543,38.114,41.353,42.663,25.575,24.894,37.389,42.161,47.415,53.818,40.128,41.572,50.368,52.585,33.567,23.524,16.373,14.955,16.988,22.896,36.387,36.678,49.243,29.409,18.947,26.471,32.465,29.760,17.397,23.219,36.927,37.253,42.808,37.302,41.630,24.291,22.173,30.465,23.841,26.133,31.007,29.671,27.778,26.677,38.010,46.628,48.952,60.603,54.494,58.232,39.007,33.639,16.980,12.629,24.395,29.025,44.112,47.879,53.074,53.358,32.066,14.642,23.390,16.139,24.808
\string71,34.792,24.335,14.139,0,5.857,7.081,13.670,17.015,29.365,18.727,13.005,12.826,23.932,26.198,31.520,32.671,22.542,21.339,25.603,32.482,30.154,39.578,26.840,33.799,36.889,41.610,48.226,52.537,48.233,46.842,42.816,51.733,46.902,49.177,53.160,63.655,47.748,49.592,47.400,44.947,47.922,41.326,46.285,57.148,50.516,55.525,41.142,37.925,31.347,27.213,33.098,34.466,34.012,36.861,42.180,34.783,35.954,38.960,39.650,37.681,37.150,36.651,38.628,40.970,35.899,44.028,44.463,52.278,38.784,38.833,49.561,30.005,35.310,36.169,36.135,34.865,35.101,27.034,22.251,21.755,18.990,19.145,21.707,22.690,22.621,15.027,26.242,28.409,31.596,29.034,33.253,35.031,36.151,28.998,33.549,33.280,31.041,38.782,49.600,57.137,49.237,55.781,53.486,56.408,55.860,58.211,56.434,46.100,40.990,36.880,31.486,17.992,21.846,32.392,37.372,49.801,51.463,51.842,53.573,46.900,49.648,50.933,53.008,40.323,44.070,45.839,50.002,41.475,39.855,34.278,32.970,38.510,37.612,41.701,36.807,30.908,36.727,38.070,37.390,24.465,25.307,39.029,41.328,45.255,54.159,41.028,40.801,49.904,48.346,27.739,22.429,17.411,16.983,20.749,25.760,35.373,29.656,40.497,18.050,7.753,16.996,23.678,27.045,13.864,20.745,38.638,32.596,37.967,36.191,36.944,21.525,24.434,30.079,24.872,22.307,32.350,38.265,35.608,37.843,44.367,54.550,56.614,66.671,55.598,57.668,45.699,42.845,23.977,14.103,12.923,17.098,33.867,45.464,54.938,61.041,31.755,14.037,18.169,22.599,15.731
\string181,40.051,29.081,19.424,5.857,0,1.231,8.578,17.108,29.759,21.750,16.732,18.575,29.049,30.934,35.767,35.008,25.024,23.178,27.614,33.881,31.408,41.195,29.383,37.888,40.408,46.300,52.459,57.214,52.683,51.613,47.280,56.819,51.913,54.138,58.133,68.557,53.014,54.413,51.475,49.335,52.724,46.371,51.397,62.048,55.183,59.566,45.480,42.970,36.211,32.039,38.307,39.768,39.857,42.716,48.008,40.632,41.798,44.795,45.349,43.386,42.298,41.169,43.012,45.685,39.879,46.799,47.123,55.043,42.584,42.313,53.819,33.794,38.939,39.066,39.406,37.026,37.370,29.565,25.773,25.346,20.416,20.690,23.388,26.164,27.129,20.392,31.645,34.217,37.362,34.862,38.864,40.879,41.997,34.546,38.851,38.492,36.563,44.412,55.151,62.680,54.777,61.629,59.335,62.223,61.458,63.557,61.455,51.689,46.837,42.722,37.342,23.772,27.175,36.900,42.560,55.075,57.117,57.679,59.429,52.565,55.330,56.159,58.603,45.288,47.959,50.195,53.763,44.013,41.316,37.055,37.095,42.409,41.140,44.295,40.800,35.292,40.415,41.062,39.604,28.734,29.928,43.520,45.070,48.469,58.034,45.283,44.574,53.594,50.708,30.128,26.824,22.623,22.384,26.204,30.884,39.218,31.378,40.871,17.841,9.990,18.366,24.809,30.682,18.390,24.863,43.155,35.249,40.347,39.981,39.422,25.493,29.494,34.291,29.658,25.860,36.935,43.985,41.269,43.700,49.754,60.109,62.127,71.862,59.678,61.214,51.128,48.598,29.695,19.632,13.386,16.458,33.508,48.583,59.239,66.539,35.926,19.241,21.573,28.298,17.538
\string120,41.113,30.048,20.518,7.081,1.231,0,7.752,17.515,30.124,22.631,17.747,19.804,30.211,32.043,36.798,35.721,25.799,23.852,28.295,34.425,31.933,41.760,30.150,38.892,41.316,47.391,53.474,58.297,53.733,52.713,48.335,57.965,53.050,55.266,59.262,69.672,54.186,55.520,52.465,50.377,53.828,47.514,52.549,63.165,56.266,60.545,46.516,44.114,37.334,33.160,39.476,40.948,41.086,43.941,49.239,41.860,43.010,46.025,46.573,44.611,43.457,42.237,44.057,46.780,40.863,47.568,47.872,55.800,43.535,43.211,54.837,34.757,39.867,39.870,40.273,37.703,38.065,30.329,26.713,26.299,21.037,21.330,24.033,27.096,28.212,21.591,32.841,35.448,38.592,36.092,40.081,42.107,43.226,35.757,40.032,39.661,37.771,45.630,56.360,63.888,55.984,62.857,60.549,63.454,62.671,64.739,62.590,52.903,48.065,43.933,38.564,25.003,28.364,37.970,43.725,56.248,58.337,58.909,60.649,53.787,56.553,57.326,59.817,46.420,48.920,51.231,54.697,44.743,41.852,37.841,38.106,43.377,42.048,45.035,41.786,36.345,41.350,41.879,40.284,29.780,31.023,44.582,46.010,49.314,58.985,46.306,45.519,54.517,51.397,30.866,27.892,23.803,23.584,27.408,32.045,40.181,31.991,41.194,18.177,10.907,18.998,25.344,31.627,19.498,25.896,44.221,36.018,41.055,40.935,40.150,26.502,30.649,35.319,30.776,26.805,38.017,45.211,42.490,44.924,50.944,61.319,63.330,73.021,60.664,62.106,52.323,49.827,30.922,20.846,13.930,16.725,33.703,49.412,60.261,67.741,36.946,20.425,22.514,29.524,18.254
\string196,48.420,37.624,27.751,13.670,8.578,7.752,0,15.207,26.729,23.352,20.037,25.194,33.664,34.704,38.428,34.542,25.468,22.859,27.122,32.059,29.515,39.372,29.567,40.187,41.626,49.530,54.659,60.233,55.306,54.915,50.032,60.765,55.746,57.825,61.796,71.947,57.457,57.782,53.395,51.895,56.075,50.372,55.478,65.498,58.210,61.285,48.026,47.034,40.051,35.942,42.852,44.511,46.634,49.649,54.550,47.450,49.096,51.420,51.222,49.303,46.616,44.171,45.707,48.979,41.916,46.583,46.720,54.624,44.218,43.401,56.044,35.732,40.394,39.303,40.241,36.194,36.688,29.716,27.753,27.471,19.856,20.263,22.812,28.038,30.662,25.951,36.836,40.745,43.624,41.516,44.502,47.675,48.756,40.065,43.613,43.041,41.965,50.038,60.396,67.838,59.986,68.332,66.518,68.590,66.811,68.111,65.193,57.095,53.577,50.038,44.455,30.345,32.331,40.010,46.967,59.514,62.711,64.250,66.468,58.238,61.047,60.464,63.968,49.127,49.611,52.676,55.063,43.505,39.259,37.182,39.488,44.223,42.347,43.867,42.831,38.223,41.920,41.380,38.746,31.756,33.525,46.409,46.532,48.936,59.467,47.675,46.105,54.771,49.742,30.025,30.175,27.739,27.913,31.699,35.445,41.038,30.182,37.273,15.336,13.288,18.070,23.269,32.521,22.641,27.876,46.105,35.263,39.716,41.680,38.980,28.212,33.973,36.946,33.579,27.882,40.192,49.958,47.045,50.692,54.564,65.341,67.191,75.934,61.470,62.006,56.040,54.682,35.878,25.596,13.069,13.608,29.206,48.890,61.462,71.524,38.444,24.557,23.766,34.438,18.021
\string25,47.066,38.783,28.174,17.015,17.108,17.515,15.207,0,12.661,10.186,10.745,20.527,23.220,22.830,24.927,19.343,10.822,7.895,11.965,17.100,14.567,24.462,14.586,26.263,26.887,36.190,40.320,46.459,41.275,41.511,36.216,47.933,42.900,44.763,48.627,58.356,45.330,44.385,38.887,37.875,42.696,37.891,42.938,52.048,44.478,46.582,34.078,34.766,27.853,24.143,31.485,33.352,39.371,42.599,46.276,40.239,43.113,43.496,41.679,39.947,34.712,30.772,31.955,35.722,27.715,31.381,31.513,39.420,29.675,28.567,41.704,21.676,25.820,24.198,25.336,20.996,21.483,14.718,14.345,14.268,4.987,5.447,7.728,14.478,18.906,18.723,27.040,33.334,35.360,34.342,34.892,40.395,41.312,30.569,32.536,31.669,32.095,40.082,49.374,56.488,48.918,59.944,59.438,59.433,55.797,55.887,52.046,46.449,45.824,44.050,38.247,24.395,23.028,26.911,35.174,47.328,52.212,55.674,58.989,48.024,50.820,48.078,53.044,36.491,34.991,38.577,40.206,28.299,24.467,22.066,25.675,29.800,27.590,28.660,28.600,25.023,27.343,26.280,23.556,19.164,21.524,32.821,31.848,33.830,44.638,33.607,31.466,39.864,34.596,14.928,18.220,19.189,20.146,23.147,24.709,26.696,15.009,23.804,1.270,9.589,3.871,8.112,18.551,13.930,15.781,32.586,20.135,24.511,27.235,23.775,15.661,23.263,23.518,22.041,14.506,27.253,40.680,37.541,43.741,43.051,54.164,55.711,62.998,46.805,46.933,44.632,45.403,28.186,19.319,4.095,2.136,16.853,33.749,47.056,59.839,24.799,17.233,11.313,26.835,5.015
\string180,55.627,49.018,38.770,29.365,29.759,30.124,26.729,12.661,0,14.845,19.586,29.618,26.850,24.599,23.263,11.619,11.355,9.776,8.451,6.542,4.635,13.099,11.034,23.341,21.285,33.354,34.811,41.988,36.509,38.115,32.344,45.209,40.462,41.812,45.258,53.769,43.925,40.814,32.975,33.375,39.269,36.483,41.026,47.980,40.203,39.653,30.089,34.020,28.139,25.741,32.505,34.427,44.144,47.313,49.574,44.988,48.703,47.331,43.956,42.576,34.549,28.406,28.662,33.098,23.813,22.182,21.975,29.403,24.452,22.346,36.107,19.339,21.013,16.930,19.195,11.943,12.676,10.979,16.161,16.541,10.821,10.849,9.113,15.899,21.880,26.491,30.714,38.552,39.562,39.663,37.723,45.068,45.764,34.053,33.825,32.657,34.955,42.012,49.309,55.622,48.819,62.424,63.208,61.120,55.415,53.776,48.551,47.055,49.664,49.574,44.023,31.989,27.982,25.736,35.129,45.706,52.668,58.146,62.404,49.068,51.686,46.094,52.912,34.946,28.993,33.828,32.990,18.861,12.776,15.045,23.137,24.953,21.817,19.333,24.486,23.983,22.299,18.787,14.004,20.719,23.408,29.801,25.890,25.650,37.333,29.361,25.713,32.451,23.999,10.284,21.111,25.751,27.154,28.820,27.670,22.531,6.989,11.163,11.950,21.656,12.581,6.337,17.337,21.942,19.320,29.745,13.397,15.289,22.660,15.069,18.517,26.555,22.304,24.493,16.315,26.332,43.334,40.222,48.462,42.720,53.642,54.700,59.469,39.992,38.421,44.336,47.700,33.801,27.635,16.593,13.481,5.799,25.280,41.010,58.367,22.827,25.305,16.428,32.729,14.127
\string11,40.783,34.569,24.721,18.727,21.750,22.631,23.352,10.186,14.845,0,5.988,15.046,13.415,12.657,15.154,14.096,4.245,5.137,7.800,15.155,13.351,21.576,8.225,16.836,18.699,26.377,31.334,36.938,31.957,31.749,26.709,37.951,32.909,34.853,38.771,48.732,35.188,34.627,30.138,28.545,32.924,27.789,32.864,42.335,34.924,38.127,24.679,24.618,17.677,13.970,21.319,23.199,30.311,33.541,36.682,31.176,34.518,34.071,31.769,30.108,24.531,20.968,22.389,25.866,18.591,25.309,25.737,33.564,21.042,20.584,32.718,12.402,17.296,17.467,17.657,16.392,16.541,8.424,4.416,4.201,5.917,5.515,5.831,4.686,8.807,11.672,17.339,24.433,25.998,25.510,25.055,31.297,32.122,20.868,22.397,21.502,22.232,30.089,39.197,46.303,38.739,50.184,50.087,49.489,45.616,45.777,42.188,36.308,36.420,35.424,29.721,17.148,13.789,16.939,24.990,37.198,42.072,45.894,49.509,37.934,40.718,37.983,42.869,26.419,26.449,29.324,32.121,22.761,22.051,15.553,16.143,20.970,19.431,22.979,19.511,15.082,18.801,19.405,18.839,8.991,11.348,23.141,23.460,26.736,36.453,24.323,22.991,31.915,29.662,9.230,8.089,10.961,12.325,14.337,14.748,17.768,11.975,24.631,11.102,11.765,6.315,8.661,9.196,7.363,5.687,22.861,13.880,19.317,18.462,18.260,5.478,13.356,13.689,11.927,4.554,17.223,30.854,27.693,34.696,32.865,43.980,45.529,53.080,38.282,39.475,34.446,35.523,19.438,12.887,10.372,12.303,20.585,26.880,38.144,49.670,15.127,10.564,1.600,18.242,5.546
\string155,36.718,29.439,19.224,13.005,16.732,17.747,20.037,10.745,19.586,5.988,0,10.210,13.770,14.694,19.054,20.078,10.153,10.014,13.599,20.906,18.906,27.522,14.208,21.156,23.916,29.801,35.729,40.659,36.005,35.164,30.619,40.785,35.786,37.915,41.903,52.188,37.420,38.005,34.750,32.639,36.303,30.363,35.464,45.700,38.627,42.849,28.774,27.010,20.048,15.915,22.848,24.551,28.829,32.040,36.051,29.694,32.412,33.146,31.924,30.088,26.579,24.560,26.327,29.214,23.161,31.100,31.575,39.334,25.928,25.853,37.091,17.126,22.368,23.226,23.131,22.379,22.522,14.408,9.251,8.766,8.964,8.826,10.601,9.686,10.690,7.979,17.241,22.767,25.034,23.741,25.104,29.865,30.824,20.668,23.665,23.038,22.411,30.527,40.546,47.924,40.121,49.833,48.969,49.611,46.985,48.075,45.280,37.351,35.444,33.353,27.546,13.667,12.888,20.311,26.935,39.478,43.048,45.608,48.609,38.669,41.487,40.431,44.161,29.151,31.275,33.488,37.138,28.657,27.963,21.392,20.364,25.715,24.643,28.855,24.081,18.635,23.812,25.095,24.821,12.064,13.553,26.884,28.445,32.250,41.363,28.559,27.933,37.007,35.585,15.217,10.271,8.639,9.451,12.708,15.501,22.538,17.796,30.047,11.985,7.012,7.807,13.260,14.088,3.222,8.160,26.537,19.787,25.271,23.325,24.195,8.761,14.016,17.574,13.545,9.312,20.409,30.793,27.729,33.171,34.581,45.464,47.246,55.944,42.955,44.723,36.081,35.554,17.614,8.656,8.561,12.425,25.060,32.463,42.515,51.549,19.199,6.498,5.187,16.225,6.126
\string32,26.572,19.524,10.072,12.826,18.575,19.804,25.194,20.527,29.618,15.046,10.210,0,12.533,15.772,22.048,28.030,19.188,19.874,22.774,30.093,28.390,36.021,22.468,24.586,28.931,30.584,38.084,41.344,37.601,35.536,32.283,39.735,35.095,37.443,41.364,51.916,35.452,38.139,37.640,34.533,36.533,29.522,34.282,45.460,39.372,45.653,30.957,26.180,20.234,16.440,21.084,22.225,21.462,24.455,29.499,22.270,24.018,26.317,26.827,24.858,25.192,26.194,28.421,29.903,26.837,37.474,38.150,45.386,30.014,30.854,39.330,21.908,27.183,29.820,28.856,30.428,30.381,22.662,16.126,15.543,19.161,18.999,20.518,16.602,13.356,4.140,13.933,15.678,18.788,16.379,20.499,22.500,23.593,16.350,21.323,21.255,18.421,25.999,36.881,44.417,36.532,43.212,41.343,43.676,43.090,45.742,44.522,33.345,28.427,24.966,19.298,5.212,9.931,22.164,25.327,37.480,38.656,39.193,41.274,34.088,36.828,38.685,40.242,28.707,34.852,35.474,40.893,35.621,36.635,28.391,23.720,29.509,29.589,35.701,27.661,21.107,28.358,31.343,32.602,15.666,15.315,28.548,32.576,37.593,44.685,31.046,31.997,40.960,42.540,23.610,13.569,6.543,5.339,8.502,14.221,26.689,26.870,39.676,21.797,12.942,17.980,23.285,19.723,7.708,13.149,28.107,27.184,32.737,27.595,31.558,14.220,13.172,20.817,14.420,16.079,21.921,25.439,22.805,25.499,31.886,41.815,43.926,54.414,45.638,48.850,33.147,30.028,11.153,2.588,17.415,21.884,35.194,38.016,44.511,48.365,22.469,4.613,13.604,9.787,16.285
\string124,31.049,28.408,21.478,23.932,29.049,30.211,33.664,23.220,26.850,13.415,13.770,12.533,0,3.907,10.346,20.506,15.624,18.086,18.461,24.562,23.813,28.544,16.512,12.902,17.991,18.067,25.612,28.888,25.068,23.105,19.765,27.809,22.973,25.261,29.237,39.752,23.992,25.778,25.280,22.024,24.139,17.395,22.368,33.253,26.899,33.213,18.520,13.994,7.702,4.094,9.278,10.856,17.295,20.473,23.274,18.140,21.930,20.725,18.460,16.738,13.251,13.725,16.006,17.391,15.128,27.163,28.001,34.494,18.358,19.762,26.836,11.682,16.238,20.297,18.540,22.745,22.418,16.649,10.705,10.374,19.330,18.930,18.759,10.951,4.971,9.033,3.945,11.827,12.758,12.949,11.680,18.225,18.953,7.457,9.953,9.465,8.876,16.903,26.780,34.184,26.358,36.788,36.736,36.215,33.217,34.591,32.502,23.588,23.076,22.778,17.388,9.808,2.839,9.878,13.514,26.055,29.300,32.503,36.114,24.966,27.781,27.116,30.391,16.420,22.767,22.971,28.760,26.034,29.422,19.509,12.070,17.712,18.543,25.977,15.846,9.198,17.107,21.311,24.295,6.484,4.275,16.055,20.828,26.414,32.366,18.677,20.235,28.905,32.584,17.604,5.745,6.533,7.268,4.516,1.835,15.294,21.539,34.476,24.278,20.394,19.451,21.388,11.014,11.028,7.824,15.606,18.985,23.985,16.208,22.783,8.423,0.704,9.463,2.945,10.546,9.537,17.477,14.327,21.624,20.914,31.706,33.527,42.814,33.177,36.758,22.378,22.185,7.683,10.287,22.102,25.234,32.606,26.978,31.983,37.863,10.899,9.894,12.018,7.157,18.223
\string31,34.765,32.307,25.132,26.198,30.934,32.043,34.704,22.830,24.599,12.657,14.694,15.772,3.907,0,6.494,17.132,13.831,16.655,16.152,21.600,21.146,25.032,13.795,9.065,14.085,15.415,22.386,26.343,22.119,20.687,16.721,26.092,21.103,23.262,27.257,37.630,22.823,23.479,21.874,18.921,21.792,15.671,20.775,31.124,24.320,29.914,15.242,12.333,5.354,1.313,8.663,10.552,19.945,23.002,24.979,20.751,24.851,22.764,19.526,18.037,12.017,10.555,12.699,14.781,11.310,23.262,24.106,30.600,14.540,15.864,23.664,7.897,12.331,16.500,14.658,19.279,18.894,13.902,8.967,8.831,18.432,17.991,17.277,9.055,4.064,11.900,6.665,14.985,15.232,16.093,13.128,20.792,21.378,9.615,9.773,8.845,10.358,17.699,26.544,33.703,26.089,38.049,38.610,37.080,32.970,33.477,30.616,23.663,25.086,25.647,20.544,13.611,6.665,6.407,12.431,24.869,29.427,33.752,37.824,25.347,28.112,25.775,30.214,14.462,19.132,19.845,25.161,22.191,25.954,15.839,8.218,13.933,14.641,22.120,12.066,5.412,13.216,17.443,20.668,3.958,1.314,12.937,17.044,22.534,28.913,15.289,16.454,25.262,28.694,14.797,4.654,9.327,10.437,8.330,3.496,11.413,18.741,31.397,23.759,21.658,18.963,19.664,7.768,12.546,7.094,12.521,15.483,20.279,12.329,19.087,7.186,3.225,5.557,1.365,8.794,6.232,18.796,15.656,24.130,20.263,31.348,32.954,41.249,29.915,33.143,21.828,23.296,11.385,13.331,22.406,24.933,30.243,23.087,28.941,37.158,7.022,12.402,11.569,11.004,18.004
\string153,40.564,38.736,31.588,31.520,35.767,36.798,38.428,24.927,23.263,15.154,19.054,22.048,10.346,6.494,0,13.412,14.417,17.533,15.357,18.770,19.076,20.488,12.365,2.573,7.808,11.267,16.720,21.805,16.969,16.614,11.622,23.053,18.046,19.842,23.701,33.579,20.933,19.492,15.906,13.589,17.795,13.405,18.257,27.191,19.785,24.028,9.720,10.761,5.676,6.378,10.024,11.794,24.250,27.013,27.670,24.965,29.401,26.054,21.550,20.524,11.330,5.846,7.301,10.796,4.826,17.091,17.995,24.173,8.050,9.473,18.068,3.925,6.127,11.135,8.798,15.109,14.547,12.381,10.743,10.974,20.039,19.569,17.998,10.524,9.000,18.033,12.192,20.193,19.550,21.238,16.329,24.941,25.296,14.155,11.416,10.131,14.029,19.468,26.050,32.526,25.561,39.640,41.194,38.047,32.207,31.232,27.120,23.842,28.240,30.096,25.558,20.105,13.149,2.501,11.925,22.829,29.413,35.427,40.156,25.931,28.487,23.417,29.664,11.903,12.831,14.434,18.872,16.435,21.523,11.113,1.725,7.476,8.292,16.285,5.618,1.277,6.800,11.616,15.873,7.062,6.736,7.989,10.573,16.072,22.803,9.526,9.986,18.916,22.596,12.987,9.102,15.514,16.759,14.819,9.440,4.966,16.529,27.900,25.607,26.011,21.163,19.718,6.497,17.657,10.904,7.708,11.454,15.189,5.873,14.077,10.334,9.646,1.489,7.749,10.601,3.161,21.252,18.402,28.068,19.462,30.452,31.644,38.073,24.086,26.807,21.080,25.149,17.412,19.531,25.522,27.058,28.432,16.653,23.478,35.512,0.656,18.292,14.668,17.246,20.673
\string135,51.424,47.175,38.068,32.671,35.008,35.721,34.542,19.343,11.619,14.096,20.078,28.030,20.506,17.132,13.412,0,10.130,11.903,7.480,5.700,6.984,8.150,5.872,12.696,9.723,22.189,23.195,30.387,24.905,26.700,20.908,33.868,29.266,30.455,33.781,42.150,33.016,29.335,21.379,21.813,27.833,25.775,29.993,36.395,28.626,28.296,18.669,23.741,18.967,17.911,23.392,25.197,36.949,39.903,41.022,37.725,41.943,39.252,34.955,33.875,24.558,17.641,17.495,22.016,12.653,12.041,12.219,20.157,12.890,10.728,24.498,9.779,9.679,5.372,7.596,2.400,2.444,5.673,11.905,12.487,14.837,14.488,11.816,11.431,16.159,24.059,23.796,32.112,32.206,33.223,29.460,37.741,38.226,26.596,24.781,23.509,26.934,32.878,38.842,44.725,38.347,53.006,54.587,51.283,44.704,42.509,37.033,36.967,41.491,42.717,37.676,28.475,22.593,15.873,25.172,34.685,42.371,48.813,53.565,39.154,41.613,34.948,42.345,24.236,17.388,22.236,21.674,9.040,8.948,3.427,12.739,13.451,10.221,9.364,13.209,14.454,10.828,7.352,4.743,14.099,16.307,18.690,14.272,14.702,26.086,17.895,14.095,21.203,15.723,4.933,15.563,22.299,23.841,23.940,20.615,11.347,4.905,14.521,19.359,25.284,16.810,11.450,9.493,20.870,15.045,18.704,2.018,5.340,11.314,4.457,13.966,19.977,12.942,17.624,11.957,16.562,34.612,31.687,41.004,32.297,42.902,43.763,47.908,28.604,27.793,33.884,38.560,28.172,25.543,21.999,21.099,15.780,14.519,29.465,47.240,12.834,23.430,15.047,27.483,17.472
\string190,44.524,38.703,28.947,22.542,25.024,25.799,25.468,10.822,11.355,4.245,10.153,19.188,15.624,13.831,14.417,10.130,0,3.117,3.586,10.929,9.236,17.369,4.362,15.525,16.177,25.595,29.502,35.684,30.465,30.854,25.457,37.461,32.462,34.216,38.018,47.599,35.227,33.716,28.096,27.070,32.042,27.707,32.648,41.338,33.715,35.870,23.295,24.777,18.169,15.078,22.266,24.198,32.896,36.089,38.684,33.747,37.379,36.284,33.355,31.837,24.966,20.209,21.235,25.168,16.902,21.776,22.109,30.020,18.882,17.934,30.887,10.936,15.029,14.091,14.784,12.338,12.559,4.547,4.947,5.250,5.834,5.377,3.605,4.787,10.664,15.631,19.540,27.228,28.380,28.335,26.864,33.840,34.577,22.967,23.488,22.436,24.050,31.523,39.844,46.669,39.370,51.877,52.256,50.879,46.174,45.630,41.429,37.215,38.630,38.257,32.678,20.891,16.631,16.603,25.488,37.169,42.951,47.579,51.548,39.033,41.757,37.809,43.512,26.242,24.231,27.763,29.597,19.029,17.820,12.044,14.988,18.984,16.893,19.293,17.783,14.706,16.556,16.125,14.849,9.873,12.555,22.154,21.113,23.634,34.007,22.803,20.709,29.304,25.834,5.197,9.887,14.570,16.032,17.475,16.606,15.875,7.734,20.529,11.333,15.191,7.408,5.839,7.925,11.560,7.972,21.949,10.225,15.444,16.420,14.456,7.214,15.389,13.096,13.489,5.114,17.042,32.595,29.440,37.242,33.344,44.471,45.831,52.417,36.075,36.616,34.956,37.126,22.446,16.936,12.471,12.900,17.153,23.675,36.251,49.813,14.208,14.639,5.586,21.379,7.625
\string64,45.878,39.336,29.230,21.339,23.178,23.852,22.859,7.895,9.776,5.137,10.014,19.874,18.086,16.655,17.533,11.903,3.117,0,4.443,11.185,8.991,18.246,6.721,18.619,18.992,28.708,32.465,38.747,33.498,33.958,28.534,40.577,35.578,37.331,41.127,50.670,38.323,36.817,31.006,30.113,35.146,30.807,35.759,44.428,36.786,38.687,26.359,27.852,21.179,17.931,25.197,27.123,35.225,38.443,41.309,36.085,39.542,38.811,36.130,34.559,28.004,23.325,24.329,28.283,19.940,23.881,24.111,32.052,21.798,20.677,33.847,14.034,17.944,16.449,17.457,13.852,14.218,6.864,7.688,7.856,3.003,2.608,0.697,7.634,13.214,16.722,22.031,29.422,30.811,30.512,29.545,36.194,36.980,25.518,26.387,25.371,26.720,34.344,42.866,49.738,42.394,54.634,54.819,53.735,49.215,48.741,44.537,40.184,41.162,40.440,34.771,22.263,18.763,19.707,28.517,40.271,45.931,50.336,54.168,41.958,44.700,40.920,46.538,29.348,27.100,30.788,32.325,20.944,18.518,14.335,18.094,21.947,19.694,21.260,20.809,17.809,19.464,18.523,16.432,12.722,15.355,25.259,23.954,26.078,36.754,25.847,23.575,31.994,27.545,7.184,12.444,16.098,17.455,19.411,19.225,18.879,8.324,20.035,8.296,13.692,4.910,3.524,11.042,12.179,10.271,25.059,12.428,17.220,19.385,16.355,9.707,17.927,16.207,16.188,7.861,20.136,35.314,32.151,39.598,36.387,47.521,48.907,55.527,38.910,39.149,37.997,39.901,24.488,17.859,10.102,9.916,15.473,26.046,39.183,52.906,17.324,15.529,6.737,23.325,5.685
\string161,47.970,42.287,32.520,25.603,27.614,28.295,27.122,11.965,8.451,7.800,13.599,22.774,18.461,16.152,15.357,7.480,3.586,4.443,0,7.355,5.694,14.021,3.090,15.905,15.299,26.103,28.987,35.627,30.256,31.176,25.555,38.049,33.142,34.716,38.379,47.554,36.272,33.987,27.397,26.933,32.358,28.753,33.517,41.458,33.721,34.861,23.322,26.066,19.875,17.306,24.181,26.112,35.742,38.897,41.130,36.581,40.369,38.881,35.559,34.151,26.459,20.876,21.527,25.756,16.857,19.497,19.698,27.637,18.284,16.839,30.354,11.517,14.490,12.240,13.561,9.412,9.775,3.139,7.855,8.296,7.358,7.010,4.338,7.544,13.508,19.189,22.294,30.229,31.136,31.346,29.279,36.655,37.336,25.610,25.477,24.339,26.506,33.640,41.320,47.883,40.836,54.054,54.761,52.844,47.540,46.440,41.755,38.907,41.214,41.228,35.740,24.371,19.760,17.752,27.020,38.139,44.580,49.769,53.968,40.850,43.512,38.657,44.960,27.240,23.427,27.533,28.383,16.518,14.394,10.106,15.536,18.560,15.966,16.843,17.661,15.919,15.964,14.323,11.991,12.270,14.957,22.567,20.249,21.868,32.824,22.715,19.926,28.004,23.102,3.033,12.747,18.031,19.517,20.728,19.229,15.678,4.198,16.968,12.110,18.040,9.338,4.620,9.088,15.141,11.148,22.433,8.172,12.781,16.046,11.937,10.252,18.141,14.238,16.049,7.997,18.293,34.909,31.788,40.044,34.750,45.795,46.999,52.755,35.114,34.975,36.370,39.313,25.595,20.510,14.521,13.827,14.156,21.785,35.594,50.832,15.008,18.220,9.171,24.598,10.092
\string60,54.891,49.585,39.874,32.482,33.881,34.425,32.059,17.100,6.542,15.155,20.906,30.093,24.562,21.600,18.770,5.700,10.929,11.185,7.355,0,2.545,7.362,8.127,18.296,15.352,27.889,28.576,35.903,30.420,32.366,26.574,39.548,34.964,36.134,39.416,47.572,38.705,34.974,26.680,27.403,33.492,31.432,35.690,41.934,34.186,33.167,24.343,29.303,24.151,22.551,28.596,30.454,41.544,44.596,46.126,42.351,46.399,44.186,40.185,39.001,30.047,23.291,23.194,27.713,18.349,15.659,15.490,23.065,18.506,16.184,29.841,14.949,15.378,10.689,13.192,5.468,6.225,7.970,14.585,15.110,13.563,13.362,10.778,14.180,19.808,26.424,28.156,36.372,36.831,37.493,34.406,42.391,42.958,31.210,29.972,28.727,31.770,38.143,44.473,50.418,43.979,58.405,59.748,56.790,50.378,48.197,42.641,42.515,46.467,47.214,41.943,31.429,26.272,21.265,30.653,40.383,47.972,54.181,58.793,44.662,47.164,40.647,47.996,29.891,22.733,27.783,26.500,12.344,7.437,9.016,18.270,19.106,15.805,12.808,18.908,19.710,16.504,12.419,7.466,18.089,20.593,24.387,19.699,19.116,30.821,23.555,19.578,25.946,17.831,6.989,19.106,25.091,26.608,27.421,24.980,17.042,3.234,9.952,16.758,24.775,15.609,9.082,13.846,22.488,17.948,24.396,7.691,8.748,17.012,8.568,16.943,24.123,18.107,21.842,14.694,21.930,39.749,36.744,45.719,37.911,48.578,49.457,53.471,33.516,31.890,39.506,43.847,32.050,27.785,20.502,18.464,10.089,18.739,34.628,52.939,18.234,25.516,16.505,31.187,16.753
\string109,53.650,47.913,38.027,30.154,31.408,31.933,29.515,14.567,4.635,13.351,18.906,28.390,23.813,21.146,19.076,6.984,9.236,8.991,5.694,2.545,0,9.897,7.355,18.943,16.660,28.846,30.178,37.357,31.877,33.537,27.757,40.657,35.953,37.254,40.664,49.133,39.511,36.219,28.350,28.754,34.686,32.120,36.569,43.354,35.579,35.111,25.505,29.783,24.205,22.194,28.628,30.526,40.999,44.108,45.974,41.823,45.740,43.889,40.179,38.896,30.405,24.002,24.146,28.614,19.286,17.941,17.838,25.507,19.828,17.712,31.477,15.164,16.437,12.309,14.563,7.475,8.173,7.244,13.422,13.901,11.177,11.009,8.516,13.066,18.927,24.867,27.545,35.636,36.330,36.756,34.165,41.881,42.506,30.739,29.980,28.771,31.458,38.182,45.048,51.223,44.556,58.548,59.620,57.094,51.079,49.252,43.945,42.918,46.198,46.580,41.182,30.063,25.299,21.573,30.998,41.257,48.470,54.293,58.736,44.994,47.563,41.605,48.622,30.579,24.364,29.199,28.456,14.651,9.921,10.410,18.802,20.344,17.186,15.095,19.931,19.895,17.694,14.196,9.740,17.431,20.045,25.303,21.256,21.210,32.825,24.764,21.078,27.938,20.336,6.368,18.189,23.722,25.210,26.335,24.409,17.993,2.547,11.295,14.214,22.421,13.208,6.600,13.546,20.713,16.764,25.266,8.778,10.949,18.085,10.598,15.822,23.434,18.238,21.231,13.552,22.201,39.651,36.586,45.245,38.462,49.294,50.287,54.851,35.440,34.121,40.072,43.889,31.124,26.168,18.022,15.919,9.358,20.892,36.404,53.892,18.597,23.865,14.797,30.176,14.428
\string18,59.533,55.276,46.009,39.578,41.195,41.760,39.372,24.462,13.099,21.576,27.522,36.021,28.544,25.032,20.488,8.150,17.369,18.246,14.021,7.362,9.897,0,13.571,19.108,14.437,27.083,25.544,33.170,27.839,30.692,25.098,37.878,33.798,34.511,37.293,44.253,38.013,32.974,23.475,25.318,31.705,31.315,34.849,39.188,31.709,28.699,23.059,29.884,26.164,25.697,30.462,32.142,44.591,47.446,48.058,45.339,49.668,46.539,41.822,40.934,30.951,23.503,22.669,27.092,18.278,10.410,9.853,16.542,17.140,14.348,26.635,17.321,15.293,9.646,12.440,5.813,6.138,13.374,19.944,20.520,20.810,20.575,17.920,19.479,24.298,32.111,31.683,39.999,39.853,41.099,36.812,45.333,45.741,34.297,31.850,30.556,34.434,39.701,44.356,49.508,43.865,59.352,61.449,57.294,49.787,46.544,40.269,42.944,48.709,50.409,45.535,36.620,30.709,22.777,31.573,39.437,48.029,55.265,60.306,45.258,47.522,39.436,47.668,29.833,19.888,25.453,22.183,7.376,1.131,9.390,19.415,17.973,14.567,7.895,18.507,21.671,15.828,10.253,4.656,22.201,24.301,23.898,17.362,14.570,26.170,22.166,17.466,21.497,10.975,12.452,23.710,30.420,31.962,32.078,28.529,17.076,9.923,8.738,24.102,31.933,22.864,16.428,17.563,28.677,23.154,24.050,9.563,5.643,16.659,6.544,22.080,27.988,20.349,25.630,20.009,23.495,41.647,38.871,48.518,38.009,47.969,48.490,50.691,29.122,26.263,39.521,45.280,36.226,33.572,27.831,25.798,14.206,13.931,30.770,51.540,19.851,31.409,22.727,35.581,23.908
\string116,46.786,41.819,32.439,26.840,29.383,30.150,29.567,14.586,11.034,8.225,14.208,22.468,16.512,13.795,12.365,5.872,4.362,6.721,3.090,8.127,7.355,13.571,0,12.822,12.368,23.019,25.993,32.561,27.206,28.086,22.470,34.965,30.066,31.628,35.288,44.491,33.242,30.897,24.447,23.870,29.267,25.734,30.461,38.377,30.647,32.024,20.240,23.111,17.105,14.861,21.478,23.397,33.650,36.755,38.676,34.473,38.419,36.549,32.963,31.627,23.567,17.812,18.437,22.677,13.773,17.419,17.747,25.659,15.287,13.994,27.365,8.484,11.465,9.790,10.751,8.182,8.316,0.200,6.534,7.086,9.719,9.305,6.863,6.104,11.696,18.617,20.203,28.339,28.976,29.461,26.847,34.529,35.151,23.384,22.804,21.628,24.123,31.000,38.390,44.878,37.903,51.405,52.323,50.088,44.572,43.370,38.665,36.054,38.863,39.251,33.899,23.407,18.148,14.797,24.139,35.095,41.696,47.132,51.470,38.045,40.677,35.595,42.017,24.214,20.500,24.483,25.620,14.675,14.168,7.712,12.472,15.527,13.054,14.933,14.584,12.999,12.957,11.849,10.615,10.089,12.690,19.480,17.333,19.392,30.054,19.642,16.984,25.280,21.508,1.166,10.985,17.097,18.630,19.296,17.058,12.605,5.028,18.078,14.873,19.548,11.528,7.688,6.309,15.119,9.875,19.350,5.868,11.128,12.997,10.113,8.847,16.109,11.315,13.884,6.628,15.364,32.384,29.297,37.891,31.808,42.818,43.985,49.666,32.259,32.441,33.428,36.696,23.938,20.048,16.688,16.551,16.515,19.394,32.643,47.789,11.988,17.855,9.217,23.061,11.934
\string90,42.866,41.271,34.158,33.799,37.888,38.892,40.187,26.263,23.341,16.836,21.156,24.586,12.902,9.065,2.573,12.696,15.525,18.619,15.905,18.296,18.943,19.108,12.822,0,5.527,10.200,14.592,20.203,15.125,15.355,9.955,22.146,17.247,18.823,22.544,32.093,20.585,18.205,13.612,11.712,16.542,13.180,17.704,25.812,18.216,21.732,7.856,11.051,7.473,8.893,11.479,13.070,26.128,28.768,28.969,26.807,31.316,27.580,22.715,21.868,11.942,5.066,5.711,9.856,2.257,14.778,15.717,21.663,5.478,7.035,15.964,4.591,4.019,9.511,6.893,14.071,13.429,12.797,12.440,12.754,21.302,20.835,19.013,12.150,11.433,20.550,14.562,22.384,21.491,23.402,18.006,26.763,27.039,16.260,12.847,11.554,15.912,20.593,26.178,32.289,25.684,40.428,42.344,38.609,32.142,30.561,25.943,24.277,29.694,31.974,27.649,22.673,15.713,3.899,12.562,22.372,29.682,36.278,41.218,26.485,28.920,22.809,29.716,11.638,10.360,12.489,16.387,14.407,20.186,9.929,0.867,4.922,5.916,14.208,3.084,3.721,4.368,9.632,14.452,9.363,9.288,6.678,8.007,13.541,20.399,7.491,7.421,16.404,20.304,13.237,11.464,18.046,19.312,17.385,11.929,2.530,16.420,26.938,26.848,28.040,22.597,20.436,7.737,19.959,13.076,6.529,10.680,13.609,3.395,12.580,12.395,12.200,3.800,10.321,12.316,4.600,22.571,19.882,29.790,19.615,30.354,31.361,36.944,21.818,24.291,21.210,26.186,19.847,22.058,27.182,28.374,28.221,14.146,21.396,35.051,2.120,20.761,16.534,19.738,22.266
\string52,48.351,46.385,38.775,36.889,40.408,41.316,41.626,26.887,21.285,18.699,23.916,28.931,17.991,14.085,7.808,9.723,16.177,18.992,15.299,15.352,16.660,14.437,12.368,5.527,0,12.806,13.732,20.710,15.240,17.025,11.237,24.225,19.761,20.810,24.066,32.543,23.757,19.623,12.098,12.096,18.143,16.886,20.642,26.695,18.919,19.701,9.027,15.526,12.988,14.148,16.844,18.311,31.611,34.196,34.084,32.276,36.807,32.874,27.754,27.060,16.692,9.131,8.258,12.745,3.987,9.286,10.205,16.568,3.169,1.957,15.084,7.071,1.768,4.956,2.177,10.272,9.522,12.260,14.680,15.150,21.940,21.500,19.204,14.267,15.576,24.805,19.996,27.904,26.997,28.926,23.425,32.223,32.463,21.786,18.182,16.902,21.412,25.619,29.957,35.390,29.465,44.954,47.266,42.857,35.531,32.896,27.310,28.509,34.929,37.451,33.175,27.590,20.722,9.414,17.310,25.303,33.610,40.901,46.054,30.834,33.085,25.453,33.324,15.398,8.134,12.547,13.458,8.964,15.558,6.336,6.190,3.769,0.732,8.729,4.079,9.072,1.402,4.336,9.881,13.270,14.007,9.490,4.967,8.663,17.844,8.214,4.627,13.221,14.801,12.283,15.388,22.432,23.821,22.364,17.222,3.028,14.363,22.795,27.229,30.420,23.584,19.889,9.844,23.363,16.384,9.621,7.890,8.795,2.335,7.979,15.475,17.304,8.528,15.205,14.609,10.102,27.738,25.181,35.199,23.574,33.715,34.398,38.193,19.918,20.819,25.095,31.078,25.214,26.351,28.580,28.892,25.432,9.104,20.295,37.714,7.187,24.769,18.858,25.009,23.649
\string154,42.718,43.964,38.948,41.610,46.300,47.391,49.530,36.190,33.354,26.377,29.801,30.584,18.067,15.415,11.267,22.189,25.595,28.708,26.103,27.889,28.846,27.083,23.019,10.200,12.806,0,8.554,10.929,7.203,5.385,2.967,11.946,7.108,8.633,12.438,22.420,10.955,8.256,9.218,4.903,6.551,4.789,7.839,15.973,8.906,15.983,4.174,5.780,10.375,14.416,10.570,10.670,24.038,25.795,23.840,24.456,29.039,23.561,17.590,17.626,7.381,5.421,4.703,0.699,9.565,19.355,20.402,23.180,9.943,12.752,9.471,14.707,12.513,17.762,14.959,23.039,22.303,22.990,21.983,22.179,31.285,30.815,29.135,21.781,19.181,27.038,17.375,22.630,20.279,23.342,15.983,24.303,24.137,16.923,11.203,10.471,15.414,15.589,17.336,22.594,16.850,32.948,36.042,30.509,22.734,20.425,15.856,16.375,25.189,29.441,26.707,27.178,20.682,9.523,7.769,12.517,21.056,29.116,34.629,18.803,20.761,12.767,20.588,3.775,9.318,5.796,13.582,20.647,28.212,18.972,10.632,9.121,12.559,20.247,8.983,11.317,11.501,16.830,22.635,17.796,16.373,3.557,10.262,15.961,15.859,5.087,9.954,14.102,24.331,23.395,19.537,24.480,25.333,22.229,16.366,10.865,26.375,35.576,36.852,36.813,32.430,30.634,17.683,27.919,21.705,3.672,20.210,21.468,10.890,20.750,21.318,17.456,12.702,16.738,21.836,9.393,18.123,16.557,26.567,11.265,20.917,21.611,26.826,15.824,21.003,12.650,20.209,22.389,28.347,36.724,38.320,37.959,16.860,14.137,25.060,11.401,27.719,25.784,22.939,31.914
\string66,51.235,52.408,46.938,48.226,52.459,53.474,54.659,40.320,34.811,31.334,35.729,38.084,25.612,22.386,16.720,23.195,29.502,32.465,28.987,28.576,30.178,25.544,25.993,14.592,13.732,8.554,0,7.643,2.793,7.250,5.995,13.315,10.926,10.396,12.127,18.998,15.535,8.298,2.109,3.727,7.705,12.590,12.616,13.645,6.404,7.625,7.145,14.324,18.031,21.644,19.035,19.224,32.456,34.027,31.431,32.829,37.366,31.568,25.442,25.758,15.915,11.893,9.688,9.216,12.745,15.771,16.691,16.687,10.707,12.469,1.387,18.933,14.539,17.905,15.684,23.165,22.392,25.901,26.978,27.320,35.335,34.879,32.742,26.659,25.628,34.284,25.532,31.177,28.815,31.896,24.511,32.660,32.414,25.397,19.742,18.950,23.951,23.586,22.408,25.506,21.984,38.679,42.626,35.689,26.340,21.598,14.826,22.635,32.988,37.713,35.222,35.139,28.377,15.987,16.268,16.145,26.104,35.263,41.047,25.059,26.397,15.580,24.903,12.087,5.845,2.780,5.849,18.239,26.630,19.774,15.368,10.520,13.112,17.737,11.828,17.333,13.037,16.190,21.844,23.782,23.067,9.563,8.924,11.525,7.308,7.199,9.141,6.583,19.483,25.991,25.797,31.709,32.751,30.002,24.070,13.650,27.997,34.274,40.757,42.631,36.824,33.595,22.143,34.363,27.606,10.019,21.516,20.496,13.084,20.230,26.971,24.946,18.182,23.751,26.862,16.173,26.178,24.925,34.727,17.715,24.600,24.440,25.163,7.565,12.522,18.663,27.548,30.709,35.698,41.604,42.377,38.465,12.385,6.812,26.758,16.534,34.748,31.111,31.146,36.658
