,0,89,98,27,39,21,80,78,67,60,26,81,41,44,43,72,73,63,52,55,92,70,10,93,85,13,94,42,49,25,22,45,28,34,90,1,96,91,56,16,61,38,77,14,12,7,57,6,18,86,65,75,31,99,29,83,84,71,95,11,47,48,76,88,30,58,15,69,19,62,23,53,50,33,68,54,51,79,97,40,46,20,24,5,9,66,37,87,4,35,8,64,82,17,74,3,2,32,36,59
0,0,29.306,31.541,32.757,32.017,31.359,31.938,30.896,33.648,33.190,32.382,32.478,32.248,31.070,31.987,32.859,34.127,32.419,33.603,32.463,31.170,33.886,33.429,32.880,31.572,32.484,31.903,33.038,31.193,32.117,30.596,31.437,32.322,33.446,32.381,30.082,32.016,31.624,32.213,31.271,32.072,32.763,31.421,32.246,32.242,31.737,31.661,33.594,32.049,33.167,34.120,32.561,32.993,34.015,33.639,31.767,33.916,33.875,33.100,33.226,34.261,31.709,31.006,32.826,31.868,30.247,31.639,31.803,32.909,33.317,31.387,31.811,33.298,33.403,33.122,33.548,31.515,32.821,32.561,30.724,34.309,32.714,31.265,33.528,34.505,32.536,30.740,33.727,32.005,32.382,32.455,32.040,35.059,33.479,32.295,31.405,32.833,31.381,32.467,34.851
89,29.306,0,30.125,33.368,31.351,32.837,33.232,33.508,32.566,30.788,31.652,30.407,32.462,30.387,31.574,32.697,31.253,30.573,31.511,33.727,31.243,32.054,32.985,32.500,32.105,30.980,31.769,32.178,31.099,32.122,32.720,31.287,32.737,32.213,32.963,30.857,32.854,32.390,30.467,32.425,33.566,32.073,33.158,31.176,31.662,32.522,31.453,34.726,32.431,32.828,33.921,32.571,32.813,32.942,33.624,31.128,32.404,33.172,34.369,34.155,32.075,31.663,31.730,32.190,32.345,30.915,32.522,34.098,32.874,32.431,30.370,30.883,34.084,33.825,32.130,31.553,32.307,32.799,33.611,31.741,32.987,33.056,32.839,33.500,31.692,32.963,33.434,31.713,32.513,32.750,31.805,30.711,32.131,32.000,32.063,31.973,33.534,32.925,31.199,33.067
98,31.541,30.125,0,28.385,29.735,30.311,30.373,31.526,30.192,30.909,30.829,29.069,32.497,30.285,31.191,32.209,31.235,30.311,30.083,30.774,30.381,30.236,31.231,31.576,30.774,30.065,29.623,33.042,30.655,31.156,30.026,31.083,31.587,31.439,30.329,31.221,29.120,30.009,31.226,31.009,30.756,31.351,30.375,29.396,29.252,31.894,32.809,32.564,30.599,30.918,31.554,31.051,30.343,31.619,32.875,30.959,32.143,32.147,30.488,31.863,30.282,31.307,31.476,31.462,31.569,30.223,33.435,32.769,31.920,30.510,30.593,32.802,31.862,31.355,31.180,31.279,31.218,33.959,29.413,31.960,33.158,33.638,29.740,30.036,30.335,33.030,32.422,33.599,31.416,32.103,31.102,31.243,30.899,33.397,30.949,31.556,31.349,32.260,31.577,31.276
27,32.757,33.368,28.385,0,29.533,30.120,31.527,32.193,30.077,31.697,33.380,31.665,31.595,30.897,32.734,32.159,31.579,30.966,32.362,30.581,30.255,30.491,31.422,32.226,30.012,31.557,31.744,33.132,32.089,32.221,30.828,30.161,30.532,32.037,31.903,32.935,33.669,32.478,30.313,30.175,32.493,32.365,31.272,31.554,30.369,31.735,32.181,31.944,31.958,31.055,30.964,30.818,31.292,33.520,34.905,32.554,33.492,30.876,30.854,32.967,30.503,31.281,32.233,33.310,32.399,33.255,32.483,33.616,33.484,31.690,33.683,33.215,32.217,31.484,31.309,34.546,32.423,31.281,30.880,31.125,33.852,33.156,33.514,31.945,31.237,33.060,31.459,33.437,32.374,31.867,31.971,33.334,32.531,33.782,33.006,33.831,31.889,34.668,33.414,33.400
39,32.017,31.351,29.735,29.533,0,30.349,30.997,31.619,31.540,32.901,31.664,31.840,32.954,31.307,31.954,31.223,30.639,31.876,31.412,31.905,33.039,32.601,31.615,34.200,31.336,31.149,32.097,33.869,33.034,32.451,32.004,31.334,33.437,30.769,30.509,32.390,31.732,32.245,33.009,32.249,33.259,31.270,32.069,31.876,32.041,32.639,33.859,30.967,33.252,31.267,32.390,32.536,31.112,30.579,31.362,32.156,33.185,32.403,30.992,32.355,30.659,33.465,33.376,32.128,30.909,32.855,31.130,32.415,31.410,32.885,31.873,31.485,31.763,32.645,33.601,30.946,31.290,32.357,35.118,33.074,32.267,31.799,32.279,32.239,31.162,32.857,31.982,34.175,32.116,32.245,30.921,31.911,34.141,31.951,32.598,31.815,32.440,33.585,34.189,33.078
21,31.359,32.837,30.311,30.120,30.349,0,30.279,32.160,31.983,32.705,32.370,31.407,31.693,31.114,32.032,31.332,31.175,30.972,33.826,32.531,31.719,32.789,32.813,33.045,30.836,31.240,31.012,32.557,31.124,32.428,31.615,33.528,30.853,33.077,33.030,32.798,32.480,33.138,32.233,32.206,33.368,33.495,31.522,31.917,31.378,32.088,33.641,32.915,32.481,31.489,34.463,31.170,33.221,31.868,33.091,33.078,34.228,31.605,31.571,34.083,32.300,33.746,32.146,33.247,33.959,32.571,34.773,33.870,31.674,30.817,31.652,32.007,32.749,32.783,32.755,32.632,31.139,32.763,30.867,31.774,34.689,31.993,32.185,32.725,31.995,33.686,33.885,32.983,32.865,33.813,32.513,33.451,32.739,34.325,32.591,31.645,31.007,34.114,33.951,31.987
80,31.938,33.232,30.373,31.527,30.997,30.279,0,29.901,31.570,34.810,31.964,30.771,32.974,32.401,31.587,32.726,31.876,32.323,32.170,31.924,31.808,32.629,33.158,34.309,32.463,31.726,31.965,33.763,33.193,33.634,33.078,32.774,32.572,32.364,32.883,34.140,33.931,33.391,34.213,32.748,32.991,31.793,31.096,33.748,32.113,32.243,33.166,32.357,31.369,33.444,32.785,32.207,31.487,31.485,32.209,33.654,34.785,34.642,34.010,34.038,31.955,32.754,32.944,31.701,31.163,31.436,31.797,33.800,30.511,33.223,33.696,34.526,31.292,32.019,32.734,32.843,31.991,31.486,30.972,32.985,31.844,32.660,32.609,32.498,31.604,30.128,32.377,32.271,32.063,32.791,33.600,32.010,33.899,36.145,32.801,34.259,34.959,33.332,33.041,33.401
78,30.896,33.508,31.526,32.193,31.619,32.160,29.901,0,30.140,32.019,32.433,32.201,33.868,31.625,33.869,30.443,31.277,31.648,30.905,31.815,32.921,35.493,32.919,33.431,32.718,33.477,32.180,33.413,32.404,32.345,31.863,31.170,31.202,32.798,33.218,33.429,32.791,33.767,32.027,33.366,34.056,33.357,31.895,32.006,31.901,30.522,33.428,34.232,32.813,32.814,34.056,31.000,31.575,32.597,33.426,32.800,33.345,33.702,31.360,34.000,31.763,32.062,33.757,34.443,31.707,32.317,33.528,31.149,32.834,33.483,32.107,32.017,33.690,34.723,33.495,33.264,33.544,32.092,30.547,32.633,33.043,33.363,30.348,32.932,33.099,33.493,31.727,32.550,32.334,31.955,34.000,34.199,33.640,33.976,33.877,35.377,33.569,32.048,32.768,32.609
67,33.648,32.566,30.192,30.077,31.540,31.983,31.570,30.140,0,47.969,48.093,46.780,48.680,46.768,48.252,47.639,47.097,46.939,47.471,47.725,47.277,48.376,48.405,49.107,47.246,47.429,47.326,49.345,47.716,48.301,47.362,47.098,47.491,48.194,48.146,48.325,48.277,48.494,47.442,47.829,49.061,48.351,47.437,47.385,46.926,47.654,48.862,49.120,48.071,47.990,49.016,47.352,47.531,48.282,49.467,48.263,49.619,48.740,47.696,49.686,47.161,48.021,48.479,48.907,47.838,47.642,48.747,49.017,48.265,48.210,47.790,48.260,48.770,48.940,48.476,48.640,48.069,48.264,46.894,47.922,49.392,49.070,47.556,48.363,47.586,48.834,48.162,49.036,48.257,48.439,48.381,48.486,48.988,49.859,48.736,49.106,48.745,49.261,48.835,48.904
60,33.190,30.788,30.909,31.697,32.901,32.705,34.810,32.019,47.969,0,5.680,5.533,5.727,3.532,6.635,5.461,5.307,3.147,5.213,6.231,5.544,6.929,4.737,3.496,5.336,5.615,4.902,4.447,4.106,3.490,5.435,4.740,5.175,5.608,6.371,5.583,6.478,5.763,2.441,5.841,6.564,6.433,6.716,2.771,4.185,5.147,5.447,8.417,6.174,4.630,6.837,4.610,6.092,7.594,8.314,3.740,3.226,4.679,6.143,6.064,5.324,4.661,5.709,7.283,7.311,6.770,8.799,6.771,8.204,4.782,4.618,4.711,7.975,7.449,4.626,6.649,6.829,7.478,8.233,5.274,7.484,7.060,6.515,5.752,5.920,9.037,7.435,6.040,5.572,5.207,5.234,6.798,3.931,4.809,5.489,7.499,5.245,6.646,4.687,4.898
26,32.382,31.652,30.829,33.380,31.664,32.370,31.964,32.433,48.093,5.680,0,3.200,4.915,3.638,2.704,4.693,4.587,3.926,4.082,4.973,5.344,6.403,3.908,4.822,5.022,3.167,2.971,4.142,4.232,3.338,5.178,5.610,6.157,3.186,3.883,4.890,4.464,3.851,6.534,5.535,4.325,2.917,4.074,4.253,4.318,4.555,5.243,5.540,3.680,4.517,5.797,4.818,3.914,3.387,3.412,3.164,3.686,6.230,6.471,4.002,4.947,5.120,4.477,2.957,3.895,3.551,5.975,5.182,3.272,4.636,3.565,5.060,4.305,5.096,4.644,2.675,3.274,6.248,8.113,5.420,4.037,4.257,4.389,3.724,4.442,5.154,5.933,4.953,2.479,4.147,3.840,3.232,5.179,5.638,2.403,5.247,5.888,4.027,3.908,3.933
81,32.478,30.407,29.069,31.665,31.840,31.407,30.771,32.201,46.780,5.533,3.200,0,5.292,3.917,3.500,6.193,4.731,3.257,4.458,5.349,4.343,4.908,4.588,4.784,5.133,2.680,2.773,4.927,4.411,4.454,5.808,6.093,5.906,4.402,5.247,6.184,5.760,4.665,6.063,5.586,4.885,4.096,4.542,4.248,3.241,5.538,5.644,6.792,3.299,5.036,5.755,4.790,4.455,5.045,6.062,4.356,4.876,6.392,7.310,5.654,4.535,5.077,4.858,3.876,5.591,4.305,7.550,7.512,4.811,4.002,5.039,6.883,5.208,4.913,3.686,4.778,4.686,6.960,6.812,5.830,5.505,6.193,5.872,3.807,3.395,5.908,7.371,5.241,4.074,5.402,4.938,4.097,3.834,7.431,3.377,6.628,6.577,6.231,4.082,4.174
41,32.248,32.462,32.497,31.595,32.954,31.693,32.974,33.868,48.680,5.727,4.915,5.292,0,3.398,3.610,5.358,5.830,3.853,7.213,4.589,3.138,5.146,3.949,3.522,2.393,3.857,3.983,2.659,3.592,3.610,4.415,5.341,3.998,4.820,5.358,4.981,7.162,4.904,4.847,2.834,4.373,4.696,4.061,5.277,4.234,4.391,3.417,5.071,3.911,3.820,5.291,3.943,5.688,6.235,6.353,4.332,4.968,3.686,6.491,4.685,5.919,4.539,2.677,4.712,6.061,5.590,6.167,6.392,5.365,3.634,5.837,5.402,4.597,3.888,3.137,6.623,3.328,4.531,7.754,2.385,6.237,3.525,7.199,5.060,5.475,5.548,5.420,4.842,3.729,4.400,4.015,5.199,5.467,6.069,3.630,5.267,4.383,6.172,5.146,5.588
44,31.070,30.387,30.285,30.897,31.307,31.114,32.401,31.625,46.768,3.532,3.638,3.917,3.398,0,3.900,4.347,4.628,1.939,5.096,4.485,3.450,5.709,3.435,3.147,2.866,3.322,2.787,3.193,2.352,2.000,3.525,3.821,4.160,4.020,4.493,3.779,5.453,3.968,3.420,3.598,4.590,4.304,4.158,2.767,2.867,3.617,3.846,6.182,4.010,3.314,5.661,3.382,4.642,5.782,6.270,2.326,3.596,4.196,5.553,4.578,4.772,3.673,3.286,4.948,5.242,4.508,6.496,5.507,5.672,3.618,3.583,3.898,5.573,5.315,3.445,5.319,3.837,5.615,7.489,3.042,6.057,4.659,5.364,4.451,4.888,6.547,5.376,5.061,3.219,3.738,3.345,4.656,4.711,4.915,3.288,5.339,4.331,5.177,3.999,4.732
43,31.987,31.574,31.191,32.734,31.954,32.032,31.587,33.869,48.252,6.635,2.704,3.500,3.610,3.900,0,6.097,5.686,4.403,6.040,5.225,4.198,4.963,4.318,4.857,4.268,2.250,3.386,4.046,4.298,4.153,5.355,6.074,6.282,3.877,4.298,4.740,5.832,3.809,6.686,4.469,3.783,2.806,3.974,5.295,4.566,5.454,4.492,4.953,3.180,4.794,5.423,5.395,4.911,4.540,4.393,3.856,4.908,6.023,7.476,4.361,5.765,5.231,3.265,1.614,4.685,3.710,5.412,6.609,3.366,4.413,4.931,5.987,3.666,3.681,4.017,4.314,2.126,5.881,8.431,4.691,4.808,3.922,6.336,4.361,4.592,4.213,6.032,5.165,3.012,4.799,3.517,2.337,5.654,6.405,1.861,4.336,5.980,5.339,4.491,5.340
72,32.859,32.697,32.209,32.159,31.223,31.332,32.726,30.443,47.639,5.461,4.693,6.193,5.358,4.347,6.097,0,3.599,4.248,5.321,4.807,6.736,8.502,4.223,5.670,4.980,5.829,4.942,4.592,5.369,4.026,5.455,5.397,4.524,4.436,5.695,6.917,6.752,6.703,5.998,6.279,6.782,5.665,5.105,5.268,5.265,3.111,6.418,5.957,6.049,4.043,6.790,3.374,4.861,4.628,5.302,5.248,4.824,5.002,4.565,5.445,4.789,6.038,6.448,6.736,5.494,6.984,7.273,4.292,5.299,5.458,5.438,4.235,5.773,6.880,5.987,5.670,5.387,5.030,8.132,5.593,5.607,4.099,5.392,5.403,5.793,7.159,5.829,5.290,4.327,4.259,5.597,7.185,6.304,5.726,5.802,7.638,5.295,5.774,6.311,4.275
73,34.127,31.253,31.235,31.579,30.639,31.175,31.876,31.277,47.097,5.307,4.587,4.731,5.830,4.628,5.686,3.599,0,3.526,4.506,5.738,6.741,7.006,4.218,6.165,5.465,4.569,5.038,5.128,6.073,5.056,7.013,6.033,5.749,3.640,5.949,7.859,7.452,7.091,6.094,6.874,7.395,5.102,6.109,5.305,5.000,5.213,6.916,6.285,6.175,4.248,6.364,4.413,4.768,3.874,5.607,5.611,4.917,5.206,6.141,6.263,2.941,6.587,7.069,6.059,5.994,7.485,7.740,7.066,5.163,5.086,5.946,5.517,5.814,6.521,5.525,4.815,5.821,5.667,8.699,6.782,5.070,5.113,7.077,5.256,3.236,7.139,7.679,5.019,5.126,5.348,5.360,6.440,4.906,6.227,5.762,8.000,6.395,7.523,6.335,3.633
63,32.419,30.573,30.311,30.966,31.876,30.972,32.323,31.648,46.939,3.147,3.926,3.257,3.853,1.939,4.403,4.248,3.526,0,4.756,4.743,3.840,5.461,3.534,3.256,3.530,3.290,2.790,3.182,2.968,2.829,4.656,4.671,3.735,4.145,5.315,5.419,6.095,5.003,3.405,4.567,5.339,4.772,4.614,2.949,2.505,3.911,4.621,6.601,4.147,3.335,5.741,2.836,4.697,5.521,6.548,3.485,3.684,3.971,5.726,5.316,3.947,4.215,4.311,5.318,5.964,5.376,7.529,6.438,5.690,2.918,4.273,4.732,5.764,5.420,3.061,5.389,4.664,5.711,6.807,4.111,5.997,5.152,5.860,4.275,3.880,6.834,6.563,4.428,3.912,4.395,4.236,5.313,3.238,5.687,3.876,6.413,4.666,6.102,4.136,3.543
52,33.603,31.511,30.083,32.362,31.412,33.826,32.170,30.905,47.471,5.213,4.082,4.458,7.213,5.096,6.040,5.321,4.506,4.756,0,5.233,6.745,7.303,4.375,5.883,6.629,5.486,5.102,6.192,6.398,4.766,6.481,4.789,6.925,3.747,5.023,7.167,6.014,5.728,6.482,6.929,6.255,4.376,5.863,4.636,4.805,5.246,6.662,7.097,5.463,5.539,5.540,5.353,3.107,5.239,6.046,4.633,3.966,7.154,6.476,5.311,3.660,5.170,7.097,5.733,4.312,6.069,7.113,5.914,6.170,6.442,5.801,6.614,6.146,6.789,5.558,5.004,6.710,7.034,8.397,7.250,4.436,6.943,5.388,4.380,4.586,6.997,6.611,6.111,4.409,4.275,5.711,5.728,5.326,6.386,5.426,8.635,7.631,5.785,4.841,4.774
55,32.463,33.727,30.774,30.581,31.905,32.531,31.924,31.815,47.725,6.231,4.973,5.349,4.589,4.485,5.225,4.807,5.738,4.743,5.233,0,4.458,5.907,2.734,4.579,3.501,5.051,4.011,5.364,5.425,3.885,3.487,4.124,4.281,4.078,3.845,6.618,6.195,4.647,6.030,3.516,3.779,4.289,2.368,5.018,3.355,3.636,5.507,4.176,3.635,3.604,3.270,3.183,2.595,5.753,6.265,5.001,5.144,4.940,4.172,3.474,4.214,4.185,5.204,5.417,4.380,6.040,6.122,4.865,5.527,4.904,6.978,7.068,3.538,3.730,4.003,7.016,4.831,5.091,6.423,4.759,5.564,5.351,5.557,2.889,5.139,5.747,3.859,6.443,3.057,2.997,4.982,6.406,5.988,7.195,4.718,7.613,5.344,5.816,5.817,5.398
92,31.170,31.243,30.381,30.255,33.039,31.719,31.808,32.921,47.277,5.544,5.344,4.343,3.138,3.450,4.198,6.736,6.741,3.840,6.745,4.458,0,4.409,4.632,3.179,3.285,4.150,3.659,4.152,3.513,4.032,4.081,4.845,4.191,5.620,5.729,5.082,7.075,4.424,4.401,2.519,3.823,5.037,3.858,4.837,3.139,4.767,3.295,6.576,2.817,4.933,5.082,4.178,5.431,7.487,7.843,4.351,5.453,5.231,7.151,5.409,6.043,3.167,2.609,5.078,6.188,4.680,6.864,7.165,6.514,4.112,6.260,6.923,5.471,4.124,2.172,7.561,4.719,5.803,6.294,2.777,6.946,6.015,6.949,4.824,5.669,5.897,5.610,5.568,4.071,4.669,5.014,5.219,5.147,7.449,3.879,6.526,5.703,6.300,4.302,6.270
70,33.886,32.054,30.236,30.491,32.601,32.789,32.629,35.493,48.376,6.929,6.403,4.908,5.146,5.709,4.963,8.502,7.006,5.461,7.303,5.907,4.409,0,4.871,5.451,4.828,3.831,5.325,6.361,6.364,6.076,6.598,6.738,7.149,5.486,5.616,7.268,7.807,5.293,6.556,4.597,5.126,5.108,6.036,5.987,4.574,7.783,6.222,6.185,5.061,5.266,4.308,6.554,5.978,7.428,8.245,5.963,6.314,5.633,8.008,5.823,5.525,6.129,5.536,4.986,7.390,7.222,7.811,9.506,7.209,4.780,7.971,8.756,5.565,3.505,3.808,7.519,5.746,7.666,8.845,6.371,7.349,7.308,9.169,4.932,4.311,7.142,8.061,7.596,5.945,6.571,4.823,5.538,5.185,8.041,4.869,7.002,6.708,8.916,6.611,6.778
10,33.429,32.985,31.231,31.422,31.615,32.813,33.158,32.919,48.405,4.737,3.908,4.588,3.949,3.435,4.318,4.223,4.218,3.534,4.375,2.734,4.632,4.871,0,3.872,3.005,3.545,3.558,4.302,4.790,2.830,4.036,3.886,4.852,2.201,2.758,5.721,5.474,3.961,5.078,3.632,4.018,3.184,3.772,3.711,3.048,4.216,5.115,3.837,4.141,1.852,3.080,3.517,2.700,4.633,5.344,3.599,3.276,3.471,4.100,2.542,2.887,4.396,4.853,4.477,4.419,6.054,5.898,5.207,5.159,3.851,5.626,5.521,3.697,3.679,3.469,5.232,4.078,5.261,7.911,4.755,4.817,4.456,5.888,2.550,3.563,6.118,4.963,5.836,2.878,2.915,2.882,5.184,4.628,5.043,3.637,6.246,4.318,5.894,5.232,4.157
93,32.880,32.500,31.576,32.226,34.200,33.045,34.309,33.431,49.107,3.496,4.822,4.784,3.522,3.147,4.857,5.670,6.165,3.256,5.883,4.579,3.179,5.451,3.872,0,3.812,4.607,3.365,2.898,2.561,2.325,3.670,4.684,3.825,5.262,5.398,4.464,5.822,3.966,3.348,3.594,3.840,5.299,4.505,3.248,3.024,4.112,3.555,6.862,3.670,4.048,5.354,3.594,5.341,7.128,7.378,3.133,3.266,4.154,5.965,4.425,5.715,3.082,3.074,5.581,6.401,5.033,7.576,5.929,6.842,3.348,4.905,5.525,6.056,5.084,2.372,6.704,5.065,6.380,6.579,3.140,6.738,5.815,5.811,4.275,5.740,7.073,5.857,5.225,3.878,4.123,4.540,5.629,3.694,5.691,3.542,6.183,4.258,5.245,3.438,4.695
85,31.572,32.105,30.774,30.012,31.336,30.836,32.463,32.718,47.246,5.336,5.022,5.133,2.393,2.866,4.268,4.980,5.465,3.530,6.629,3.501,3.285,4.828,3.005,3.812,0,3.626,3.481,4.144,3.836,3.292,3.168,4.581,3.890,4.373,4.229,5.152,6.306,4.349,4.602,2.075,4.182,4.661,3.510,4.303,3.128,4.390,4.673,4.595,4.202,2.434,4.668,3.444,4.810,6.096,6.671,4.232,5.060,2.941,4.805,4.191,4.896,4.654,3.636,5.237,5.866,6.006,6.505,6.156,5.786,3.330,5.852,5.603,4.520,3.783,3.484,6.662,3.446,5.265,7.490,3.084,6.723,4.421,6.636,4.198,5.001,6.509,5.148,6.241,3.776,4.232,3.419,5.766,5.555,6.082,3.960,5.498,3.485,6.597,5.894,5.502
13,32.484,30.980,30.065,31.557,31.149,31.240,31.726,33.477,47.429,5.615,3.167,2.680,3.857,3.322,2.250,5.829,4.569,3.290,5.486,5.051,4.150,3.831,3.545,4.607,3.626,0,2.858,4.368,4.205,3.951,5.240,5.842,5.949,3.409,3.991,5.311,5.569,3.928,5.871,4.408,4.357,3.245,4.378,4.195,3.470,5.730,5.273,5.121,3.801,3.632,5.066,4.913,4.601,4.434,5.272,3.827,4.588,4.920,6.607,4.543,4.399,5.455,4.078,2.968,5.461,4.955,6.563,7.265,4.312,3.253,4.853,5.946,4.218,3.718,3.609,4.222,2.914,6.383,8.228,5.092,5.478,4.715,6.580,3.729,3.043,5.770,6.850,5.679,3.740,5.115,2.859,3.425,4.463,6.149,2.467,4.723,5.200,6.528,5.021,4.499
94,31.903,31.769,29.623,31.744,32.097,31.012,31.965,32.180,47.326,4.902,2.971,2.773,3.983,2.787,3.386,4.942,5.038,2.790,5.102,4.011,3.659,5.325,3.558,3.365,3.481,2.858,0,3.942,2.661,2.652,3.462,5.529,4.356,4.368,4.206,4.894,4.213,3.332,5.337,4.167,3.409,4.342,2.879,2.989,2.097,4.172,5.156,5.860,2.730,3.431,5.520,3.333,4.254,5.012,5.693,3.461,4.242,4.885,5.319,4.228,4.828,4.562,3.511,4.280,5.532,3.962,7.436,5.861,4.717,2.444,4.081,5.775,4.646,4.323,3.320,4.992,3.312,6.606,5.997,4.291,6.103,5.158,4.303,2.791,4.436,6.273,6.138,5.570,3.069,4.567,4.048,4.806,4.052,6.588,2.446,5.313,4.217,5.081,4.241,3.540
42,33.038,32.178,33.042,33.132,33.869,32.557,33.763,33.413,49.345,4.447,4.142,4.927,2.659,3.193,4.046,4.592,5.128,3.182,6.192,5.364,4.152,6.361,4.302,2.898,4.144,4.368,3.942,0,2.957,2.945,5.092,5.335,4.022,4.798,5.961,4.765,6.825,5.237,4.280,4.596,5.079,4.915,4.883,4.688,4.478,3.685,3.127,6.434,4.163,4.409,6.184,3.750,5.762,5.964,5.985,3.576,3.553,4.417,6.838,5.036,5.895,4.160,3.251,4.997,5.985,5.076,6.733,5.754,5.432,3.893,4.516,4.178,5.629,5.443,3.363,5.727,4.320,4.885,7.653,3.121,5.592,3.802,6.346,5.287,5.565,5.923,5.964,3.158,3.628,4.156,4.582,5.041,4.466,5.178,3.608,5.797,4.908,5.026,3.598,4.439
49,31.193,31.099,30.655,32.089,33.034,31.124,33.193,32.404,47.716,4.106,4.232,4.411,3.592,2.352,4.298,5.369,6.073,2.968,6.398,5.425,3.513,6.364,4.790,2.561,3.836,4.205,2.661,2.957,0,2.480,3.597,5.537,4.081,5.689,5.692,3.583,5.279,4.101,4.071,4.251,4.423,5.637,4.429,3.245,3.466,4.152,4.116,7.305,3.950,4.410,6.869,3.882,6.040,6.756,6.972,3.104,4.262,4.882,6.332,5.274,6.428,4.247,2.538,5.544,6.628,4.077,7.874,6.005,6.257,3.250,3.372,4.657,6.407,5.843,3.721,6.058,4.190,6.792,6.720,2.956,7.231,5.408,5.101,5.001,6.173,7.198,6.341,5.320,4.041,5.005,4.591,5.348,4.647,5.961,3.294,5.043,4.104,4.919,3.819,4.809
25,32.117,32.122,31.156,32.221,32.451,32.428,33.634,32.345,48.301,3.490,3.338,4.454,3.610,2.000,4.153,4.026,5.056,2.829,4.766,3.885,4.032,6.076,2.830,2.325,3.292,3.951,2.652,2.945,2.480,0,2.871,3.920,4.134,3.878,3.895,3.681,4.482,3.242,3.976,3.684,3.703,4.217,3.764,2.422,2.957,3.164,4.005,5.792,3.770,2.979,5.232,3.191,4.205,5.586,5.757,1.879,2.469,4.055,4.718,3.278,4.886,3.483,3.334,4.892,4.974,4.453,6.531,4.263,5.618,3.538,3.506,3.982,5.217,5.088,3.445,5.132,3.878,5.873,7.272,3.310,5.730,4.557,4.368,3.624,5.239,6.590,4.870,5.226,2.594,3.063,3.324,4.928,4.486,4.448,2.884,5.295,3.683,4.098,3.691,4.079
22,30.596,32.720,30.026,30.828,32.004,31.615,33.078,31.863,47.362,5.435,5.178,5.808,4.415,3.525,5.355,5.455,7.013,4.656,6.481,3.487,4.081,6.598,4.036,3.670,3.168,5.240,3.462,5.092,3.597,2.871,0,4.598,4.390,5.556,4.230,4.376,4.719,3.399,5.196,3.047,3.364,5.569,3.209,3.754,3.409,4.070,5.234,6.014,4.254,3.840,5.626,3.928,4.957,7.107,7.233,3.950,5.088,4.877,4.261,3.905,6.202,4.296,3.832,6.148,5.893,5.144,7.260,4.741,6.771,4.470,5.377,5.983,5.641,5.210,4.557,7.182,4.458,6.882,6.764,3.537,7.551,5.912,4.614,4.157,6.769,7.443,4.497,7.332,3.801,4.229,4.584,6.469,6.338,6.516,4.254,5.909,3.764,5.112,5.595,5.997
45,31.437,31.287,31.083,30.161,31.334,33.528,32.774,31.170,47.098,4.740,5.610,6.093,5.341,3.821,6.074,5.397,6.033,4.671,4.789,4.124,4.845,6.738,3.886,4.684,4.581,5.842,5.529,5.335,5.537,3.920,4.598,0,5.468,4.369,4.902,5.495,7.211,5.256,4.199,4.142,5.529,4.647,5.277,4.798,4.562,4.091,4.251,6.407,5.306,4.904,4.582,4.669,4.047,7.310,7.527,3.909,4.353,5.641,5.991,4.775,4.932,2.902,5.463,6.317,4.336,6.186,5.336,5.109,7.347,6.474,6.403,5.668,6.182,6.159,4.646,7.291,6.235,5.192,8.629,4.501,5.829,6.161,6.632,5.409,6.139,6.773,3.724,6.267,4.011,2.466,4.900,6.029,6.569,5.407,5.530,8.014,6.597,5.802,5.029,6.858
28,32.322,32.737,31.587,30.532,33.437,30.853,32.572,31.202,47.491,5.175,6.157,5.906,3.998,4.160,6.282,4.524,5.749,3.735,6.925,4.281,4.191,7.149,4.852,3.825,3.890,5.949,4.356,4.022,4.081,4.134,4.390,5.468,0,6.248,6.902,6.891,7.717,6.537,4.346,4.604,5.868,6.719,4.309,5.220,3.857,3.033,5.151,7.051,4.696,4.515,6.424,1.749,5.833,7.307,8.013,5.690,5.736,4.307,5.504,6.229,5.832,4.568,4.979,7.264,7.120,6.698,8.431,6.200,6.866,4.173,6.650,6.337,6.302,5.968,4.015,8.170,5.911,5.205,5.066,3.641,7.460,5.760,6.414,5.398,6.357,7.327,6.035,5.174,4.873,4.870,6.476,7.781,5.276,7.667,5.774,8.151,4.892,6.625,5.705,5.149
34,33.446,32.213,31.439,32.037,30.769,33.077,32.364,32.798,48.194,5.608,3.186,4.402,4.820,4.020,3.877,4.436,3.640,4.145,3.747,4.078,5.620,5.486,2.201,5.262,4.373,3.409,4.368,4.798,5.689,3.878,5.556,4.369,6.248,0,2.978,6.072,5.986,4.657,6.161,4.972,4.996,1.943,4.645,4.739,4.395,4.902,5.467,3.868,4.698,3.451,3.796,4.773,2.658,3.434,4.089,3.870,3.618,5.081,5.645,3.366,2.917,5.139,5.576,3.633,3.347,5.944,4.899,5.550,4.215,5.112,5.589,5.433,3.568,4.388,4.515,3.955,4.141,5.109,9.121,5.762,3.268,4.094,6.321,3.596,3.146,5.320,5.378,5.518,2.981,3.264,3.038,4.185,5.419,4.925,3.847,6.386,5.934,5.905,5.304,4.617
90,32.381,32.963,30.329,31.903,30.509,33.030,32.883,33.218,48.146,6.371,3.883,5.247,5.358,4.493,4.298,5.695,5.949,5.315,5.023,3.845,5.729,5.616,2.758,5.398,4.229,3.991,4.206,5.961,5.692,3.895,4.230,4.902,6.902,2.978,0,5.307,4.235,2.938,6.916,4.396,3.642,3.057,4.163,4.440,4.402,5.700,6.245,3.784,4.831,3.523,4.032,5.568,3.283,4.813,4.936,3.888,4.479,5.517,4.833,2.034,4.637,5.603,5.337,4.116,4.077,5.696,5.562,5.295,5.268,5.277,5.674,6.274,3.871,4.209,5.225,4.860,3.789,6.935,9.201,5.899,5.444,5.255,5.584,3.103,4.934,6.463,5.086,7.616,3.380,4.060,2.679,4.747,6.473,5.516,3.636,5.404,5.207,5.728,6.127,5.692
1,30.082,30.857,31.221,32.935,32.390,32.798,34.140,33.429,48.325,5.583,4.890,6.184,4.981,3.779,4.740,6.917,7.859,5.419,7.167,6.618,5.082,7.268,5.721,4.464,5.152,5.311,4.894,4.765,3.583,3.681,4.376,5.495,6.891,6.072,5.307,0,5.275,3.526,5.576,4.751,4.672,5.548,5.840,4.587,5.624,5.817,4.328,7.554,5.471,5.808,7.347,6.460,6.806,7.725,7.119,2.723,4.754,6.538,7.549,5.046,7.866,4.962,3.199,5.572,6.259,4.077,6.678,5.861,7.221,5.923,3.683,4.605,7.136,6.767,5.592,6.216,4.626,7.790,9.623,4.049,7.560,5.970,5.968,6.344,7.718,7.580,5.845,7.098,4.628,5.309,4.181,4.643,7.089,4.943,3.824,4.003,5.602,4.555,4.688,7.192
96,32.016,32.854,29.120,33.669,31.732,32.480,33.931,32.791,48.277,6.478,4.464,5.760,7.162,5.453,5.832,6.752,7.452,6.095,6.014,6.195,7.075,7.807,5.474,5.822,6.306,5.569,4.213,6.825,5.279,4.482,4.719,7.211,7.717,5.986,4.235,5.275,0,3.466,7.785,6.637,4.715,6.030,5.531,3.983,5.253,6.694,7.808,7.328,5.909,5.376,7.407,6.579,5.845,6.314,6.350,4.557,5.259,7.175,5.683,4.580,6.962,6.973,6.061,6.089,6.686,5.378,8.819,5.970,6.804,5.573,4.316,6.724,6.773,6.875,6.728,5.159,5.274,9.660,8.777,7.103,7.832,7.316,3.631,4.464,7.019,8.833,7.475,8.768,5.228,6.402,5.069,6.262,6.665,6.718,4.437,5.418,5.345,5.363,6.360,5.563
91,31.624,32.390,30.009,32.478,32.245,33.138,33.391,33.767,48.494,5.763,3.851,4.665,4.904,3.968,3.809,6.703,7.091,5.003,5.728,4.647,4.424,5.293,3.961,3.966,4.349,3.928,3.332,5.237,4.101,3.242,3.399,5.256,6.537,4.657,2.938,3.526,3.466,0,6.169,3.833,2.059,3.997,4.057,3.644,3.868,5.681,5.153,5.773,3.789,4.442,5.057,5.622,4.673,6.330,6.152,2.845,4.220,5.906,6.044,2.901,6.105,4.632,3.542,4.041,5.198,3.935,6.504,5.741,6.060,4.642,4.680,6.319,5.089,4.459,4.359,5.475,3.793,7.705,8.244,4.856,6.511,6.029,5.030,3.511,5.891,6.709,5.506,7.322,3.449,4.573,3.243,4.133,5.802,5.896,2.363,4.465,4.989,4.784,4.671,5.839
56,32.213,30.467,31.226,30.313,33.009,32.233,34.213,32.027,47.442,2.441,6.534,6.063,4.847,3.420,6.686,5.998,6.094,3.405,6.482,6.030,4.401,6.556,5.078,3.348,4.602,5.871,5.337,4.280,4.071,3.976,5.196,4.199,4.346,6.161,6.916,5.576,7.785,6.169,0,4.796,6.564,6.694,6.530,4.050,4.289,4.951,4.394,8.352,5.990,4.966,6.633,4.419,6.534,8.481,9.094,4.336,4.505,4.388,6.722,6.523,5.937,3.947,5.086,7.529,7.520,6.944,8.370,7.215,8.561,5.050,5.815,5.265,7.962,7.124,4.107,7.976,6.862,6.587,7.980,3.999,7.943,6.966,7.564,6.398,6.467,8.658,6.837,5.894,5.714,5.118,5.578,7.062,4.868,5.664,5.862,7.786,5.504,7.176,4.997,6.213
16,31.271,32.425,31.009,30.175,32.249,32.206,32.748,33.366,47.829,5.841,5.535,5.586,2.834,3.598,4.469,6.279,6.874,4.567,6.929,3.516,2.519,4.597,3.632,3.594,2.075,4.408,4.167,4.596,4.251,3.684,3.047,4.142,4.604,4.972,4.396,4.751,6.637,3.833,4.796,0,3.305,4.629,3.604,4.857,3.597,4.774,3.839,5.046,3.792,3.894,4.110,4.366,4.961,7.216,7.367,4.189,5.259,4.275,5.843,4.010,5.809,3.719,3.085,5.163,5.659,5.576,5.925,6.224,6.541,4.466,6.511,6.493,4.757,3.549,3.217,7.502,4.155,5.540,7.596,2.737,6.872,5.320,6.956,4.504,5.909,6.173,4.353,6.622,3.761,3.962,3.931,5.539,6.123,6.506,4.002,5.908,4.699,6.289,5.482,6.625
61,32.072,33.566,30.756,32.493,33.259,33.368,32.991,34.056,49.061,6.564,4.325,4.885,4.373,4.590,3.783,6.782,7.395,5.339,6.255,3.779,3.823,5.126,4.018,3.840,4.182,4.357,3.409,5.079,4.423,3.703,3.364,5.529,5.868,4.996,3.642,4.672,4.715,2.059,6.564,3.305,0,4.112,2.955,4.743,3.852,5.258,4.854,5.203,2.685,4.691,4.407,5.144,4.493,6.454,6.214,3.978,4.899,5.941,6.182,2.914,6.271,4.318,3.280,3.948,5.140,4.072,6.333,5.711,5.668,4.586,5.927,7.213,4.145,3.309,3.786,6.419,3.804,6.992,7.188,4.500,6.282,5.799,5.353,3.174,6.012,5.739,4.944,6.920,3.119,4.337,4.273,4.716,5.896,7.026,2.685,5.420,5.277,4.828,4.760,5.917
38,32.763,32.073,31.351,32.365,31.270,33.495,31.793,33.357,48.351,6.433,2.917,4.096,4.696,4.304,2.806,5.665,5.102,4.772,4.376,4.289,5.037,5.108,3.184,5.299,4.661,3.245,4.342,4.915,5.637,4.217,5.569,4.647,6.719,1.943,3.057,5.548,6.030,3.997,6.694,4.629,4.112,0,4.252,5.301,4.654,5.239,4.817,4.005,3.820,4.545,3.699,5.423,3.002,4.107,4.069,3.774,4.194,6.104,6.811,3.337,4.322,4.740,4.829,2.125,2.669,4.801,3.932,5.809,3.857,5.515,5.773,6.166,3.064,3.748,4.294,4.268,3.700,5.269,9.057,5.515,3.042,4.316,6.387,3.773,3.914,4.027,4.977,5.522,2.493,3.375,3.287,2.784,5.925,5.727,3.120,5.998,6.648,5.356,4.720,5.524
77,31.421,33.158,30.375,31.272,32.069,31.522,31.096,31.895,47.437,6.716,4.074,4.542,4.061,4.158,3.974,5.105,6.109,4.614,5.863,2.368,3.858,6.036,3.772,4.505,3.510,4.378,2.879,4.883,4.429,3.764,3.209,5.277,4.309,4.645,4.163,5.840,5.531,4.057,6.530,3.604,2.955,4.252,0,5.075,3.390,3.636,5.215,4.605,2.385,4.191,4.720,3.426,3.644,5.372,5.606,4.775,5.537,5.635,5.249,3.901,5.382,4.471,4.026,4.523,4.555,4.474,6.276,5.034,4.384,4.370,6.128,6.911,3.251,3.528,3.992,6.438,3.510,5.501,5.789,4.225,5.754,4.844,4.733,3.094,5.478,4.981,4.347,6.043,2.554,3.859,5.004,5.594,6.068,7.654,3.678,6.479,5.256,4.963,5.280,5.240
14,32.246,31.176,29.396,31.554,31.876,31.917,33.748,32.006,47.385,2.771,4.253,4.248,5.277,2.767,5.295,5.268,5.305,2.949,4.636,5.018,4.837,5.987,3.711,3.248,4.303,4.195,2.989,4.688,3.245,2.422,3.754,4.798,5.220,4.739,4.440,4.587,3.983,3.644,4.050,4.857,4.743,5.301,5.075,0,2.708,4.934,5.673,7.139,4.888,3.471,6.002,4.238,4.875,6.375,7.090,2.773,3.209,4.616,4.875,4.556,4.804,4.633,4.756,5.928,6.335,5.375,8.215,6.010,6.929,3.597,3.610,5.058,6.585,6.083,4.222,5.446,5.200,7.725,7.472,5.014,7.073,6.503,4.772,3.892,5.164,8.277,6.721,6.667,4.392,4.811,3.923,5.736,3.967,5.178,3.891,5.940,4.074,5.711,4.586,4.182
12,32.242,31.662,29.252,30.369,32.041,31.378,32.113,31.901,46.926,4.185,4.318,3.241,4.234,2.867,4.566,5.265,5.000,2.505,4.805,3.355,3.139,4.574,3.048,3.024,3.128,3.470,2.097,4.478,3.466,2.957,3.409,4.562,3.857,4.395,4.402,5.624,5.253,3.868,4.289,3.597,3.852,4.654,3.390,2.708,0,4.254,5.117,6.064,3.175,3.123,4.563,2.872,3.824,6.011,6.985,3.820,4.258,4.263,4.892,4.461,3.917,3.855,4.212,5.201,5.794,5.180,7.629,6.358,6.011,2.751,5.311,6.383,5.094,4.270,2.569,6.219,4.659,6.439,5.695,4.327,6.461,6.055,5.336,2.710,4.079,6.847,6.028,5.941,3.664,4.272,4.322,5.626,3.586,6.746,3.649,6.629,4.459,6.119,4.563,4.107
7,31.737,32.522,31.894,31.735,32.639,32.088,32.243,30.522,47.654,5.147,4.555,5.538,4.391,3.617,5.454,3.111,5.213,3.911,5.246,3.636,4.767,7.783,4.216,4.112,4.390,5.730,4.172,3.685,4.152,3.164,4.070,4.091,3.033,4.902,5.700,5.817,6.694,5.681,4.951,4.774,5.258,5.239,3.636,4.934,4.254,0,4.383,6.275,4.173,4.621,5.955,2.303,4.376,6.020,6.187,4.418,4.551,5.394,5.362,5.009,5.428,3.614,4.760,6.151,4.754,5.257,6.487,3.635,5.577,5.245,5.492,5.038,5.429,6.024,4.465,6.693,5.207,4.266,6.302,3.679,5.509,4.608,4.715,4.921,6.242,5.917,4.062,4.377,3.079,2.839,5.764,6.477,5.936,6.401,4.984,7.658,5.609,4.240,4.502,5.003
57,31.661,31.453,32.809,32.181,33.859,33.641,33.166,33.428,48.862,5.447,5.243,5.644,3.417,3.846,4.492,6.418,6.916,4.621,6.662,5.507,3.295,6.222,5.115,3.555,4.673,5.273,5.156,3.127,4.116,4.005,5.234,4.251,5.151,5.467,6.245,4.328,7.808,5.153,4.394,3.839,4.854,4.817,5.215,5.673,5.117,4.383,0,6.939,4.084,5.845,5.736,5.070,5.933,7.616,7.285,3.767,4.596,5.946,8.096,5.410,6.813,2.633,2.919,5.132,5.453,4.641,5.402,6.171,6.629,5.769,5.898,5.585,6.078,5.553,3.474,7.233,5.259,4.790,8.256,2.612,5.892,5.188,7.277,6.131,6.660,5.312,4.786,4.284,3.861,3.784,5.155,4.674,6.063,5.965,4.278,6.662,6.651,5.103,3.299,6.840
6,33.594,34.726,32.564,31.944,30.967,32.915,32.357,34.232,49.120,8.417,5.540,6.792,5.071,6.182,4.953,5.957,6.285,6.601,7.097,4.176,6.576,6.185,3.837,6.862,4.595,5.121,5.860,6.434,7.305,5.792,6.014,6.407,7.051,3.868,3.784,7.554,7.328,5.773,8.352,5.046,5.203,4.005,4.605,7.139,6.064,6.275,6.939,0,5.682,4.418,4.111,6.012,4.506,4.703,4.772,6.352,6.455,5.667,5.898,3.805,5.364,7.001,6.401,4.749,4.909,7.556,5.162,6.403,4.592,6.167,8.027,7.561,2.292,3.532,6.009,6.448,4.167,5.495,9.807,6.505,5.291,4.164,7.829,4.683,5.392,5.451,5.421,7.550,4.459,4.967,4.549,6.191,7.759,7.167,5.307,6.760,6.214,7.407,7.834,6.654
18,32.049,32.431,30.599,31.958,33.252,32.481,31.369,32.813,48.071,6.174,3.680,3.299,3.911,4.010,3.180,6.049,6.175,4.147,5.463,3.635,2.817,5.061,4.141,3.670,4.202,3.801,2.730,4.163,3.950,3.770,4.254,5.306,4.696,4.698,4.831,5.471,5.909,3.789,5.990,3.792,2.685,3.820,2.385,4.888,3.175,4.173,4.084,5.682,0,4.921,4.608,3.961,4.021,5.811,5.984,4.199,4.910,6.051,6.796,4.364,5.497,3.506,3.207,3.593,4.731,3.398,6.295,6.039,4.642,4.177,5.823,7.064,3.884,3.401,2.645,6.187,3.980,5.689,5.712,4.103,5.283,5.363,5.371,3.310,5.005,4.377,5.188,4.972,2.583,3.995,5.028,4.383,4.921,7.569,2.822,6.481,6.055,4.804,3.578,5.066
86,33.167,32.828,30.918,31.055,31.267,31.489,33.444,32.814,47.990,4.630,4.517,5.036,3.820,3.314,4.794,4.043,4.248,3.335,5.539,3.604,4.933,5.266,1.852,4.048,2.434,3.632,3.431,4.409,4.410,2.979,3.840,4.904,4.515,3.451,3.523,5.808,5.376,4.442,4.966,3.894,4.691,4.545,4.191,3.471,3.123,4.621,5.845,4.418,4.921,0,4.583,3.424,4.174,4.971,5.919,4.113,4.032,2.311,3.386,3.542,3.608,5.400,4.987,5.403,5.847,6.659,7.151,5.791,5.632,2.997,5.387,5.205,4.594,4.363,4.085,5.535,3.959,5.991,7.925,4.749,6.243,4.561,6.070,3.304,4.085,7.267,5.954,6.434,3.928,4.263,3.014,6.058,4.716,5.200,4.082,5.752,2.834,6.627,6.101,3.994
65,34.120,33.921,31.554,30.964,32.390,34.463,32.785,34.056,49.016,6.837,5.797,5.755,5.291,5.661,5.423,6.790,6.364,5.741,5.540,3.270,5.082,4.308,3.080,5.354,4.668,5.066,5.520,6.184,6.869,5.232,5.626,4.582,6.424,3.796,4.032,7.347,7.407,5.057,6.633,4.110,4.407,3.699,4.720,6.002,4.563,5.955,5.736,4.111,4.608,4.583,0,5.418,3.246,6.403,6.868,5.510,5.276,5.528,6.199,3.733,4.141,4.807,6.018,4.944,4.778,7.089,5.603,6.871,6.396,5.864,8.140,8.148,3.800,3.149,4.060,7.285,5.780,5.729,8.523,6.069,5.195,6.254,7.821,3.694,4.550,5.766,5.209,7.036,4.268,3.906,4.779,5.881,6.058,7.154,5.115,8.050,6.758,7.308,6.247,6.453
75,32.561,32.571,31.051,30.818,32.536,31.170,32.207,31.000,47.352,4.610,4.818,4.790,3.943,3.382,5.395,3.374,4.413,2.836,5.353,3.183,4.178,6.554,3.517,3.594,3.444,4.913,3.333,3.750,3.882,3.191,3.928,4.669,1.749,4.773,5.568,6.460,6.579,5.622,4.419,4.366,5.144,5.423,3.426,4.238,2.872,2.303,5.070,6.012,3.961,3.424,5.418,0,4.270,5.821,6.689,4.763,4.653,4.014,4.522,5.089,4.337,4.149,4.853,6.187,5.809,6.004,7.570,5.296,5.698,3.632,5.806,5.723,5.189,5.217,3.546,6.773,5.080,4.845,5.332,3.942,6.146,5.031,5.349,4.022,5.039,6.579,5.440,4.776,3.689,3.799,5.451,6.791,4.556,6.830,4.844,7.585,4.571,5.835,5.065,3.913
31,32.993,32.813,30.343,31.292,31.112,33.221,31.487,31.575,47.531,6.092,3.914,4.455,5.688,4.642,4.911,4.861,4.768,4.697,3.107,2.595,5.431,5.978,2.700,5.341,4.810,4.601,4.254,5.762,6.040,4.205,4.957,4.047,5.833,2.658,3.283,6.806,5.845,4.673,6.534,4.961,4.493,3.002,3.644,4.875,3.824,4.376,5.933,4.506,4.021,4.174,3.246,4.270,0,4.557,5.252,4.614,4.481,5.984,5.130,3.561,3.027,4.529,5.999,4.590,2.992,5.752,5.585,5.108,4.905,5.577,6.506,6.913,3.601,4.411,4.519,5.557,5.138,5.533,7.575,6.029,3.959,5.587,5.395,2.701,4.024,5.397,4.685,6.182,2.898,2.925,4.707,5.382,5.728,6.698,4.548,7.800,6.526,5.625,5.338,4.986
99,34.015,32.942,31.619,33.520,30.579,31.868,31.485,32.597,48.282,7.594,3.387,5.045,6.235,5.782,4.540,4.628,3.874,5.521,5.239,5.753,7.487,7.428,4.633,7.128,6.096,4.434,5.012,5.964,6.756,5.586,7.107,7.310,7.307,3.434,4.813,7.725,6.314,6.330,8.481,7.216,6.454,4.107,5.372,6.375,6.011,6.020,7.616,4.703,5.811,4.971,6.403,5.821,4.557,0,2.358,5.948,5.681,6.709,6.573,5.245,4.678,7.555,7.012,4.424,4.950,6.680,6.800,6.469,2.518,5.788,6.074,6.459,4.035,5.714,6.488,3.173,4.408,6.440,9.425,7.510,4.099,4.253,6.322,4.717,4.190,5.840,7.350,6.150,4.505,5.687,5.144,5.501,6.533,6.918,4.962,6.825,6.816,6.624,6.866,4.309
29,33.639,33.624,32.875,34.905,31.362,33.091,32.209,33.426,49.467,8.314,3.412,6.062,6.353,6.270,4.393,5.302,5.607,6.548,6.046,6.265,7.843,8.245,5.344,7.378,6.671,5.272,5.693,5.985,6.972,5.757,7.233,7.527,8.013,4.089,4.936,7.119,6.350,6.152,9.094,7.367,6.214,4.069,5.606,7.090,6.985,6.187,7.285,4.772,5.984,5.919,6.868,6.689,5.252,2.358,0,5.857,5.819,7.560,7.418,4.948,6.294,7.605,6.742,4.097,4.453,6.153,5.833,5.724,2.504,6.764,6.043,6.307,4.173,6.081,7.046,3.343,4.229,6.535,10.258,7.428,3.850,3.786,6.259,5.520,5.862,5.238,6.740,6.337,4.315,5.589,5.326,5.056,7.648,6.658,4.857,6.300,7.324,5.583,6.741,5.568
83,31.767,31.128,30.959,32.554,32.156,33.078,33.654,32.800,48.263,3.740,3.164,4.356,4.332,2.326,3.856,5.248,5.611,3.485,4.633,5.001,4.351,5.963,3.599,3.133,4.232,3.827,3.461,3.576,3.104,1.879,3.950,3.909,5.690,3.870,3.888,2.723,4.557,2.845,4.336,4.189,3.978,3.774,4.775,2.773,3.820,4.418,3.767,6.352,4.199,4.113,5.510,4.763,4.614,5.948,5.857,0,2.334,5.207,6.130,3.636,5.398,3.573,3.395,4.387,4.733,3.910,6.016,5.001,5.955,4.576,3.078,3.999,5.745,5.545,3.924,4.660,4.165,6.491,8.491,3.961,5.587,5.110,5.023,4.380,5.448,6.568,5.252,5.550,3.001,3.495,2.932,3.733,4.980,3.902,2.649,4.897,4.978,4.086,3.192,5.072
84,33.916,32.404,32.143,33.492,33.185,34.228,34.785,33.345,49.619,3.226,3.686,4.876,4.968,3.596,4.908,4.824,4.917,3.684,3.966,5.144,5.453,6.314,3.276,3.266,5.060,4.588,4.242,3.553,4.262,2.469,5.088,4.353,5.736,3.618,4.479,4.754,5.259,4.220,4.505,5.259,4.899,4.194,5.537,3.209,4.258,4.551,4.596,6.455,4.910,4.032,5.276,4.653,4.481,5.681,5.819,2.334,0,4.881,5.889,3.716,4.706,4.132,4.872,5.063,5.169,5.466,6.707,5.110,6.241,4.708,4.079,4.339,5.944,5.899,4.078,4.658,5.287,6.447,8.643,5.101,5.049,5.344,5.527,4.267,5.018,7.025,5.989,5.153,3.618,3.519,3.746,4.841,4.084,3.548,3.691,6.251,5.209,4.751,3.552,4.072
71,33.875,33.172,32.147,30.876,32.403,31.605,34.642,33.702,48.740,4.679,6.230,6.392,3.686,4.196,6.023,5.002,5.206,3.971,7.154,4.940,5.231,5.633,3.471,4.154,2.941,4.920,4.885,4.417,4.882,4.055,4.877,5.641,4.307,5.081,5.517,6.538,7.175,5.906,4.388,4.275,5.941,6.104,5.635,4.616,4.263,5.394,5.946,5.667,6.051,2.311,5.528,4.014,5.984,6.709,7.560,5.207,4.881,0,4.578,5.073,4.923,5.943,5.435,6.800,7.492,7.972,8.172,7.029,7.156,3.447,6.485,5.589,6.050,5.309,4.400,7.179,5.294,6.171,8.436,4.706,7.539,5.259,7.758,5.115,5.269,8.310,6.915,6.663,5.416,5.337,4.274,7.300,4.989,5.563,5.385,6.553,2.905,7.893,6.863,5.053
95,33.100,34.369,30.488,30.854,30.992,31.571,34.010,31.360,47.696,6.143,6.471,7.310,6.491,5.553,7.476,4.565,6.141,5.726,6.476,4.172,7.151,8.008,4.100,5.965,4.805,6.607,5.319,6.838,6.332,4.718,4.261,5.991,5.504,5.645,4.833,7.549,5.683,6.044,6.722,5.843,6.182,6.811,5.249,4.875,4.892,5.362,8.096,5.898,6.796,3.386,6.199,4.522,5.130,6.573,7.418,6.130,5.889,4.578,0,4.830,5.213,6.918,7.261,7.929,7.027,8.305,8.858,5.438,7.494,5.436,6.978,6.761,6.345,6.611,6.560,7.477,6.269,7.712,8.103,6.634,8.035,6.681,5.736,4.609,6.613,9.262,6.451,8.647,5.656,5.513,5.707,8.664,6.898,6.886,6.526,7.936,3.993,7.386,8.045,5.512
11,33.226,34.155,31.863,32.967,32.355,34.083,34.038,34.000,49.686,6.064,4.002,5.654,4.685,4.578,4.361,5.445,6.263,5.316,5.311,3.474,5.409,5.823,2.542,4.425,4.191,4.543,4.228,5.036,5.274,3.278,3.905,4.775,6.229,3.366,2.034,5.046,4.580,2.901,6.523,4.010,2.914,3.337,3.901,4.556,4.461,5.009,5.410,3.805,4.364,3.542,3.733,5.089,3.561,5.245,4.948,3.636,3.716,5.073,4.830,0,5.122,4.905,4.718,4.201,4.209,5.544,5.471,4.456,5.379,5.033,5.719,6.035,3.751,3.939,4.623,5.347,3.916,6.382,8.734,5.199,5.165,4.788,5.433,3.038,5.444,6.109,4.449,6.906,2.859,3.320,3.127,4.966,6.069,5.160,3.354,5.519,4.790,4.888,5.453,5.358
47,34.261,32.075,30.282,30.503,30.659,32.300,31.955,31.763,47.161,5.324,4.947,4.535,5.919,4.772,5.765,4.789,2.941,3.947,3.660,4.214,6.043,5.525,2.887,5.715,4.896,4.399,4.828,5.895,6.428,4.886,6.202,4.932,5.832,2.917,4.637,7.866,6.962,6.105,5.937,5.809,6.271,4.322,5.382,4.804,3.917,5.428,6.813,5.364,5.497,3.608,4.141,4.337,3.027,4.678,6.294,5.398,4.706,4.923,5.213,5.122,0,5.748,6.964,5.726,5.321,7.477,7.239,6.989,5.829,5.027,6.859,6.845,4.977,5.229,4.702,5.713,5.984,5.949,8.205,6.758,5.043,6.057,7.042,3.751,2.349,7.001,6.852,6.230,4.715,4.569,4.858,6.347,4.677,6.570,5.517,8.316,6.307,7.658,6.320,4.300
48,31.709,31.663,31.307,31.281,33.465,33.746,32.754,32.062,48.021,4.661,5.120,5.077,4.539,3.673,5.231,6.038,6.587,4.215,5.170,4.185,3.167,6.129,4.396,3.082,4.654,5.455,4.562,4.160,4.247,3.483,4.296,2.902,4.568,5.139,5.603,4.962,6.973,4.632,3.947,3.719,4.318,4.740,4.471,4.633,3.855,3.614,2.633,7.001,3.506,5.400,4.807,4.149,4.529,7.555,7.605,3.573,4.132,5.943,6.918,4.905,5.748,0,3.893,5.599,4.879,4.600,6.024,5.489,6.959,5.604,6.012,6.240,5.987,5.481,3.048,7.377,5.879,5.352,6.875,3.420,5.850,6.240,6.096,4.965,6.200,5.904,4.231,5.035,3.460,2.856,5.400,5.380,5.434,6.403,4.502,7.674,6.549,4.803,2.985,6.273
76,31.006,31.730,31.476,32.233,33.376,32.146,32.944,33.757,48.479,5.709,4.477,4.858,2.677,3.286,3.265,6.448,7.069,4.311,7.097,5.204,2.609,5.536,4.853,3.074,3.636,4.078,3.511,3.251,2.538,3.334,3.832,5.463,4.979,5.576,5.337,3.199,6.061,3.542,5.086,3.085,3.280,4.829,4.026,4.756,4.212,4.760,2.919,6.401,3.207,4.987,6.018,4.853,5.999,7.012,6.742,3.395,4.872,5.435,7.261,4.718,6.964,3.893,0,4.404,5.994,3.577,6.420,6.237,5.898,4.196,4.846,5.666,5.459,4.609,3.379,6.527,3.478,6.188,7.500,2.290,6.758,4.953,6.200,5.141,6.428,5.798,5.417,5.489,3.580,4.693,4.275,4.325,5.718,6.340,2.700,4.541,5.042,4.895,3.916,6.137
