0,0,30.08244991685351,32.83318514856577,31.40459538029427,32.00477908063106,33.528150306869,33.59427168432143,31.73716895061687,32.45536223800313,34.50492175038222,33.42891431081781,33.22602808040708,32.24197135722319,32.48364017470949,32.24560066117549,31.63935866922717,31.27073179508276,33.47911014349097,32.0491641388664,32.90875745147483,32.714312448835,31.35941705453085,30.59597045363981,31.38674624742107,31.26466801359004,32.11738178930532,32.38207275638791,32.75720020087188,32.32240015840409,33.63901808911787,31.86794425437575,32.99330789720849,31.3806840588283,33.40335123905984,33.4455369668361,32.38186793562102,32.46681302499524,30.73958288591437,32.7626310909243,32.01662538432181,30.72377069957397,32.24764788321778,33.03750278093063,31.98705136457564,31.07047193075767,31.43691925109711,34.30912046380669,34.26091735491038,31.7087557308703,31.19313527044052,33.29784167179608,31.5146594777732,33.60327897690939,31.81099869541979,33.54775612466502,32.46252105120611,32.21250904540035,31.66107480803518,30.24733725470724,34.85063284934722,33.18970017942315,32.07243372430599,33.3168320372751,32.41927835409048,32.03982476543841,34.12004866643657,32.53638775279149,33.64818846535427,33.12161757825243,31.80250821869243,33.88567245902021,33.87536399804436,32.85864826799788,34.12681965844459,32.29497722556868,32.56104648195448,31.00588727967641,31.42064283238012,30.89591141235359,32.82076738895665,31.93806686385386,32.47802127593367,35.05901905359018,31.76721333387617,33.91586475382871,31.57247611448935,33.16729692030992,33.72699177216967,32.82628413329781,29.30616900927176,32.38062970357433,31.62433075971728,31.17011793368771,32.88049669637002,31.90251505759382,33.0996315538406,32.01573717720709,32.56053809444801,31.5405726802796,34.01488994543419
89,30.08244991685351,0,5.60231387873385,4.003311314512164,4.628454057706953,6.344338160781033,7.554450232186317,5.817276416030761,4.180778216636289,7.718186898453078,5.720865595970897,5.045933246973026,5.623920139745551,5.31123961546247,4.587307014070633,6.677573643553379,4.750951853925153,4.942746496732557,5.47084285710999,7.220692141203682,5.969912541989754,32.79770450809022,4.375717389452052,3.682854948101691,5.96764875338316,3.681152272257691,4.889603647860884,32.93518905365507,6.890899718009598,7.119126808194221,6.258938959644852,6.806331512777769,4.554604212560256,6.766986996651083,6.072481954612853,5.308615467862341,4.687510503542384,5.845161251931134,5.548441061660436,32.3898112374864,4.048961122801298,4.980736827305332,4.764790769124646,4.740448142962969,3.778645807084589,5.494778892768857,7.560318209180878,7.865996758428423,4.962162602182191,3.583231700400041,7.135544009477263,4.626275682091085,7.166671261201004,4.605241924482296,6.216066002519753,6.617692176535804,5.576326676842495,4.327605646183606,4.07745960777864,7.191834825046953,5.582722425103878,4.672451093155365,5.92335500216741,5.418679364596073,4.643006033320406,7.34689734704158,7.579880319214804,48.32535778210134,5.591640349342367,5.861429996318113,7.268330267375087,6.538375554946559,6.916642622738611,7.858515730228119,3.823858733968278,6.460438411776924,3.198738229718929,5.839868205474085,33.42853273776761,7.790405213381328,34.13965430404943,6.183857258392325,7.089328356070729,2.723073393082745,4.754196758628861,5.152037772275333,5.807989734308252,7.09783862471409,5.572069447569194,30.85686016107277,5.30727597125318,3.526399410736583,5.081507456388136,4.463864754472366,4.894098904805682,7.548788709170371,5.274530805958674,9.622987524964053,31.22101157874294,7.725185810026106
98,32.83318514856577,5.60231387873385,0,5.197913261569518,5.444709711776381,4.98815598159424,6.213820977516993,5.608853018289969,4.383810889813324,6.500808047890328,4.317785730042366,4.789614295019466,4.459303488153092,5.20038852241419,4.073677797749542,8.896805285020708,4.698722662090394,5.872444679642643,6.054756057768245,7.14718748616904,5.630897647500625,31.0067209649779,3.763876628025308,5.410588652465594,6.318915771747262,3.682582043827444,5.887838572843159,31.88900666373916,4.891961814136706,7.324406699157051,7.84347501880068,6.525985023058261,7.048683019340871,5.870981591628744,5.933651701084012,5.998842559748545,7.012670954705941,7.10988278859732,6.648397031767057,32.43975733571385,4.876255326111558,4.382788504086633,4.908303924060739,5.980009930022075,4.331282561562221,6.596893629328584,8.403815607502414,6.306713703858041,6.549466694637949,4.104209672907199,6.438444817974987,4.679646692397761,7.631090386432975,5.463479870665092,6.848334351631178,5.343560049686719,5.504427461325084,6.651024910414018,7.236757843044471,5.056982880746788,5.244757848737924,5.277217742074071,3.248782030705696,4.666152704319488,7.422911465432036,6.757702649029211,8.936466960353854,48.74498030287356,5.349709222630906,6.408053540760073,6.708285302598287,2.904969624983593,5.294935660397642,6.395043353917666,4.927754928038568,4.5708135164176,5.042344122570106,5.255837986959359,33.56932270690012,7.702955461866457,34.95936063488575,6.577440918165542,5.716735123980737,4.97807136687027,5.208759256367872,3.48526280380751,2.83440042547792,7.679588124796234,6.932672142720226,33.5339042015689,5.207177003032763,4.988769448463929,5.703226510171043,4.25769917228174,4.217282301120758,3.993290969600765,5.344700846358815,8.186358658244028,31.34944886277907,6.815806126871816
27,31.40459538029427,4.003311314512164,5.197913261569518,0,5.821448575045005,6.598181757673935,6.760219505537787,7.658175924185124,3.945271149432758,7.459120142193603,6.2459499764925,5.519203157852701,6.628900670783431,4.722564565610853,5.939942908289353,7.757815705642548,5.907718126377243,6.025666357461676,6.480632355423265,6.455194778475216,5.566948074282934,31.64502651286612,5.908671277569684,4.758959662040839,7.339610246745827,5.295447731728824,5.247327063991323,33.83148397572889,8.150963825290784,6.300170580718739,7.588723326338419,7.799686561361151,6.737657382120971,6.365701342721855,6.385738931320727,7.220082745313545,6.991488216564526,7.900605404719245,5.997996516500637,31.8145467357308,5.947666109779344,5.266949847947847,5.797418922840323,4.33631750553401,5.339172613838342,8.01403539127903,8.204450455091603,8.315694475264971,7.673546263984782,5.043210133983552,6.696323409721839,3.508255164939936,8.635076266910017,5.825933644899514,5.512292615727951,7.61323211094431,7.785695366542448,6.661900843917079,5.835894440677764,7.141311950462381,7.498673699892321,5.419690384424608,5.556292283397237,6.413312538094689,5.055238150009735,8.050436286858805,8.07755754667709,49.10618399237831,6.713224094690439,7.661178983062245,7.001662582206244,6.553078009317394,7.638089884425019,7.999695442950753,4.022038181630133,7.584971269958512,4.541066053298366,6.478516605233267,35.37728883054776,8.817314191722916,34.2588010006188,6.628142524613918,7.628947448508647,4.89730252521052,6.251289644869728,5.498043952173203,5.751531586369409,8.247364028438469,5.211233572993669,31.97284877829936,5.404152579859256,4.465476415780656,6.526422576186166,6.183159417234157,5.313304791649694,7.936324954957498,5.418400372760808,10.80649070636475,31.55585368834126,6.825231157767815
39,32.00477908063106,4.628454057706953,5.444709711776381,5.821448575045005,0,3.229577571753212,4.45897947440871,3.079280466811304,3.740160490606031,4.82995448017597,2.87767470021873,2.859274887489943,3.663807218315332,3.740384062580842,4.391943196472023,4.701121565261929,3.761499845151385,5.65681189652096,2.583238943219036,3.851823641266718,3.736592117935727,32.86486004838603,3.800506268666446,4.82561878363717,4.596836383282323,2.594483712128324,2.479021966866386,32.37432456438281,4.873496078488963,4.31494393600363,2.868132590385401,2.898461490147656,3.572961968457004,3.955620478741471,2.981496612356388,2.134301780209821,3.711924222413756,3.685388064594687,2.492927968746698,32.11558595137259,3.900104371813052,3.729334179083968,3.627505527490094,3.012451183924658,3.218980487012729,4.010538736771695,3.870288591778469,4.715079131801952,3.459861318717615,4.041171291458619,3.287804153392637,3.202665060518691,4.408859862811012,5.269575483164191,4.837808061195702,3.057004040660126,5.713624311407703,3.860959375027246,3.692042426124703,4.712968822412129,5.572466595026682,3.118583945407397,4.63163298284366,3.911885554296239,3.884348228893616,4.267888433668439,4.221227081178044,48.25659733023715,3.580556876271469,3.996330668793676,5.945443408409054,5.415768281167869,4.326670599107231,5.126190547661707,2.605829605817587,3.689047556943324,3.580123660416124,2.553799235227332,32.33398435083433,4.685551364050225,32.06332323699463,4.074382658585839,5.484091470503559,3.000871723644414,3.618026791527926,3.776455654430156,3.927958045918704,4.716043887315403,3.296558623051252,32.51313266973824,3.380056192452202,3.448644676612339,4.070506250799037,3.87768465266993,3.068560978059328,5.655883712270684,5.228037547219405,7.328241995174187,31.41634789405033,4.504912750429527
21,33.528150306869,6.344338160781033,4.98815598159424,6.598181757673935,3.229577571753212,0,4.683104636084209,4.921477548719485,4.214609266411837,3.838924481658988,2.550113224400325,3.0378936339336,2.710051277610869,3.728890727693284,3.891908395421254,7.103770972487687,4.504060000814841,6.88258527698638,3.309559839414169,4.982278762261371,5.762404598469271,32.72459330534148,4.157298184776288,5.908701671878495,4.962811246568841,3.624258458912928,3.724395482864943,31.94507558294392,5.398334875379626,5.519993327358383,4.932918336014816,2.701444314548252,5.783013786477787,3.4461594573583,3.595741060288909,4.184591125523654,5.2446640119555,5.891250659080079,3.772972137249513,32.23920172708996,5.734180375815258,5.060232850850517,5.287210352939068,4.360843446946597,4.451041869248055,5.408926500937079,5.40250073209658,3.750629358077826,4.965464774674639,5.000729435843104,3.623985823729506,4.350023124509764,4.379639341912324,7.089237773845233,5.371357281888021,2.888778998564573,6.398149286936293,6.131037178093558,5.44401361385609,3.814343733048208,5.75190209091129,3.174306075251295,3.722202794351734,4.275260891356424,5.402752289746416,3.694329501989352,6.236288760602928,48.36301960776883,3.748092373888782,5.818409989028834,4.932067627259646,5.114856954689206,5.402635381911576,5.256131320108199,3.422174808506312,4.021858019218863,5.140545116475989,3.093810872031817,32.93184023099835,6.752974501719814,32.49763674484655,3.806663842049736,4.433441245727514,4.380076157390675,4.266917340149121,4.197930363899744,3.304114948165208,6.549822718135689,4.310407231569555,33.50029980462862,3.103200980508733,3.510831436053037,4.823536334426272,4.275438613902876,2.790686107265977,4.60856303781464,4.463699930142298,6.646539089884882,30.03561479310853,4.716703758925329
80,33.59427168432143,7.554450232186317,6.213820977516993,6.760219505537787,4.45897947440871,4.683104636084209,0,6.275493123006195,4.549066229116769,5.392341252377956,3.837168435523554,3.804719850372667,6.063629070291873,5.120847677607797,7.139373155751139,5.162003081448638,5.045784572529985,7.16723954763045,5.681742433162993,4.592295879188041,4.164097281524334,32.91464108873133,6.014184876915419,8.026891541391482,7.828755904173239,5.792104299168262,5.53989829122524,31.94354966186443,7.051239085510759,4.77151512257346,4.908819187507205,4.505614642733171,7.407343787870455,3.532495326377563,3.867839787982933,4.967494228659389,7.83362136186755,5.420861453841609,4.005226372157139,30.96728365549682,6.504577735258635,5.070685345521426,6.434477756641594,4.952830152117826,6.181990224806951,6.406769749987893,5.291014449088929,5.364151529635921,7.000788123037779,7.305145487047183,2.291989275661012,4.167014395046341,7.096681681704789,7.561246081864893,6.447713123520763,4.176249800240338,8.351875266804614,6.939302360918065,7.555965553582592,6.653517430396671,8.416584149720791,5.202795499426994,6.166978486765468,6.6010098505972,6.190662818616966,4.110752500483057,5.450993953927254,49.12040242006623,6.008915478971224,6.402768483658635,6.184555575080248,5.666870226739218,5.957030433138493,6.284818505096877,5.306538369588504,6.011752971735016,6.40090148849364,4.605258715468378,34.23185531051452,5.495325981397024,32.35738118266063,6.792106213479881,7.759404801869116,6.351696213137137,6.454534360925193,4.595186111938186,4.417900930592221,7.549869064892276,4.749045391916573,34.72570794094772,3.784270122717378,5.773259919421392,6.575974646678669,6.862417822786297,5.859674946852217,5.897997332097722,7.327966850518702,9.807184111024828,32.56432469743538,4.70275695195266
78,31.73716895061687,5.817276416030761,5.608853018289969,7.658175924185124,3.079280466811304,4.921477548719485,6.275493123006195,0,5.763695896575247,6.242473381375127,4.21587868450788,5.008995062416111,4.254157977426467,5.729764584138033,4.933934620951755,6.486671025503796,4.773764322374409,6.401147443373711,4.173356402062504,5.576558031533978,4.608289309726665,32.08804810205818,4.07031797794115,5.492454355432555,4.715149944705655,3.163834801340977,4.555139500922571,31.73465292074265,3.032931699580592,6.187257947230094,4.754310754203634,4.376417320590602,4.240367917710309,6.023785487946546,4.901589021420275,2.839078251475513,4.501592217229414,4.062027972455542,5.239106541335156,32.63864215925657,3.678633741849029,4.391473238933613,3.685228216045262,5.453567512861934,3.617298245080404,4.09138649363823,5.50944104179662,5.427741207319198,3.613909088490832,4.151613423101002,5.429458529291208,5.207239942201834,5.245819487658496,5.037532725064677,6.692712215262976,3.636266731495305,4.950733948199722,4.38285377405571,5.25670552572321,5.002775732203076,5.147098982892429,5.257508590974346,5.245378441761439,3.910742009956466,6.476710978313625,5.954762501517457,5.916924955526762,47.65443409353089,4.464693344495013,3.634740685615141,7.782515798322125,5.393850927036402,3.111176332649225,5.213454924227236,4.984258204825353,2.303038750153977,4.760236584923399,3.636494713735275,30.5218218165299,4.26632748575637,32.24261214604054,5.538229647636272,5.935721033407894,4.418457404547929,4.550905763568127,4.390148304315041,4.620767794628905,4.376854331893107,6.150622812137436,32.52172140277941,5.69980380336301,5.681386416374799,4.766650152269886,4.112353357197887,4.172208619711189,5.361791864389529,6.694094426386051,6.301616617163836,31.89416548524196,6.019936577802119
67,32.45536223800313,4.180778216636289,4.383810889813324,3.945271149432758,3.740160490606031,4.214609266411837,4.549066229116769,5.763695896575247,0,4.569425081465015,2.882215242819383,3.126957922776949,4.322030741692579,2.85947226607071,3.923327243778389,5.730131394706113,3.930866632345432,4.024522299541408,5.028122600233573,5.493586718436053,4.439232271057512,32.51284841412699,4.584074605230051,4.657986773313362,6.592472821573912,3.324011559457507,3.839659695541013,31.97103112193912,6.475981687730973,5.326307940703193,5.146162276654596,4.706828270186167,6.126858439328187,4.426169193384658,3.037715566889423,4.411842729006633,5.553995834151697,5.87449254327545,3.286963430272104,30.92069489840098,4.880011657127732,4.015415576074229,4.581615229785151,3.516760915048101,3.344526512456465,4.900070407218217,5.754434627496321,4.858394794265317,5.399767586306961,4.591285403666911,4.723863080620054,3.191522870352829,5.710688387180189,4.811061862308404,4.447149447185387,4.982485988755101,5.578256018828327,5.154547834302932,5.674630591054481,5.427309819848108,5.234032369271655,4.272733402721713,4.335953557393414,4.235925997180056,3.932267959180912,4.779091947510627,6.670034537373109,48.38054429845246,4.500585457064663,6.156383297653161,4.822852380092264,4.274026503041303,5.597164778628585,5.35996454797886,2.975911161579731,5.451154415586322,4.274945621055556,5.003700180493186,34.00047999661182,6.527938501992157,33.59996251486005,4.938416364325169,5.625721832120529,2.93168650229466,3.745558411575803,3.41873598486707,3.013864784317434,6.685747841361726,3.905394704360679,31.80507968862835,2.67864769437497,3.243482040000651,5.014327692438945,4.539604033513425,4.047771544215268,5.707206628082823,5.069413358510532,9.662088227656747,31.10209412563728,5.14397262538742
60,34.50492175038222,7.718186898453078,6.500808047890328,7.459120142193603,4.82995448017597,3.838924481658988,5.392341252377956,6.242473381375127,4.569425081465015,0,3.562869270594659,5.444163903785089,4.07854327437827,3.043221012672057,5.163870635867465,7.357816111936311,5.909385014421741,6.992081626394842,5.004914911658944,5.000489016524257,5.806768811971584,31.99503347396279,6.768767553907897,6.651790081809406,7.576236492746501,5.238662962397555,4.442344516766537,31.23718130689771,6.357103334942272,5.862087652623676,5.801089714635587,4.024028554275529,7.900653581674396,4.475798755036481,3.146479959137099,5.456927310962811,6.045236944938277,7.725169838857183,3.913969113156596,31.16244043716729,6.81965764650704,5.474998987709718,5.565029020988725,4.591914267109761,4.888377816035439,6.138637814331456,4.944035648294387,2.349213623621752,6.200117595939449,6.172922806002063,4.577042687962261,5.270994942480989,4.58597736774373,7.182552982420248,4.992641186591122,5.139495355370806,6.466818121686901,6.659864615100367,6.973317283125116,4.087024810321109,5.919866380891031,6.011862299333121,4.372787694353551,3.879650027724951,5.278383155716172,4.550028117293317,6.370183777138523,47.5857252431652,4.281138374505092,8.021043155707776,4.311077663799277,5.268567017964084,5.792929325697595,3.235725997101325,4.716480046432659,5.038698256476954,6.42815031428253,5.478232245227187,33.09875394935587,6.322772300142891,31.60426892051134,3.394517051541286,4.063144254826868,5.448290609134885,5.018325489633842,5.001087458413387,4.084850633415053,5.818024363757179,4.514944617034113,31.69229276969402,4.934249038959758,5.891303647656906,5.668646306362504,5.739911460737823,4.435950611994294,6.61252535597444,7.018589329295168,8.373064367313257,30.33511789988626,4.189680176098078
26,33.42891431081781,5.720865595970897,4.317785730042366,6.2459499764925,2.87767470021873,2.550113224400325,3.837168435523554,4.21587868450788,2.882215242819383,3.562869270594659,0,2.541776764719755,3.048100573843596,3.544965657657825,3.711238225598135,5.89805645571299,3.631786081570386,5.042798955795638,4.141456340758981,5.158704557582902,4.456370285132564,32.81321925687877,4.035747696351415,5.626490407326144,5.887711385160562,2.829898329077863,3.908190609244535,31.4215811028026,4.852059965314124,5.344480488560342,4.419396600745317,2.699716915199958,5.893504922459418,3.678853938811515,2.200781409183145,2.914636135969813,5.232286790619004,4.962984723408606,3.18377999120728,31.61535049623837,4.754961770048791,3.949375910176184,4.302474693147111,4.317587714453423,3.435231974291485,3.88554678975808,4.816548516664476,2.88706928269177,4.395611928624978,4.789732819555976,3.697041976802093,4.078064089991609,4.37478628498975,5.521070416782615,5.231940700412584,2.734462635198656,5.078104924245391,5.115235536524043,6.054032439892038,4.157057277124683,4.737133784870453,4.017760781910724,3.851112606469048,3.533679342277131,5.184192849663973,3.080438893559452,6.11804062486523,48.40517296745673,3.469432309816107,5.207118071055524,4.870841046692453,3.471347061370597,4.223142026180495,4.218015095324258,3.636592555586741,3.517389975819855,4.853295352823754,3.772447535657977,32.91897732311866,5.260629454387487,33.15823624682108,4.587903576942369,4.628389854314507,3.598546542995545,3.275685917750673,3.005286295946434,1.85176934937786,5.836362932972769,4.47705071913425,32.98451424532428,2.758339730597281,3.961150145250558,4.632225879230256,3.872328394059955,3.558067336800735,4.100180192623919,5.473889194244592,7.910847542460627,31.23148621183436,4.632617327035463
81,33.22602808040708,5.045933246973026,4.789614295019466,5.519203157852701,2.859274887489943,3.0378936339336,3.804719850372667,5.008995062416111,3.126957922776949,5.444163903785089,2.541776764719755,0,4.460809222981502,4.543007082574213,4.555749689267057,5.470688366628327,4.010046829233037,5.15984851858139,4.363735341547806,5.37859576331253,4.788470889422118,34.08274402098517,3.905197970611287,5.718990816545044,5.432616739778343,3.27786395795888,4.002400068331729,32.96657787820872,6.229159880158114,4.948283479465903,4.209498737717415,3.56145231539605,4.88763378621226,3.939479124367896,3.365672300564388,3.319910534743371,5.45267720971691,4.449348743018986,3.336825217797855,32.35491311995754,5.198942419337619,4.685419715079781,5.03645930250374,4.360862223939626,4.577502926929548,4.774777712125168,5.164900517441762,5.12168323824807,4.905262952693644,5.27448982798264,3.750815641582063,3.915698891789467,5.310546772682994,6.035011076653089,5.34672426802979,3.473894464791345,6.522960665184873,5.41008487260416,5.543710810096016,5.357956423834639,6.064247218418714,2.913908527846355,5.033257980161919,5.316491206520189,4.966022847842275,3.733022286854705,6.10890989994307,49.68558895223941,4.622933478397311,4.455900242311714,5.823173057834882,5.072828710689119,5.44471655115341,6.262698698513957,3.354296950808835,5.089020314523276,4.7183545593814,3.900798696259897,34.00000538235253,6.381657638495314,34.03842568333618,5.6541139049837,6.068957523806397,3.635642402218315,3.715869782013555,4.191232930834543,3.541758146768964,6.905974737553781,4.200574522571953,34.15481913288373,2.034049342100384,2.901499248395368,5.409284408014304,4.424514930360937,4.228033060123323,4.830066451634892,4.5797576482252,8.733946131363762,31.86289090776291,5.245132368326742
41,32.24197135722319,5.623920139745551,4.459303488153092,6.628900670783431,3.663807218315332,2.710051277610869,6.063629070291873,4.254157977426467,4.322030741692579,4.07854327437827,3.048100573843596,4.460809222981502,0,3.470009487465116,2.707588322523821,7.628828241776461,3.596777168884823,6.745523086613907,3.175219767728127,6.010968730774936,6.054560173014489,31.37826051584121,3.408977638131999,5.311141656918566,5.335733701543322,2.956787240933226,4.318421986370328,30.36856723653586,3.857342077383291,6.985342514705945,5.794035114969621,3.824302648901541,6.119315764919961,4.270368529504609,4.394617294430942,4.272106710841634,4.562697779539769,6.027695441113574,4.654333978452383,32.04112878785638,4.326574612870884,4.234319634414985,4.477658621589067,4.565831549021097,2.866977779672138,4.562164741302245,6.461003368367622,3.917015962944636,3.854723354672366,3.466155945440812,5.094202744549571,4.658523919645961,4.805421644730185,6.382713197728631,6.218951648085035,3.354738398531994,4.288618870311575,5.117010900890901,5.180250796930489,4.106629027779833,4.185217835584238,3.852456418278355,2.750508576303114,2.505138417980502,5.62636690890275,4.562971845040771,6.847116683724164,46.92584929619266,2.568578364107375,6.358064788594275,4.574404183869577,4.262601426985848,5.264977188059159,4.999881114396612,3.649251608033307,2.872108367019861,4.21156586093881,3.389566356480405,31.90057643679813,6.438784418339146,32.1131323915933,3.240982342176902,3.586238480640326,3.820483289173062,4.258021767692278,3.128076391401236,3.122666342332361,5.940602294822783,5.20130773764058,31.66222868024296,4.401936244069331,3.868070814397851,3.139095524549951,3.023696725438321,2.097004868375899,4.892441297964961,5.252828767404643,5.694612477709544,29.25203712564306,6.011359671464422
44,32.48364017470949,5.31123961546247,5.20038852241419,4.722564565610853,3.740384062580842,3.728890727693284,5.120847677607797,5.729764584138033,2.85947226607071,3.043221012672057,3.544965657657825,4.543007082574213,3.470009487465116,0,4.195384848725746,6.563406845033948,4.408394240609742,6.148801397500731,3.801294019650305,4.311564941865408,4.714568124364457,31.23965414341202,5.239994837818195,4.853256536794621,6.579941277129691,3.950909539789628,3.166966339487878,31.55746225538422,5.94935867365057,5.271649243334368,5.461327192362681,4.600870083306863,6.527557483430627,3.718263830237407,3.408518775686597,5.115248695738677,5.020687930061134,6.84975553755852,3.244744853868833,31.14901947092396,5.092187927930955,3.856851031586153,4.36774342599389,2.249725564041294,3.321595406243541,5.842185814296672,5.477925188892382,4.399447300589522,5.455297580318693,4.205098030244031,4.217568664537827,2.914141554183038,5.486409573684937,5.9462027534843,4.221654868287198,5.051146412497459,5.871406785127252,5.272563637973022,4.954696699845597,4.499111274082952,5.614714767900439,4.35702372855917,3.252738468759265,3.290032365393909,3.425462997468552,5.065689685877111,5.770492655158585,47.42877155184038,3.609141610965028,7.265353287109384,3.831372975645657,4.919966871821994,5.828707802514978,4.568639020735096,2.467204943767472,4.913459995538779,4.07760761009674,4.378255101187515,33.47720022642276,6.382572321571955,31.72638674668138,2.680215338169826,4.462821530424776,3.827377379449577,4.587919988908392,3.625949315338555,3.631648787240123,5.678819091254032,2.967620690957377,30.97966363600482,3.990905933589405,3.927583005957791,4.150278535465253,4.60728085441489,2.858088192231629,6.606702581231605,5.568844060908784,8.227582257659799,30.06479695590841,4.433906934748654
43,32.24560066117549,4.587307014070633,4.073677797749542,5.939942908289353,4.391943196472023,3.891908395421254,7.139373155751139,4.933934620951755,3.923327243778389,5.163870635867465,3.711238225598135,4.555749689267057,2.707588322523821,4.195384848725746,0,8.214824576561918,4.857347310030656,5.178316102856678,4.888088469503891,6.929289302783632,6.502889895794599,31.91660796513314,3.754007290696061,3.609790947550122,4.771577105490852,2.421774105582666,4.25287988508979,31.55424977716948,5.219959306129548,7.090287115530467,6.334606871099324,4.875001002982198,5.710781223011892,6.082701978917992,4.738961827681287,4.810753178716789,4.586039350960958,6.721189578837671,5.300954470861948,31.87648244395859,5.013587177312397,5.277434409992058,4.688022441668621,5.294601427556039,2.767060964748842,4.797637280420274,7.073054525671723,4.803514739959522,4.632681815939878,3.244910308305286,6.584879038808876,5.199751227845374,4.635680017299382,5.058289081013545,5.446257541511456,5.018232910187794,4.049849937657484,5.672580092158689,5.374634568874048,4.181939491265863,2.770721087609667,4.743026969966865,3.597381063174292,2.949061265168658,5.735968971895498,6.001507862325041,8.277348918018413,47.38457525768434,4.222359595554513,6.009669147806187,5.98657753313613,4.616409996143982,5.267587506723228,5.305199433596909,3.891159267675485,4.237592280535853,4.756119020475293,5.07517232702721,32.0060210585446,7.724850979349585,33.74763373927127,4.247949199799362,3.967337803531361,2.773126281972639,3.208794886249241,4.303352858243954,3.470840886924105,6.666671402980187,5.927654124262629,31.17629259549635,4.439793700751258,3.644154154701522,4.83715052424691,3.247690210710656,2.988802937264176,4.87539098032685,3.982646119712614,7.47246743636429,29.39592235327886,6.375286455040482
72,31.63935866922717,6.677573643553379,8.896805285020708,7.757815705642548,4.701121565261929,7.103770972487687,5.162003081448638,6.486671025503796,5.730131394706113,7.357816111936311,5.89805645571299,5.470688366628327,7.628828241776461,6.563406845033948,8.214824576561918,0,5.92497659993886,6.861973352415701,6.294516800288599,5.967563754886589,5.153663536433023,34.7730009777701,7.260029622023096,8.10153951183662,8.554764618001117,6.530731222730815,5.97520927454374,32.48337325463597,8.431485520310181,5.832715175411072,3.316006747821906,5.584574720273999,6.373112046715369,6.092512771978093,4.899288868770561,4.472851365082202,6.79764341009679,4.139052881443524,3.93208109836974,31.13016414990452,6.410482766242836,6.167331706432886,6.733001510087478,5.412039684586142,6.495972568861475,5.33601075834809,4.513787974259858,7.239313980208983,6.024037642631114,7.873696320721317,5.091550522141433,5.807165211654769,7.112582156795005,7.2589572742845,7.156882243676733,6.122162779594792,8.369533175377205,5.401956337288333,6.587006699736331,8.831837526930864,8.798917122512513,6.332878766563081,8.591341704960698,7.528749895498173,5.034344409952447,5.603335868238392,4.212820893559374,48.74727511823728,6.831179235514884,6.27015878629627,7.81101684012563,8.171842367010482,7.273095515500279,7.739799391805479,6.078881998448722,7.570413884079103,6.419886171506256,6.275942680858947,33.52835592450069,4.97910679229521,31.79654629043852,7.550033212513013,9.261259064079725,6.016326109944836,6.707321330676993,6.504803498907824,7.151347845463174,6.975700143871092,4.996590373615686,32.5221032683927,5.56204323925917,6.503538316481522,6.864094522491947,7.575800203556004,7.436254881841825,8.858001874838974,8.819349513008479,11.32483500799155,33.43460216601957,6.800377186842083
73,31.27073179508276,4.750951853925153,4.698722662090394,5.907718126377243,3.761499845151385,4.504060000814841,5.045784572529985,4.773764322374409,3.930866632345432,5.909385014421741,3.631786081570386,4.010046829233037,3.596777168884823,4.408394240609742,4.857347310030656,5.92497659993886,0,6.505567201824112,3.792175651266135,6.541437112321251,5.319683768867693,32.20561163834651,3.04714731367851,6.511292268169015,6.955833427416366,3.68385989833047,5.534826244368126,30.17537850632531,4.603814508924311,7.367077321629997,5.659412579806476,4.960909417638436,6.289377399066084,3.549465111538284,4.972178939519586,3.962428321335421,5.48236920376463,4.353292870627359,4.629481203444605,32.24917884225892,2.737233001859582,2.833683571424098,4.596150774988618,4.468998403221334,3.598158423121534,4.142322841265031,6.8715983140483,5.808744820471664,3.719254004121469,4.251025609282679,4.757323575202316,4.154625225929906,6.929256108018123,6.492800004857023,7.501832344562776,3.515882671984119,4.795692318956592,3.839076729900415,5.575605944480829,6.624538388086658,5.840587135564314,3.305055225152096,4.465745158560604,4.567496337387585,5.539335201435523,4.109869600986939,6.172884345071841,47.82909090440904,3.217334425687655,6.223577941160932,4.597281441109685,4.274621070119982,6.278619792927545,6.873696236434079,4.002400288468984,4.366475178859702,3.084730453191735,3.604165608266634,33.36643317767123,5.540144275434119,32.74791117002732,5.585607921771175,6.122760643732037,4.188953136170832,5.25923659927235,2.075243028411157,3.893803528495253,6.621963427457909,5.163417948947289,32.42475268988185,4.395987120171093,3.833327533542874,2.51931969761467,3.594154358018602,4.166772900235694,5.843068284262467,6.636863460319213,7.596170101302413,31.0094715208112,7.216262134049972
63,33.47911014349097,4.942746496732557,5.872444679642643,6.025666357461676,5.65681189652096,6.88258527698638,7.16723954763045,6.401147443373711,4.024522299541408,6.992081626394842,5.042798955795638,5.15984851858139,6.745523086613907,6.148801397500731,5.178316102856678,6.861973352415701,6.505567201824112,0,7.569180265593392,7.720261326858362,5.618295388935,34.32532621840614,6.516003436256693,4.868597083635144,7.527464203108686,4.448259637742597,5.637823894179326,33.78174470035555,7.666905078410339,6.657965155399234,6.503085130572755,6.698048721227718,6.40643782041562,7.779209168169982,4.925267206171133,5.249592721220736,6.24519084095823,6.875957414943827,5.726651879937167,31.9509451033925,6.196231163520124,6.069066651708462,5.178026597968387,6.40483892917794,4.915312015392532,5.406627673969635,6.679064566424742,6.569870573964691,6.40330880083483,5.96074751955752,7.599693845812295,6.194881408846888,6.385797320746856,3.168958480639419,5.508983670432707,7.194937212083724,5.663612648165822,5.964855722580781,7.440770015260791,6.581252783747127,4.808731490613427,7.025701734979481,6.72070833179698,5.687128828260233,6.069064131496951,7.15422368049754,8.686106083356313,49.85939889842482,6.638774638415986,5.977365227783324,8.04142234299932,5.562866084624231,5.725537091689731,6.22687499203359,5.655569193868999,6.829623822261582,6.339990772259697,7.654262417649493,33.97576212537403,7.38502756941029,36.14537778195159,7.430714971405352,6.938311550704602,3.90170852090816,3.547523638081275,6.081867744733102,5.199587407233809,7.071400901040189,6.710377718676614,31.99963577917724,5.515609225497855,5.896284330906212,7.449065557929291,5.691401455204874,6.58771095576197,6.885768223830245,6.718179992607261,11.57630649480123,33.39664547525696,6.917557875299633
52,32.0491641388664,5.47084285710999,6.054756057768245,6.480632355423265,2.583238943219036,3.309559839414169,5.681742433162993,4.173356402062504,5.028122600233573,5.004914911658944,4.141456340758981,4.363735341547806,3.175219767728127,3.801294019650305,4.888088469503891,6.294516800288599,3.792175651266135,7.569180265593392,0,4.641563983835935,5.36277985430501,32.48095060185278,4.25362641510863,5.82328012303384,5.371455110505075,3.769967885618659,3.679768660911821,31.9584912190798,4.696054008697357,5.983753584916454,4.731365828750888,4.020664643361038,4.804363731263052,3.400890996940077,4.698038217588634,3.99532704032092,3.578359660101173,5.188115450600509,3.820227928731173,33.25176685531162,4.102859167026381,3.911467504167489,4.163258693041506,3.180009200308988,4.009877368789281,5.30629202164442,5.282691367452423,5.496532286982315,3.505749596383954,3.950091901878183,3.88427188741913,3.979596076868606,5.463353153709026,7.063663314895823,6.186723891375462,3.634523396508352,5.990163374367604,4.083961617094277,3.39810712411727,5.066348445305453,6.17444442216673,2.684967699334533,4.176760732165818,4.147289753258153,4.383479100645456,4.607859820309121,4.377112805547709,48.07057032312588,2.64523189820122,6.039453915614348,5.061489387808084,6.051052381843278,6.04931569591082,6.174853120060454,2.822359347578337,3.960988032036168,3.207394259571851,2.384856665577898,32.81307020075995,5.689345730902475,31.36892352313034,3.29947646654959,4.920542714136514,4.198745809338705,4.909536289049826,4.202011797795518,4.920585346058464,4.9716726723464,3.59258693748666,32.43105314355365,4.831209003660119,3.788541384747294,2.816524610725475,3.670379820452417,2.729855532730364,6.796224614685998,5.909426258926498,5.711976712942805,30.59859988626931,5.811087775103595
55,32.90875745147483,7.220692141203682,7.14718748616904,6.455194778475216,3.851823641266718,4.982278762261371,4.592295879188041,5.576558031533978,5.493586718436053,5.000489016524257,5.158704557582902,5.37859576331253,6.010968730774936,4.311564941865408,6.929289302783632,5.967563754886589,6.541437112321251,7.720261326858362,4.641563983835935,0,3.590520358669554,31.67429476720832,6.771100307234811,6.298584536785738,6.347686525225971,5.617908756304882,3.272214180301909,33.48370953165135,6.865842620601235,2.50437199853586,4.570505948150793,4.904857507505003,5.919786976604929,4.933019715866669,4.214642365916736,5.488583497894783,6.262499740398877,6.598350720100822,3.857224435428427,31.41039958357741,6.589135231561971,5.365077119259281,5.432145013618545,3.365820818461308,5.671584495489702,7.347186105875576,4.005624946552264,5.829105492385962,6.959381898653447,6.257479173487668,3.163602437801372,3.504053090682584,6.170219186222067,6.855170031795395,4.297392837692235,5.52684131769688,8.561348367721401,6.628676214157342,5.464543185233347,5.203932080640763,8.203660213213075,5.667561659392201,5.807468672421384,5.690038093504123,4.784136606248438,6.395890325039397,3.934918222780989,48.26450985547837,5.968655585795394,6.412138142334455,7.209451163479249,7.156243580610282,5.299334049374383,5.162739628239132,4.37161331230131,5.698025507757123,5.898274765178392,4.384352603231547,32.83445317041233,5.63095037622441,30.51052031676943,4.811027203854968,6.942661779367118,5.954649228924053,6.240674105993106,5.785950835067608,5.632110774875572,5.402022903810538,3.44454893674059,32.87406283074851,5.267769179186384,6.060024419264244,6.514301211798741,6.842059290971906,4.716918999768737,7.493648686413867,6.804041571003133,8.679143943192317,31.91967111359388,2.517878013019662
92,32.714312448835,5.969912541989754,5.630897647500625,5.566948074282934,3.736592117935727,5.762404598469271,4.164097281524334,4.608289309726665,4.439232271057512,5.806768811971584,4.456370285132564,4.788470889422118,6.054560173014489,4.714568124364457,6.502889895794599,5.153663536433023,5.319683768867693,5.618295388935,5.36277985430501,3.590520358669554,0,31.9929358296484,5.912189795312056,5.829701699338288,6.980546426357838,4.556945627772834,4.256725082557543,33.15637525424031,5.760207162363107,3.786465642752689,5.013125609540543,5.586880116313502,5.75267092102697,5.229478389297425,4.094216997653303,4.512308362219703,6.207182163442045,5.429923329071475,4.315735329393908,31.7985498725964,4.801273836225965,3.525280947452123,3.802079665939406,3.922037867543929,4.659490595593168,6.160709863240848,4.759454531769109,6.057022263883678,6.24032215562092,5.408427703738297,4.094233398209546,3.20647771858617,6.942685337461501,4.655321944101671,5.195779772064762,5.35125611910397,6.966476053624125,5.187751395775809,6.200655347528775,5.629718575813281,7.060181462311448,5.798677060303832,5.486066545317592,5.152109394480192,5.285145683626764,6.253799859100615,4.944942367939064,49.07033471276179,5.570477195038252,5.377661793929412,7.307861051258469,5.259030921219084,4.098889510181707,5.112986591257006,4.506982932736911,5.0310762093321,4.952742307915244,4.843552401621936,33.36322369016521,4.056331780653915,32.66048866750159,6.192895822092628,7.019173466929861,5.109682003583034,5.343689793267496,4.420843589365741,4.56111115655344,4.877830041929539,4.59851371126564,33.05573845794403,5.255028975710178,6.02854345155688,6.015289860043843,5.81453279834479,5.15811189306877,6.680864368769995,7.316099524684947,9.459861460254388,33.63753287623813,4.252913872667095
70,31.35941705453085,32.79770450809022,31.0067209649779,31.64502651286612,32.86486004838603,32.72459330534148,32.91464108873133,32.08804810205818,32.51284841412699,31.99503347396279,32.81321925687877,34.08274402098517,31.37826051584121,31.23965414341202,31.91660796513314,34.7730009777701,32.20561163834651,34.32532621840614,32.48095060185278,31.67429476720832,31.9929358296484,0,31.61471056328051,31.65189504595262,32.1845632873898,32.4275873755665,32.36972214894654,30.12008261940861,30.85272898788696,33.09086602070123,33.95930259884617,33.22062019288624,34.11376892106765,32.78308362555298,33.07682404645283,33.81315825237271,33.95061554670254,33.88515347464137,33.49481252373268,30.34875995819268,31.77440133188981,31.69301146940757,32.55674618262704,32.03177651957505,31.11417387622562,33.52788293346301,34.68928348928527,32.30020820366332,33.74557037597675,31.12410628435779,32.74904163483262,31.13938130406576,33.82581475737133,32.00695143246229,32.6323485057389,32.53101410961546,32.23271395647596,33.64121463324415,32.57059905804619,31.98712275275787,32.70517677677345,33.36816424378183,30.81746431814273,30.97173793961198,33.45079333887316,34.46275353189296,33.68550097593919,31.98313635339723,32.75459093012765,33.86995144667321,32.78859271149038,31.60521089947036,31.33202275627923,31.17475408082638,32.59128085853638,31.16981097151537,32.14587301660977,31.52180220101636,32.15959166407435,32.76309765574678,30.27898140624946,31.40691659491582,32.73870267741226,33.07812118304181,34.22780361051523,30.83620784078354,31.48857613484611,32.98255696576601,33.24726939163576,32.8368399210399,33.03024017472474,33.13849948322948,31.71857317093567,33.04495027988391,31.01228780660982,31.57083487967969,32.48036802439283,30.86684763625854,30.31135600727886,31.86783968203681
