Head,Tail,Difference
0,0,0
0,1,0
0,2,0
0,3,0
0,4,7.10543e-15
0,5,0
0,6,-7.10543e-15
0,7,-3.55271e-15
0,8,0
0,9,0
0,10,0
0,11,0
0,12,0
0,13,0
0,14,-7.10543e-15
0,15,0
0,16,0
0,17,0
0,18,0
0,19,0
0,20,7.10543e-15
0,21,0
0,22,0
0,23,0
0,24,3.55271e-15
0,25,0
0,26,0
0,27,0
0,28,-7.10543e-15
0,29,0
0,30,0
0,31,0
0,32,3.55271e-15
0,33,-7.10543e-15
0,34,0
0,35,-7.10543e-15
0,36,0
0,37,0
0,38,0
0,39,0
0,40,-3.55271e-15
0,41,0
0,42,7.10543e-15
0,43,0
0,44,0
0,45,-3.55271e-15
0,46,7.10543e-15
0,47,0
0,48,3.55271e-15
0,49,0
0,50,0
0,51,0
0,52,0
0,53,-3.55271e-15
0,54,0
0,55,0
0,56,0
0,57,0
0,58,-3.55271e-15
0,59,0
0,60,0
0,61,0
0,62,0
0,63,7.10543e-15
0,64,0
0,65,-7.10543e-15
0,66,0
0,67,0
0,68,0
0,69,0
0,70,0
0,71,0
0,72,0
0,73,0
0,74,0
0,75,0
0,76,-3.55271e-15
0,77,0
0,78,3.55271e-15
0,79,0
0,80,0
0,81,0
0,82,0
0,83,-3.55271e-15
0,84,0
0,85,0
0,86,0
0,87,0
0,88,0
0,89,0
0,90,0
0,91,0
0,92,-3.55271e-15
0,93,0
0,94,0
0,95,7.10543e-15
0,96,0
0,97,0
0,98,0
0,99,0
1,0,0
1,1,0
1,2,29.6727
1,3,28.8344
1,4,29.9653
1,5,27.3558
1,6,27.5223
1,7,28.7275
1,8,29.1976
1,9,24.4867
1,10,29.5547
1,11,29.1113
1,12,28.3046
1,13,27.2373
1,14,29.2714
1,15,27.5311
1,16,27.8233
1,17,30.5266
1,18,28.6586
1,19,27.0557
1,20,28.1811
1,21,-7.10543e-15
1,22,27.6541
1,23,29.6287
1,24,27.6287
1,25,28.3481
1,26,28.4338
1,27,-7.10543e-15
1,28,27.3404
1,29,25.126
1,30,26.2119
1,31,28.4707
1,32,29.6743
1,33,26.8968
1,34,29.0471
1,35,29.1759
1,36,28.5868
1,37,27.6541
1,38,27.0994
1,39,0
1,40,30.7449
1,41,27.5555
1,42,29.9504
1,43,28.4578
1,44,26.6307
1,45,26.6021
1,46,26.8143
1,47,24.9685
1,48,28.3463
1,49,29.1507
1,50,26.0495
1,51,30.9558
1,52,26.1037
1,53,27.7345
1,54,29.1595
1,55,27.5056
1,56,27.3853
1,57,30.6697
1,58,27.6079
1,59,27.0652
1,60,26.8273
1,61,29.8961
1,62,30.3923
1,63,28.5255
1,64,28.0953
1,65,25.2155
1,66,26.4388
1,67,0
1,68,28.0466
1,69,29.1569
1,70,27.925
1,71,27.2051
1,72,28.7262
1,73,24.7401
1,74,31.9713
1,75,26.6847
1,76,31.0034
1,77,27.1487
1,78,0
1,79,26.7673
1,80,-7.10543e-15
1,81,27.3268
1,82,27.2722
1,83,31.3668
1,84,27.6989
1,85,27.5705
1,86,28.1918
1,87,26.7786
1,88,26.6599
1,89,-3.55271e-15
1,90,25.9235
1,91,30.319
1,92,28.2074
1,93,30.3703
1,94,26.5199
1,95,26.2707
1,96,25.6945
1,97,25.9353
1,98,0
1,99,26.6737
2,0,0
2,1,29.6727
2,2,0
2,3,27.2822
2,4,27.6323
2,5,27.7768
2,6,27.7098
2,7,28.3342
2,8,28.0076
2,9,26.0642
2,10,27.7941
2,11,30.5486
2,12,27.7827
2,13,27.7133
2,14,29.0787
2,15,26.6486
2,16,28.9032
2,17,26.8949
2,18,28.0584
2,19,25.2768
2,20,27.7273
2,21,3.55271e-15
2,22,27.4864
2,23,27.9488
2,24,25.7559
2,25,28.6466
2,26,24.786
2,27,3.55271e-15
2,28,27.649
2,29,26.6432
2,30,26.6435
2,31,27.1617
2,32,26.1139
2,33,28.6012
2,34,28.2676
2,35,27.3011
2,36,28.393
2,37,25.8868
2,38,26.8413
2,39,0
2,40,26.8318
2,41,30.2925
2,42,29.5734
2,43,27.9889
2,44,28.7974
2,45,26.3386
2,46,25.338
2,47,29.6081
2,48,26.8344
2,49,28.8886
2,50,27.28
2,51,27.7633
2,52,27.6154
2,53,28.7934
2,54,28.5736
2,55,29.487
2,56,27.9299
2,57,26.4762
2,58,26.3802
2,59,28.5522
2,60,28.1388
2,61,28.794
2,62,30.1301
2,63,28.6441
2,64,25.7501
2,65,26.2139
2,66,25.8534
2,67,0
2,68,28.6988
2,69,24.9845
2,70,28.3458
2,71,29.8363
2,72,28.4077
2,73,25.3225
2,74,29.3697
2,75,28.8168
2,76,28.6116
2,77,29.1294
2,78,0
2,79,25.7285
2,80,0
2,81,27.339
2,82,29.9785
2,83,30.3019
2,84,29.6327
2,85,30.4009
2,86,30.4215
2,87,25.9553
2,88,28.0116
2,89,0
2,90,29.5189
2,91,29.0554
2,92,28.068
2,93,29.4274
2,94,29.9373
2,95,30.3725
2,96,27.3478
2,97,23.8965
2,98,3.55271e-15
2,99,26.4986
3,0,0
3,1,28.8344
3,2,27.2822
3,3,0
3,4,27.9695
3,5,26.8849
3,6,26.1255
3,7,26.6426
3,8,29.9532
3,9,26.3261
3,10,25.2911
3,11,28.5392
3,12,27.6968
3,13,28.2252
3,14,27.8636
3,15,25.3482
3,16,27.8846
3,17,27.4653
3,18,26.5484
3,19,26.9218
3,20,26.4867
3,21,-3.55271e-15
3,22,27.4366
3,23,27.2421
3,24,24.852
3,25,27.8304
3,26,28.727
3,27,0
3,28,25.8551
3,29,27.4015
3,30,26.1466
3,31,25.8271
3,32,27.5123
3,33,28.5209
3,34,26.9766
3,35,26.9034
3,36,27.9755
3,37,25.8244
3,38,27.517
3,39,0
3,40,27.8613
3,41,27.5485
3,42,27.2524
3,43,28.8914
3,44,28.0708
3,45,25.9258
3,46,25.6765
3,47,24.007
3,48,26.5239
3,49,30.5828
3,50,27.4567
3,51,29.3463
3,52,24.7374
3,53,26.2435
3,54,28.8484
3,55,25.4518
3,56,25.2992
3,57,25.824
3,58,26.6517
3,59,26.2766
3,60,24.5999
3,61,26.1461
3,62,28.461
3,63,28.7623
3,64,28.6888
3,65,24.9344
3,66,26.1636
3,67,0
3,68,29.0249
3,69,25.7588
3,70,28.1765
3,71,28.0901
3,72,23.8971
3,73,24.5205
3,74,27.1433
3,75,26.4246
3,76,28.5744
3,77,26.1604
3,78,0
3,79,23.459
3,80,0
3,81,26.1318
3,82,26.1489
3,83,30.1186
3,84,29.1929
3,85,26.2925
3,86,26.7358
3,87,25.2148
3,88,26.3896
3,89,0
3,90,26.5888
3,91,28.3779
3,92,26.0832
3,93,27.2567
3,94,26.9861
3,95,24.9894
3,96,26.2377
3,97,22.5796
3,98,0
3,99,26.5902
4,0,7.10543e-15
4,1,29.9653
4,2,27.6323
4,3,27.9695
4,4,0
4,5,31.691
4,6,27.4588
4,7,29.5017
4,8,29.0017
4,9,27.6879
4,10,29.9737
4,11,31.0675
4,12,29.4401
4,13,31.3216
4,14,29.2044
4,15,27.977
4,16,31.8543
4,17,27.2646
4,18,29.3511
4,19,29.3232
4,20,29.9018
4,21,0
4,22,28.2631
4,23,26.5093
4,24,29.3556
4,25,30.2697
4,26,30.324
4,27,0
4,28,27.5362
4,29,28.8203
4,30,31.2134
4,31,29.3633
4,32,30.5901
4,33,30.7307
4,34,29.5323
4,35,29.4956
4,36,30.3288
4,37,29.3885
4,38,32.3968
4,39,0
4,40,27.1773
4,41,27.8483
4,42,31.2215
4,43,27.6885
4,44,27.992
4,45,28.9393
4,46,28.5482
4,47,29.1671
4,48,31.0049
4,49,29.2724
4,50,31.1543
4,51,31.6876
4,52,27.8624
4,53,26.5987
4,54,29.0103
4,55,28.3719
4,56,27.5483
4,57,29.1856
4,58,30.9271
4,59,30.6563
4,60,26.0714
4,61,30.0522
4,62,27.1949
4,63,29.2661
4,64,29.1986
4,65,28.006
4,66,29.3467
4,67,0
4,68,29.5837
4,69,28.7456
4,70,28.274
4,71,26.9084
4,72,27.1152
4,73,27.6846
4,74,29.7896
4,75,29.6219
4,76,31.9089
4,77,30.4779
4,78,7.10543e-15
4,79,28.9905
4,80,7.10543e-15
4,81,26.613
4,82,28.3373
4,83,29.9829
4,84,30.1188
4,85,28.5996
4,86,27.1579
4,87,24.9709
4,88,30.3559
4,89,0
4,90,28.9745
4,91,30.1189
4,92,29.2774
4,93,29.2611
4,94,30.7834
4,95,27.1661
4,96,28.7581
4,97,25.6977
4,98,3.55271e-15
4,99,27.763
5,0,0
5,1,27.3558
5,2,27.7768
5,3,26.8849
5,4,31.691
5,5,0
5,6,26.1175
5,7,29.0129
5,8,28.8521
5,9,26.7077
5,10,27.9465
5,11,32.2339
5,12,32.0926
5,13,28.22
5,14,27.9444
5,15,25.1864
5,16,27.2456
5,17,26.5256
5,18,28.3875
5,19,28.3847
5,20,27.9697
5,21,0
5,22,27.6089
5,23,28.497
5,24,25.1601
5,25,29.0389
5,26,27.3504
5,27,0
5,28,27.6387
5,29,29.2303
5,30,26.14
5,31,29.6682
5,32,29.9407
5,33,29.1488
5,34,27.6643
5,35,29.3932
5,36,27.0174
5,37,27.3222
5,38,26.7202
5,39,0
5,40,27.5393
5,41,27.772
5,42,29.8926
5,43,29.1355
5,44,27.1338
5,45,27.4622
5,46,28.6563
5,47,29.5338
5,48,26.5946
5,49,26.8818
5,50,30.59
5,51,28.5744
5,52,27.6271
5,53,28.0858
5,54,27.8903
5,55,28.7325
5,56,26.3667
5,57,27.1539
5,58,27.2229
5,59,28.3473
5,60,26.7846
5,61,28.967
5,62,30.4222
5,63,27.4208
5,64,30.0215
5,65,30.2946
5,66,26.569
5,67,0
5,68,29.0074
5,69,27.3152
5,70,28.6201
5,71,27.088
5,72,25.2734
5,73,26.5852
5,74,31.0234
5,75,29.1283
5,76,27.0979
5,77,27.7911
5,78,0
5,79,28.3359
5,80,0
5,81,27.9756
5,82,27.7737
5,83,26.869
5,84,27.6292
5,85,27.7857
5,86,28.4684
5,87,27.5774
5,88,30.7303
5,89,0
5,90,30.6145
5,91,30.0754
5,92,27.4071
5,93,28.6766
5,94,30.4491
5,95,28.4932
5,96,27.721
5,97,25.0569
5,98,0
5,99,27.7717
6,0,-7.10543e-15
6,1,27.5223
6,2,27.7098
6,3,26.1255
6,4,27.4588
6,5,26.1175
6,6,0
6,7,25.8854
6,8,28.4874
6,9,25.2077
6,10,28.3923
6,11,27.5545
6,12,27.7302
6,13,28.131
6,14,25.7339
6,15,27.1525
6,16,28.0552
6,17,27.5926
6,18,23.6788
6,19,27.4498
6,20,30.2928
6,21,-7.10543e-15
6,22,26.8163
6,23,25.1078
6,24,24.8969
6,25,26.1043
6,26,25.1409
6,27,0
6,28,27.5434
6,29,29.416
6,30,28.1033
6,31,28.0067
6,32,27.6896
6,33,28.9228
6,34,28.077
6,35,28.717
6,36,26.0151
6,37,27.1957
6,38,27.5102
6,39,-3.55271e-15
6,40,26.6204
6,41,26.4793
6,42,27.0695
6,43,27.7543
6,44,26.3752
6,45,26.3016
6,46,28.6157
6,47,26.0799
6,48,24.2506
6,49,25.1987
6,50,28.8365
6,51,27.9429
6,52,26.8295
6,53,24.6396
6,54,25.7807
6,55,26.8195
6,56,23.3321
6,57,24.3675
6,58,25.5086
6,59,28.6979
6,60,22.1315
6,61,28.3366
6,62,26.9974
6,63,28.3565
6,64,25.968
6,65,28.2196
6,66,27.8693
6,67,0
6,68,25.5652
6,69,24.7109
6,70,27.784
6,71,27.1173
6,72,26.2489
6,73,26.7845
6,74,27.893
6,75,27.1802
6,76,27.3166
6,77,26.779
6,78,-7.10543e-15
6,79,29.0583
6,80,0
6,81,24.3717
6,82,23.9358
6,83,27.3102
6,84,26.9931
6,85,27.0868
6,86,27.1886
6,87,25.4367
6,88,29.8718
6,89,0
6,90,28.2827
6,91,28.4704
6,92,28.1545
6,93,25.4651
6,94,25.959
6,95,26.0476
6,96,27.6532
6,97,23.7998
6,98,0
6,99,28.2171
7,0,-3.55271e-15
7,1,28.7275
7,2,28.3342
7,3,26.6426
7,4,29.5017
7,5,29.0129
7,6,25.8854
7,7,0
7,8,27.747
7,9,25.9818
7,10,26.7918
7,11,26.8177
7,12,25.2626
7,13,27.6263
7,14,28.387
7,15,24.8962
7,16,27.9252
7,17,26.7995
7,18,29.26
7,19,25.4464
7,20,27.1915
7,21,0
7,22,27.8841
7,23,26.1017
7,24,27.2857
7,25,29.1681
7,26,27.8752
7,27,-3.55271e-15
7,28,30.253
7,29,28.6116
7,30,27.6877
7,31,27.7136
7,32,28.9215
7,33,28.3114
7,34,28.617
7,35,29.0753
7,36,28.8376
7,37,27.248
7,38,28.2533
7,39,0
7,40,28.9146
7,41,29.7118
7,42,27.739
7,43,26.5724
7,44,27.8276
7,45,28.644
7,46,26.7762
7,47,26.5738
7,48,28.5641
7,49,29.2486
7,50,27.3937
7,51,29.1143
7,52,28.4252
7,53,27.143
7,54,26.8587
7,55,31.603
7,56,27.8537
7,57,26.2741
7,58,28.9452
7,59,29.4234
7,60,29.3329
7,61,28.916
7,62,26.7849
7,63,29.7228
7,64,27.1265
7,65,26.2702
7,66,26.4026
7,67,0
7,68,29.0012
7,69,27.8601
7,70,25.5285
7,71,27.5409
7,72,29.4835
7,73,27.602
7,74,28.7611
7,75,29.069
7,76,28.6735
7,77,28.4835
7,78,-7.10543e-15
7,79,26.9376
7,80,0
7,81,26.4757
7,82,27.3083
7,83,27.9662
7,84,30.5744
7,85,27.0411
7,86,29.2373
7,87,29.2341
7,88,26.2537
7,89,-7.10543e-15
7,90,27.8917
7,91,28.1052
7,92,28.1705
7,93,29.1746
7,94,28.8552
7,95,29.1303
7,96,25.2215
7,97,26.0666
7,98,0
7,99,25.9204
8,0,0
8,1,29.1976
8,2,28.0076
8,3,29.9532
8,4,29.0017
8,5,28.8521
8,6,28.4874
8,7,27.747
8,8,0
8,9,29.2599
8,10,30.8668
8,11,30.7153
8,12,26.9262
8,13,28.159
8,14,29.005
8,15,28.0742
8,16,28.7012
8,17,28.3314
8,18,29.0502
8,19,26.6417
8,20,29.5407
8,21,0
8,22,26.83
8,23,28.4462
8,24,27.4538
8,25,29.0792
8,26,28.2633
8,27,-3.55271e-15
8,28,26.2603
8,29,28.006
8,30,27.3989
8,31,27.1524
8,32,27.2537
8,33,27.7009
8,34,29.2452
8,35,27.9574
8,36,27.8207
8,37,28.3188
8,38,30.3131
8,39,-3.55271e-15
8,40,28.9106
8,41,27.7105
8,42,27.5056
8,43,29.3034
8,44,29.8681
8,45,28.8849
8,46,27.1933
8,47,27.1955
8,48,26.1445
8,49,26.2401
8,50,28.7108
8,51,29.7129
8,52,26.3543
8,53,28.0986
8,54,29.3176
8,55,26.3278
8,56,26.9296
8,57,27.6034
8,58,26.5642
8,59,27.5028
8,60,27.6057
8,61,29.8723
8,62,28.0547
8,63,29.465
8,64,28.068
8,65,26.6562
8,66,27.1948
8,67,0
8,68,28.3098
8,69,26.0797
8,70,27.1176
8,71,29.1934
8,72,26.6278
8,73,26.6687
8,74,30.1092
8,75,26.1501
8,76,29.4364
8,77,27.6312
8,78,0
8,79,25.2936
8,80,0
8,81,26.8457
8,82,27.2268
8,83,28.8589
8,84,29.099
8,85,27.6585
8,86,27.0777
8,87,27.2541
8,88,28.5017
8,89,0
8,90,30.7558
8,91,29.0516
8,92,26.9246
8,93,28.1786
8,94,28.2432
8,95,28.3642
8,96,25.9566
8,97,22.7525
8,98,0
8,99,26.6304
9,0,0
9,1,24.4867
9,2,26.0642
9,3,26.3261
9,4,27.6879
9,5,26.7077
9,6,25.2077
9,7,25.9818
9,8,29.2599
9,9,0
9,10,27.0007
9,11,28.0684
9,12,28.0284
9,13,29.3005
9,14,27.9658
9,15,26.1662
9,16,25.6524
9,17,27.6709
9,18,27.1872
9,19,28.0001
9,20,27.8601
9,21,0
9,22,25.5908
9,23,26.4537
9,24,25.4104
9,25,27.6814
9,26,27.5121
9,27,-3.55271e-15
9,28,28.4841
9,29,29.2105
9,30,26.9501
9,31,29.2134
9,32,26.6841
9,33,28.2218
9,34,31.3653
9,35,27.7863
9,36,27.6057
9,37,26.0274
9,38,28.6585
9,39,0
9,40,26.6279
9,41,27.374
9,42,30.3256
9,43,27.2736
9,44,25.5001
9,45,28.312
9,46,27.4098
9,47,29.1715
9,48,25.4053
9,49,25.6689
9,50,28.1703
9,51,27.5661
9,52,28.3842
9,53,24.626
9,54,29.9707
9,55,25.6062
9,56,26.8502
9,57,26.7787
9,58,27.7
9,59,29.6526
9,60,24.9498
9,61,27.5047
9,62,27.8362
9,63,29.6097
9,64,28.3863
9,65,27.0411
9,66,24.9521
9,67,0
9,68,28.3609
9,69,25.1273
9,70,28.9718
9,71,27.2374
9,72,26.5383
9,73,27.1602
9,74,29.1887
9,75,28.1021
9,76,26.2683
9,77,26.6656
9,78,0
9,79,28.9711
9,80,3.55271e-15
9,81,27.6936
9,82,28.1461
9,83,27.531
9,84,26.3609
9,85,26.5152
9,86,27.7489
9,87,26.2555
9,88,29.7576
9,89,-3.55271e-15
9,90,28.1256
9,91,27.7192
9,92,28.9893
9,93,26.328
9,94,29.4362
9,95,25.554
9,96,25.0432
9,97,23.533
9,98,0
9,99,27.3243
10,0,0
10,1,29.5547
10,2,27.7941
10,3,25.2911
10,4,29.9737
10,5,27.9465
10,6,28.3923
10,7,26.7918
10,8,30.8668
10,9,27.0007
10,10,0
10,11,31.8112
10,12,27.9225
10,13,27.8667
10,14,28.9941
10,15,24.9149
10,16,28.2359
10,17,25.1374
10,18,27.5528
10,19,27.6594
10,20,30.0971
10,21,0
10,22,29.1738
10,23,27.5646
10,24,25.9813
10,25,29.2381
10,26,29.3831
10,27,-7.10543e-15
10,28,26.8757
10,29,27.1892
10,30,27.8914
10,31,29.2639
10,32,27.292
10,33,29.0709
10,34,28.439
10,35,30.8019
10,36,27.7241
10,37,26.4813
10,38,28.5995
10,39,-3.55271e-15
10,40,26.8883
10,41,30.4866
10,42,28.659
10,43,26.5852
10,44,29.0764
10,45,27.6981
10,46,26.6813
10,47,29.1356
10,48,26.6677
10,49,28.3635
10,50,30.5002
10,51,28.0181
10,52,28.5016
10,53,26.8032
10,54,27.3851
10,55,30.2865
10,56,26.8436
10,57,28.1551
10,58,26.6391
10,59,27.8429
10,60,26.5388
10,61,27.032
10,62,28.3272
10,63,29.302
10,64,28.1133
10,65,28.991
10,66,26.8391
10,67,0
10,68,27.5312
10,69,27.8929
10,70,26.108
10,71,28.0163
10,72,25.4471
10,73,28.7033
10,74,29.3757
10,75,28.4923
10,76,25.9614
10,77,27.0469
10,78,0
10,79,25.888
10,80,0
10,81,25.8942
10,82,28.2991
10,83,26.6668
10,84,28.2704
10,85,26.8842
10,86,30.6616
10,87,26.4957
10,88,29.5153
10,89,0
10,90,28.4965
10,91,28.0733
10,92,27.3902
10,93,25.8353
10,94,28.5274
10,95,28.7319
10,96,25.9606
10,97,26.5026
10,98,-3.55271e-15
10,99,25.7177
11,0,0
11,1,29.1113
11,2,30.5486
11,3,28.5392
11,4,31.0675
11,5,32.2339
11,6,27.5545
11,7,26.8177
11,8,30.7153
11,9,28.0684
11,10,31.8112
11,11,0
11,12,27.4667
11,13,28.4425
11,14,28.6292
11,15,27.4883
11,16,29.0511
11,17,29.2042
11,18,28.159
11,19,26.7316
11,20,27.4533
11,21,0
11,22,30.3304
11,23,27.9692
11,24,26.9924
11,25,28.5721
11,26,28.1025
11,27,-7.10543e-15
11,28,27.9551
11,29,27.7447
11,30,30.0845
11,31,30.0548
11,32,29.3967
11,33,30.1635
11,34,30.8472
11,35,29.2996
11,36,27.0627
11,37,27.6762
11,38,32.1996
11,39,-7.10543e-15
11,40,27.9931
11,41,27.8622
11,42,28.0766
11,43,28.2604
11,44,28.7447
11,45,27.7251
11,46,26.8656
11,47,25.5835
11,48,27.4507
11,49,29.3824
11,50,28.9477
11,51,27.2797
11,52,27.8746
11,53,24.8979
11,54,29.529
11,55,29.2685
11,56,26.3883
11,57,28.337
11,58,27.4769
11,59,28.459
11,60,26.4261
11,61,31.3389
11,62,29.3041
11,63,28.4313
11,64,27.7372
11,65,31.3889
11,66,28.2665
11,67,0
11,68,26.4874
11,69,28.0092
11,70,28.2859
11,71,26.2296
11,72,27.3786
11,73,27.6465
11,74,29.9872
11,75,25.8092
11,76,26.9628
11,77,28.5141
11,78,-7.10543e-15
11,79,26.186
11,80,0
11,81,27.3738
11,82,27.0618
11,83,29.3593
11,84,28.7833
11,85,28.4975
11,86,28.5364
11,87,27.2802
11,88,29.5048
11,89,0
11,90,32.0563
11,91,31.5658
11,92,26.7387
11,93,30.8144
11,94,28.2644
11,95,24.9449
11,96,28.1624
11,97,25.0841
11,98,-3.55271e-15
11,99,27.84
12,0,0
12,1,28.3046
12,2,27.7827
12,3,27.6968
12,4,29.4401
12,5,32.0926
12,6,27.7302
12,7,25.2626
12,8,26.9262
12,9,28.0284
12,10,27.9225
12,11,27.4667
12,12,0
12,13,28.2548
12,14,28.27
12,15,25.1335
12,16,29.1388
12,17,26.8398
12,18,30.7986
12,19,25.7986
12,20,27.3866
12,21,0
12,22,28.9053
12,23,28.8307
12,24,28.1675
12,25,28.5954
12,26,29.8448
12,27,-3.55271e-15
12,28,27.639
12,29,26.5005
12,30,27.1118
12,31,30.4865
12,32,27.8147
12,33,28.3649
12,34,29.5374
12,35,29.2622
12,36,27.2369
12,37,25.6052
12,38,28.5788
12,39,7.10543e-15
12,40,28.9251
12,41,28.6573
12,42,27.3732
12,43,26.0716
12,44,29.8167
12,45,27.4495
12,46,26.0335
12,47,26.2712
12,48,26.5001
12,49,29.9708
12,50,26.9337
12,51,27.2468
12,52,28.212
12,53,27.5934
12,54,28.0631
12,55,29.8385
12,56,28.7515
12,57,28.7735
12,58,26.0829
12,59,28.2367
12,60,30.4145
12,61,28.3189
12,62,28.4875
12,63,30.3054
12,64,27.0771
12,65,27.7417
12,66,26.2801
12,67,0
12,68,30.4893
12,69,26.5448
12,70,28.2363
12,71,28.8985
12,72,25.9622
12,73,26.79
12,74,30.0482
12,75,29.7491
12,76,29.5525
12,77,27.3171
12,78,0
12,79,26.3831
12,80,7.10543e-15
12,81,26.4892
12,82,30.1695
12,83,27.6803
12,84,29.8378
12,85,27.6155
12,86,29.7798
12,87,27.0839
12,88,26.5673
12,89,0
12,90,29.0511
12,91,27.7662
12,92,29.5308
12,93,30.3286
12,94,30.4375
12,95,28.5172
12,96,26.7232
12,97,27.2922
12,98,0
12,99,27.9659
13,0,0
13,1,27.2373
13,2,27.7133
13,3,28.2252
13,4,31.3216
13,5,28.22
13,6,28.131
13,7,27.6263
13,8,28.159
13,9,29.3005
13,10,27.8667
13,11,28.4425
13,12,28.2548
13,13,0
13,14,26.9061
13,15,27.1601
13,16,28.683
13,17,26.1854
13,18,29.5344
13,19,27.1838
13,20,27.2361
13,21,0
13,22,27.1699
13,23,26.815
13,24,28.0848
13,25,27.569
13,26,27.5704
13,27,-3.55271e-15
13,28,26.1391
13,29,26.9499
13,30,25.6374
13,31,27.4286
13,32,27.6948
13,33,28.5903
13,34,28.3123
13,35,26.4957
13,36,27.3792
13,37,25.2653
13,38,29.3075
13,39,3.55271e-15
13,40,27.783
13,41,27.9979
13,42,26.2024
13,43,30.6288
13,44,29.6008
13,45,25.8425
13,46,27.0413
13,47,27.8431
13,48,26.875
13,49,28.7721
13,50,28.8854
13,51,29.2412
13,52,27.1093
13,53,27.6119
13,54,26.0372
13,55,28.9279
13,56,25.7481
13,57,27.6247
13,58,25.3324
13,59,29.8912
13,60,27.4077
13,61,29.2201
13,62,29.501
13,63,31.1376
13,64,28.8462
13,65,27.3856
13,66,28.1085
13,67,0
13,68,28.0386
13,69,26.5358
13,70,30.1346
13,71,25.7573
13,72,25.6313
13,73,26.5579
13,74,29.1643
13,75,25.7145
13,76,27.3705
13,77,27.3599
13,78,7.10543e-15
13,79,25.7384
13,80,-3.55271e-15
13,81,29.4837
13,82,29.338
13,83,28.1561
13,84,28.0034
13,85,25.5506
13,86,29.2704
13,87,26.7055
13,88,30.0667
13,89,3.55271e-15
13,90,28.2584
13,91,28.4517
13,92,27.6835
13,93,28.6048
13,94,27.1368
13,95,25.9865
13,96,27.4517
13,97,24.8524
13,98,0
13,99,27.8456
14,0,-7.10543e-15
14,1,29.2714
14,2,29.0787
14,3,27.8636
14,4,29.2044
14,5,27.9444
14,6,25.7339
14,7,28.387
14,8,29.005
14,9,27.9658
14,10,28.9941
14,11,28.6292
14,12,28.27
14,13,26.9061
14,14,0
14,15,25.4484
14,16,26.136
14,17,28.8897
14,18,27.5126
14,19,26.4455
14,20,26.5773
14,21,0
14,22,28.7219
14,23,30.0527
14,24,28.3903
14,25,28.8344
14,26,28.0626
14,27,-7.10543e-15
14,28,27.7603
14,29,27.0143
14,30,26.9403
14,31,26.4447
14,32,28.6112
14,33,26.373
14,34,29.4964
14,35,30.0113
14,36,26.9784
14,37,26.2132
14,38,26.4377
14,39,-3.55271e-15
14,40,27.1646
14,41,27.104
14,42,30.113
14,43,26.4546
14,44,29.7593
14,45,27.3389
14,46,27.0053
14,47,27.1547
14,48,26.5569
14,49,28.4245
14,50,25.3908
14,51,27.6487
14,52,29.4394
14,53,27.0114
14,54,26.7661
14,55,25.5597
14,56,26.2301
14,57,25.9765
14,58,26.141
14,59,30.1982
14,60,27.4903
14,61,29.2649
14,62,28.4463
14,63,27.5895
14,64,27.4742
14,65,27.2695
14,66,24.2679
14,67,0
14,68,28.974
14,69,28.3168
14,70,27.599
14,71,27.6087
14,72,26.7496
14,73,26.7336
14,74,28.986
14,75,27.7233
14,76,28.5616
14,77,24.0065
14,78,0
14,79,25.0811
14,80,-7.10543e-15
14,81,28.2545
14,82,28.8116
14,83,28.4279
14,84,28.7869
14,85,27.6507
14,86,28.5809
14,87,26.1692
14,88,27.4993
14,89,0
14,90,27.9987
14,91,27.7663
14,92,26.0043
14,93,29.6732
14,94,28.8597
14,95,26.387
14,96,29.155
14,97,25.4546
14,98,-3.55271e-15
14,99,25.4133
15,0,0
15,1,27.5311
15,2,26.6486
15,3,25.3482
15,4,27.977
15,5,25.1864
15,6,27.1525
15,7,24.8962
15,8,28.0742
15,9,26.1662
15,10,24.9149
15,11,27.4883
15,12,25.1335
15,13,27.1601
15,14,25.4484
15,15,0
15,16,28.3581
15,17,27.323
15,18,26.0633
15,19,25.7058
15,20,27.7226
15,21,7.10543e-15
15,22,26.7864
15,23,23.1972
15,24,23.3393
15,25,26.6329
15,26,27.9581
15,27,0
15,28,23.363
15,29,27.7812
15,30,29.2486
15,31,26.9157
15,32,25.8685
15,33,28.669
15,34,26.5221
15,35,28.554
15,36,26.7065
15,37,28.0588
15,38,29.0149
15,39,3.55271e-15
15,40,26.8775
15,41,26.9184
15,42,26.6218
15,43,27.1322
15,44,26.9627
15,45,26.3997
15,46,26.9921
15,47,24.5462
15,48,25.547
15,49,26.3773
15,50,28.5691
15,51,28.7704
15,52,26.306
15,53,24.8736
15,54,25.5293
15,55,26.0703
15,56,23.6181
15,57,27.855
15,58,24.6359
15,59,25.0816
15,60,24.6435
15,61,25.8519
15,62,22.8576
15,63,26.9154
15,64,28.0909
15,65,29.0431
15,66,27.683
15,67,0
15,68,25.9179
15,69,24.6367
15,70,24.5536
15,71,24.8866
15,72,25.0367
15,73,24.1682
15,74,27.7072
15,75,25.1806
15,76,25.4769
15,77,25.1487
15,78,0
15,79,27.8907
15,80,-3.55271e-15
15,81,24.3727
15,82,25.6588
15,83,26.1409
15,84,27.2358
15,85,26.0109
15,86,24.8474
15,87,25.2153
15,88,27.0605
15,89,0
15,90,25.9678
15,91,25.8944
15,92,23.6508
15,93,24.5471
15,94,26.3381
15,95,23.9857
15,96,24.5574
15,97,23.5608
15,98,0
15,99,25.0054
16,0,0
16,1,27.8233
16,2,28.9032
16,3,27.8846
16,4,31.8543
16,5,27.2456
16,6,28.0552
16,7,27.9252
16,8,28.7012
16,9,25.6524
16,10,28.2359
16,11,29.0511
16,12,29.1388
16,13,28.683
16,14,26.136
16,15,28.3581
16,16,0
16,17,26.1061
16,18,28.5436
16,19,27.5998
16,20,27.5109
16,21,0
16,22,29.7863
16,23,27.6965
16,24,26.4112
16,25,28.1745
16,26,26.41
16,27,0
16,28,27.2981
16,29,25.7531
16,30,26.9244
16,31,29.449
16,32,27.3004
16,33,29.0975
16,34,27.0603
16,35,28.811
16,36,25.8108
16,37,28.5457
16,38,27.217
16,39,0
16,40,28.6009
16,41,31.1223
16,42,28.724
16,43,26.3741
16,44,28.8807
16,45,27.376
16,46,24.9605
16,47,26.1207
16,48,27.6124
16,49,27.1905
16,50,28.5325
16,51,27.7137
16,52,24.5583
16,53,27.6346
16,54,24.6078
16,55,29.2612
16,56,25.4649
16,57,29.7206
16,58,28.9398
16,59,27.9965
16,60,27.5129
16,61,27.3408
16,62,27.7126
16,63,27.8839
16,64,29.0925
16,65,29.1657
16,66,26.4592
16,67,0
16,68,29.4827
16,69,28.3072
16,70,27.5427
16,71,29.6198
16,72,25.4541
16,73,25.9345
16,74,29.7169
16,75,29.035
16,76,28.1696
16,77,27.326
16,78,0
16,79,27.8202
16,80,0
16,81,26.3051
16,82,28.4544
16,83,27.5986
16,84,28.3042
16,85,29.4342
16,86,28.367
16,87,27.0146
16,88,27.3035
16,89,0
16,90,28.2374
16,91,28.326
16,92,29.0849
16,93,28.5341
16,94,27.118
16,95,26.4307
16,96,24.9058
16,97,24.9874
16,98,-3.55271e-15
16,99,26.3904
17,0,0
17,1,30.5266
17,2,26.8949
17,3,27.4653
17,4,27.2646
17,5,26.5256
17,6,27.5926
17,7,26.7995
17,8,28.3314
17,9,27.6709
17,10,25.1374
17,11,29.2042
17,12,26.8398
17,13,26.1854
17,14,28.8897
17,15,27.323
17,16,26.1061
17,17,0
17,18,25.2096
17,19,24.5574
17,20,30.3601
17,21,0
17,22,25.3547
17,23,28.1849
17,24,28.8678
17,25,27.8038
17,26,27.4421
17,27,0
17,28,25.6817
17,29,26.7015
17,30,27.4516
17,31,24.7583
17,32,27.3366
17,33,25.662
17,34,27.3558
17,35,27.8321
17,36,28.7182
17,37,26.5554
17,38,27.8227
17,39,-3.55271e-15
17,40,26.9351
17,41,28.0539
17,42,28.9173
17,43,25.7999
17,44,27.3149
17,45,27.6571
17,46,26.1588
17,47,26.1553
17,48,26.4466
17,49,27.5454
17,50,27.2049
17,51,26.3151
17,52,27.8993
17,53,31.3025
17,54,26.3018
17,55,28.0971
17,56,29.3036
17,57,27.4886
17,58,25.8715
17,59,27.757
17,60,28.7961
17,61,25.9876
17,62,26.9498
17,63,28.024
17,64,28.428
17,65,27.5193
17,66,24.7062
17,67,0
17,68,27.6325
17,69,27.2836
17,70,26.0672
17,71,27.5431
17,72,27.3553
17,73,27.2241
17,74,27.0717
17,75,26.1885
17,76,26.777
17,77,26.6222
17,78,-7.10543e-15
17,79,24.4205
17,80,0
17,81,24.8712
17,82,25.7261
17,83,27.5093
17,84,30.6357
17,85,27.7738
17,86,27.7815
17,87,27.532
17,88,28.4459
17,89,-3.55271e-15
17,90,27.1186
17,91,29.0042
17,92,25.2202
17,93,27.448
17,94,24.9723
17,95,27.3382
17,96,28.4742
17,97,23.4293
17,98,-7.10543e-15
17,99,23.9413
18,0,0
18,1,28.6586
18,2,28.0584
18,3,26.5484
18,4,29.3511
18,5,28.3875
18,6,23.6788
18,7,29.26
18,8,29.0502
18,9,27.1872
18,10,27.5528
18,11,28.159
18,12,30.7986
18,13,29.5344
18,14,27.5126
18,15,26.0633
18,16,28.5436
18,17,25.2096
18,18,0
18,19,27.6877
18,20,26.6342
18,21,0
18,22,29.0403
18,23,27.2391
18,24,26.6552
18,25,29.2011
18,26,27.7148
18,27,0
18,28,28.7383
18,29,26.7151
18,30,28.4907
18,31,27.8647
18,32,28.046
18,33,31.3233
18,34,26.4548
18,35,30.1125
18,36,28.0472
18,37,26.0093
18,38,29.5896
18,39,0
18,40,27.3453
18,41,28.095
18,42,29.5845
18,43,27.4307
18,44,28.7485
18,45,27.5519
18,46,26.6313
18,47,26.9214
18,48,27.4223
18,49,27.3241
18,50,29.3255
18,51,27.7083
18,52,25.0951
18,53,24.4898
18,54,26.8955
18,55,27.1694
18,56,24.8539
18,57,28.8282
18,58,28.7172
18,59,28.3813
18,60,25.9087
18,61,30.2231
18,62,27.8191
18,63,28.9753
18,64,28.3556
18,65,28.96
18,66,27.9784
18,67,0
18,68,30.4445
18,69,25.9577
18,70,27.8692
18,71,26.2364
18,72,25.4178
18,73,26.1693
18,74,30.5952
18,75,28.9658
18,76,29.8426
18,77,29.454
18,78,0
18,79,27.1184
18,80,3.55271e-15
18,81,28.2662
18,82,28.2894
18,83,29.7601
18,84,27.6763
18,85,28.5602
18,86,25.2361
18,87,26.6809
18,88,31.5176
18,89,0
18,90,27.2175
18,91,30.1048
18,92,29.3894
18,93,29.289
18,94,29.0159
18,95,26.1551
18,96,27.8083
18,97,27.5123
18,98,3.55271e-15
18,99,27.192
19,0,0
19,1,27.0557
19,2,25.2768
19,3,26.9218
19,4,29.3232
19,5,28.3847
19,6,27.4498
19,7,25.4464
19,8,26.6417
19,9,28.0001
19,10,27.6594
19,11,26.7316
19,12,25.7986
19,13,27.1838
19,14,26.4455
19,15,25.7058
19,16,27.5998
19,17,24.5574
19,18,27.6877
19,19,0
19,20,28.8363
19,21,0
19,22,24.3598
19,23,25.4265
19,24,26.6612
19,25,26.8911
19,26,28.0428
19,27,0
19,28,25.5187
19,29,29.4508
19,30,27.8798
19,31,27.8468
19,32,27.2855
19,33,27.5673
19,34,27.3155
19,35,28.6915
19,36,27.6299
19,37,26.4501
19,38,28.9108
19,39,-3.55271e-15
19,40,25.1098
19,41,28.1172
19,42,28.3658
19,43,26.7139
19,44,25.2202
19,45,24.7491
19,46,27.5174
19,47,24.6522
19,48,24.2244
19,49,27.0888
19,50,28.5055
19,51,28.2873
19,52,27.3696
19,53,26.6718
19,54,28.3422
19,55,26.6909
19,56,23.996
19,57,26.8065
19,58,26.256
19,59,30.3218
19,60,23.9244
19,61,27.0416
19,62,24.8644
19,63,26.68
19,64,28.9
19,65,26.9047
19,66,27.4025
19,67,0
19,68,27.8528
19,69,23.8897
19,70,27.0808
19,71,24.2834
19,72,25.7843
19,73,27.8887
19,74,30.2749
19,75,25.8861
19,76,26.5027
19,77,28.7146
19,78,0
19,79,26.4816
19,80,0
19,81,24.8023
19,82,26.4536
19,83,27.604
19,84,26.2967
19,85,26.7734
19,86,25.9652
19,87,27.7385
19,88,30.0576
19,89,0
19,90,27.7731
19,91,27.6446
19,92,24.5173
19,93,27.3403
19,94,25.4641
19,95,25.5596
19,96,26.8868
19,97,24.5734
19,98,0
19,99,29.9498
20,0,7.10543e-15
20,1,28.1811
20,2,27.7273
20,3,26.4867
20,4,29.9018
20,5,27.9697
20,6,30.2928
20,7,27.1915
20,8,29.5407
20,9,27.8601
20,10,30.0971
20,11,27.4533
20,12,27.3866
20,13,27.2361
20,14,26.5773
20,15,27.7226
20,16,27.5109
20,17,30.3601
20,18,26.6342
20,19,28.8363
20,20,0
20,21,3.55271e-15
20,22,27.1637
20,23,26.5241
20,24,24.1824
20,25,27.7796
20,26,28.9176
20,27,0
20,28,27.701
20,29,27.7815
20,30,28.6035
20,31,26.7936
20,32,28.2755
20,33,29.7123
20,34,29.1276
20,35,29.4113
20,36,25.634
20,37,28.3136
20,38,30.7919
20,39,0
20,40,28.0778
20,41,30.1086
20,42,29.2522
20,43,30.0931
20,44,27.8422
20,45,26.1572
20,46,25.6049
20,47,28.2877
20,48,26.8237
20,49,27.7773
20,50,29.3558
20,51,29.8128
20,52,25.4363
20,53,28.5571
20,54,28.6286
20,55,27.7305
20,56,24.6234
20,57,27.9686
20,58,26.408
20,59,27.8643
20,60,25.3321
20,61,27.0774
20,62,28.5417
20,63,29.4699
20,64,27.1344
20,65,28.153
20,66,26.723
20,67,0
20,68,27.9804
20,69,26.51
20,70,27.617
20,71,26.6281
20,72,29.2688
20,73,27.4108
20,74,27.9082
20,75,28.8471
20,76,28.8825
20,77,29.4676
20,78,0
20,79,27.954
20,80,0
20,81,28.2193
20,82,26.1604
20,83,29.4455
20,84,28.4916
20,85,27.8288
20,86,28.7214
20,87,27.9942
20,88,29.5856
20,89,0
20,90,27.8461
20,91,26.6958
20,92,25.6056
20,93,27.5073
20,94,28.1532
20,95,25.282
20,96,25.9306
20,97,24.1928
20,98,0
20,99,27.3544
21,0,0
21,1,-7.10543e-15
21,2,3.55271e-15
21,3,-3.55271e-15
21,4,0
21,5,0
21,6,-7.10543e-15
21,7,0
21,8,0
21,9,0
21,10,0
21,11,0
21,12,0
21,13,0
21,14,0
21,15,7.10543e-15
21,16,0
21,17,0
21,18,0
21,19,0
21,20,3.55271e-15
21,21,0
21,22,-3.55271e-15
21,23,0
21,24,7.10543e-15
21,25,0
21,26,0
21,27,-7.10543e-15
21,28,-3.55271e-15
21,29,0
21,30,0
21,31,-7.10543e-15
21,32,0
21,33,0
21,34,0
21,35,-7.10543e-15
21,36,0
21,37,0
21,38,0
21,39,0
21,40,-3.55271e-15
21,41,0
21,42,0
21,43,0
21,44,0
21,45,0
21,46,0
21,47,0
21,48,0
21,49,3.55271e-15
21,50,0
21,51,-3.55271e-15
21,52,0
21,53,0
21,54,-7.10543e-15
21,55,0
21,56,0
21,57,0
21,58,0
21,59,0
21,60,-7.10543e-15
21,61,0
21,62,0
21,63,0
21,64,0
21,65,-7.10543e-15
21,66,0
21,67,0
21,68,0
21,69,0
21,70,0
21,71,-3.55271e-15
21,72,-3.55271e-15
21,73,-3.55271e-15
21,74,0
21,75,-3.55271e-15
21,76,0
21,77,-3.55271e-15
21,78,-7.10543e-15
21,79,0
21,80,3.55271e-15
21,81,7.10543e-15
21,82,0
21,83,0
21,84,0
21,85,3.55271e-15
21,86,0
21,87,0
21,88,0
21,89,-7.10543e-15
21,90,0
21,91,0
21,92,-3.55271e-15
21,93,0
21,94,3.55271e-15
21,95,0
21,96,0
21,97,0
21,98,-3.55271e-15
21,99,0
22,0,0
22,1,27.6541
22,2,27.4864
22,3,27.4366
22,4,28.2631
22,5,27.6089
22,6,26.8163
22,7,27.8841
22,8,26.83
22,9,25.5908
22,10,29.1738
22,11,30.3304
22,12,28.9053
22,13,27.1699
22,14,28.7219
22,15,26.7864
22,16,29.7863
22,17,25.3547
22,18,29.0403
22,19,24.3598
22,20,27.1637
22,21,-3.55271e-15
22,22,0
22,23,27.0679
22,24,26.4003
22,25,27.7756
22,26,27.8003
22,27,-3.55271e-15
22,28,27.5857
22,29,26.5792
22,30,26.1616
22,31,28.0501
22,32,28.4748
22,33,27.0244
22,34,26.1403
22,35,31.5013
22,36,27.5365
22,37,28.4276
22,38,26.7099
22,39,0
22,40,28.0419
22,41,28.4186
22,42,28.8871
22,43,27.212
22,44,29.0262
22,45,25.3134
22,46,27.3024
22,47,26.0824
22,48,29.6419
22,49,27.1341
22,50,25.9759
22,51,28.5419
22,52,27.4457
22,53,26.9617
22,54,23.917
22,55,28.7656
22,56,26.6021
22,57,27.974
22,58,27.0026
22,59,27.6634
22,60,25.2404
22,61,30.0786
22,62,27.7616
22,63,26.906
22,64,27.379
22,65,24.5547
22,66,24.2954
22,67,0
22,68,27.7933
22,69,26.2817
22,70,27.892
22,71,26.8701
22,72,29.0026
22,73,26.1939
22,74,27.7097
22,75,28.1645
22,76,29.5035
22,77,29.3387
22,78,-3.55271e-15
22,79,28.2317
22,80,-7.10543e-15
22,81,27.3295
22,82,26.71
22,83,29.2553
22,84,28.6671
22,85,29.2995
22,86,28.4911
22,87,26.7673
22,88,29.7064
22,89,-7.10543e-15
22,90,27.3972
22,91,28.3577
22,92,29.266
22,93,28.4741
22,94,28.2093
22,95,29.1834
22,96,25.4977
22,97,26.0631
22,98,0
22,99,25.2382
23,0,0
23,1,29.6287
23,2,27.9488
23,3,27.2421
23,4,26.5093
23,5,28.497
23,6,25.1078
23,7,26.1017
23,8,28.4462
23,9,26.4537
23,10,27.5646
23,11,27.9692
23,12,28.8307
23,13,26.815
23,14,30.0527
23,15,23.1972
23,16,27.6965
23,17,28.1849
23,18,27.2391
23,19,25.4265
23,20,26.5241
23,21,0
23,22,27.0679
23,23,0
23,24,27.4915
23,25,29.5399
23,26,28.528
23,27,0
23,28,26.9897
23,29,26.5851
23,30,25.2661
23,31,24.6556
23,32,30.7454
23,33,25.5974
23,34,26.7892
23,35,28.0204
23,36,29.4324
23,37,24.6862
23,38,29.61
23,39,3.55271e-15
23,40,27.3813
23,41,27.0684
23,42,30.0275
23,43,27.4761
23,44,26.5753
23,45,27.4357
23,46,25.1562
23,47,26.2472
23,48,27.7812
23,49,29.1172
23,50,27.4349
23,51,28.3955
23,52,26.9908
23,53,27.4606
23,54,29.7542
23,55,26.8911
23,56,28.046
23,57,25.449
23,58,28.9858
23,59,29.0439
23,60,26.7
23,61,28.4369
23,62,26.282
23,63,29.6147
23,64,27.3341
23,65,26.0715
23,66,24.6634
23,67,0
23,68,28.2623
23,69,26.1574
23,70,27.3186
23,71,26.4811
23,72,25.8996
23,73,27.227
23,74,29.9479
23,75,27.3797
23,76,29.7142
23,77,26.6166
23,78,0
23,79,25.6896
23,80,-7.10543e-15
23,81,26.6811
23,82,27.0699
23,83,30.8141
23,84,28.3164
23,85,26.2078
23,86,28.3908
23,87,25.8199
23,88,28.6667
23,89,0
23,90,27.2795
23,91,27.8707
23,92,25.2056
23,93,25.5269
23,94,27.7042
23,95,24.8751
23,96,27.346
23,97,23.8853
23,98,3.55271e-15
23,99,27.2249
24,0,3.55271e-15
24,1,27.6287
24,2,25.7559
24,3,24.852
24,4,29.3556
24,5,25.1601
24,6,24.8969
24,7,27.2857
24,8,27.4538
24,9,25.4104
24,10,25.9813
24,11,26.9924
24,12,28.1675
24,13,28.0848
24,14,28.3903
24,15,23.3393
24,16,26.4112
24,17,28.8678
24,18,26.6552
24,19,26.6612
24,20,24.1824
24,21,7.10543e-15
24,22,26.4003
24,23,27.4915
24,24,0
24,25,27.2638
24,26,28.7776
24,27,0
24,28,25.6961
24,29,26.9948
24,30,27.1361
24,31,26.9584
24,32,29.4929
24,33,25.0386
24,34,26.6209
24,35,28.3286
24,36,26.4112
24,37,27.2794
24,38,27.8433
24,39,0
24,40,26.404
24,41,26.2007
24,42,27.6044
24,43,27.1819
24,44,25.8783
24,45,25.7161
24,46,26.1436
24,47,24.4371
24,48,26.1993
24,49,27.4464
24,50,25.6429
24,51,27.0991
24,52,26.6406
24,53,25.0973
24,54,26.3187
24,55,27.5318
24,56,23.5525
24,57,25.9812
24,58,28.7642
24,59,29.2539
24,60,25.8843
24,61,28.33
24,62,27.4033
24,63,26.9455
24,64,28.388
24,65,25.0189
24,66,24.832
24,67,0
24,68,26.3022
24,69,28.3373
24,70,25.3059
24,71,25.7577
24,72,24.0155
24,73,26.2914
24,74,29.2659
24,75,28.7236
24,76,26.2484
24,77,26.7823
24,78,3.55271e-15
24,79,25.9689
24,80,0
24,81,27.6676
24,82,25.7009
24,83,29.1377
24,84,28.5375
24,85,25.02
24,86,25.1266
24,87,27.3433
24,88,25.4264
24,89,0
24,90,27.064
24,91,26.8237
24,92,23.8731
24,93,27.137
24,94,30.0383
24,95,27.9299
24,96,27.4077
24,97,24.6122
24,98,0
24,99,27.1579
25,0,0
25,1,28.3481
25,2,28.6466
25,3,27.8304
25,4,30.2697
25,5,29.0389
25,6,26.1043
25,7,29.1681
25,8,29.0792
25,9,27.6814
25,10,29.2381
25,11,28.5721
25,12,28.5954
25,13,27.569
25,14,28.8344
25,15,26.6329
25,16,28.1745
25,17,27.8038
25,18,29.2011
25,19,26.8911
25,20,27.7796
25,21,0
25,22,27.7756
25,23,29.5399
25,24,27.2638
25,25,0
25,26,28.49
25,27,0
25,28,28.5032
25,29,27.3616
25,30,26.6883
25,31,27.4434
25,32,29.4656
25,33,28.118
25,34,28.3453
25,35,31.4302
25,36,27.6716
25,37,28.6872
25,38,28.6296
25,39,-7.10543e-15
25,40,28.8009
25,41,28.4306
25,42,30.817
25,43,29.3009
25,44,29.6855
25,45,28.0727
25,46,26.9318
25,47,27.5662
25,48,27.2145
25,49,28.2256
25,50,26.7395
25,51,27.8921
25,52,27.1243
25,53,28.5822
25,54,27.7415
25,55,30.0837
25,56,29.307
25,57,27.8702
25,58,26.3264
25,59,28.4106
25,60,26.5484
25,61,29.5839
25,62,27.9919
25,63,29.6682
25,64,28.6449
25,65,27.4879
25,66,25.0405
25,67,0
25,68,27.9623
25,69,27.8387
25,70,27.973
25,71,28.602
25,72,28.1914
25,73,28.1448
25,74,29.9318
25,75,29.039
25,76,28.6238
25,77,27.7156
25,78,0
25,79,26.2505
25,80,0
25,81,27.2734
25,82,30.0358
25,83,30.8133
25,84,30.8477
25,85,28.1725
25,86,28.7999
25,87,27.1976
25,88,29.177
25,89,0
25,90,28.7537
25,91,28.7974
25,92,27.8188
25,93,31.671
25,94,30.7624
25,95,27.7982
25,96,27.8939
25,97,24.7914
25,98,0
25,99,27.5794
26,0,0
26,1,28.4338
26,2,24.786
26,3,28.727
26,4,30.324
26,5,27.3504
26,6,25.1409
26,7,27.8752
26,8,28.2633
26,9,27.5121
26,10,29.3831
26,11,28.1025
26,12,29.8448
26,13,27.5704
26,14,28.0626
26,15,27.9581
26,16,26.41
26,17,27.4421
26,18,27.7148
26,19,28.0428
26,20,28.9176
26,21,0
26,22,27.8003
26,23,28.528
26,24,28.7776
26,25,28.49
26,26,0
26,27,0
26,28,27.3837
26,29,28.5472
26,30,26.1025
26,31,29.3112
26,32,29.3846
26,33,28.6838
26,34,27.3511
26,35,29.7742
26,36,28.8152
26,37,25.7595
26,38,28.9697
26,39,-3.55271e-15
26,40,26.1288
26,41,23.9829
26,42,28.6089
26,43,27.3376
26,44,26.9646
26,45,26.6855
26,46,28.9264
26,47,28.2143
26,48,27.4202
26,49,26.9664
26,50,28.7277
26,51,27.2253
26,52,28.6354
26,53,29.5123
26,54,30.7195
26,55,28.3553
26,56,25.0443
26,57,26.5655
26,58,27.813
26,59,29.1039
26,60,23.5053
26,61,28.783
26,62,27.1115
26,63,27.301
26,64,26.8157
26,65,27.8726
26,66,27.078
26,67,0
26,68,27.3233
26,69,26.0801
26,70,26.6811
26,71,28.0192
26,72,27.1143
26,73,27.4436
26,74,30.63
26,75,27.8232
26,76,29.5401
26,77,28.7234
26,78,0
26,79,26.7808
26,80,-3.55271e-15
26,81,24.9888
26,82,26.4212
26,83,29.3364
26,84,29.2798
26,85,26.5737
26,86,27.8446
26,87,27.5768
26,88,29.5438
26,89,0
26,90,28.2817
26,91,29.4722
26,92,27.419
26,93,27.2024
26,94,27.5182
26,95,27.7559
26,96,27.8442
26,97,25.8471
26,98,-7.10543e-15
26,99,27.55
27,0,0
27,1,-7.10543e-15
27,2,3.55271e-15
27,3,0
27,4,0
27,5,0
27,6,0
27,7,-3.55271e-15
27,8,-3.55271e-15
27,9,-3.55271e-15
27,10,-7.10543e-15
27,11,-7.10543e-15
27,12,-3.55271e-15
27,13,-3.55271e-15
27,14,-7.10543e-15
27,15,0
27,16,0
27,17,0
27,18,0
27,19,0
27,20,0
27,21,-7.10543e-15
27,22,-3.55271e-15
27,23,0
27,24,0
27,25,0
27,26,0
27,27,0
27,28,-7.10543e-15
27,29,-7.10543e-15
27,30,0
27,31,-1.06581e-14
27,32,0
27,33,-3.55271e-15
27,34,-7.10543e-15
27,35,-7.10543e-15
27,36,0
27,37,-7.10543e-15
27,38,-7.10543e-15
27,39,0
27,40,-7.10543e-15
27,41,0
27,42,0
27,43,0
27,44,3.55271e-15
27,45,-3.55271e-15
27,46,0
27,47,0
27,48,0
27,49,-7.10543e-15
27,50,-7.10543e-15
27,51,0
27,52,0
27,53,-7.10543e-15
27,54,0
27,55,-3.55271e-15
27,56,-3.55271e-15
27,57,-7.10543e-15
27,58,-7.10543e-15
27,59,0
27,60,-3.55271e-15
27,61,0
27,62,0
27,63,0
27,64,-7.10543e-15
27,65,-3.55271e-15
27,66,0
27,67,3.55271e-15
27,68,-3.55271e-15
27,69,0
27,70,-3.55271e-15
27,71,3.55271e-15
27,72,-7.10543e-15
27,73,0
27,74,-7.10543e-15
27,75,3.55271e-15
27,76,-7.10543e-15
27,77,-7.10543e-15
27,78,0
27,79,0
27,80,0
27,81,0
27,82,0
27,83,0
27,84,-7.10543e-15
27,85,-3.55271e-15
27,86,-7.10543e-15
27,87,0
27,88,-7.10543e-15
27,89,0
27,90,-3.55271e-15
27,91,0
27,92,-3.55271e-15
27,93,0
27,94,-3.55271e-15
27,95,-3.55271e-15
27,96,-7.10543e-15
27,97,-3.55271e-15
27,98,3.55271e-15
27,99,-7.10543e-15
28,0,-7.10543e-15
28,1,27.3404
28,2,27.649
28,3,25.8551
28,4,27.5362
28,5,27.6387
28,6,27.5434
28,7,30.253
28,8,26.2603
28,9,28.4841
28,10,26.8757
28,11,27.9551
28,12,27.639
28,13,26.1391
28,14,27.7603
28,15,23.363
28,16,27.2981
28,17,25.6817
28,18,28.7383
28,19,25.5187
28,20,27.701
28,21,-3.55271e-15
28,22,27.5857
28,23,26.9897
28,24,25.6961
28,25,28.5032
28,26,27.3837
28,27,-7.10543e-15
28,28,0
28,29,23.3672
28,30,27.2897
28,31,27.8537
28,32,26.8174
28,33,27.7772
28,34,24.4255
28,35,27.6785
28,36,27.6459
28,37,26.9407
28,38,25.5847
28,39,0
28,40,28.4824
28,41,26.6609
28,42,27.6989
28,43,26.1655
28,44,28.7099
28,45,24.2132
28,46,24.2864
28,47,26.9429
28,48,27.7343
28,49,27.9436
28,50,26.9323
28,51,27.3457
28,52,24.7918
28,53,27.1586
28,54,23.3306
28,55,28.0453
28,56,29.8867
28,57,26.6832
28,58,25.8716
28,59,27.3806
28,60,27.2027
28,61,25.801
28,62,29.5064
28,63,26.3498
28,64,26.2735
28,65,25.6384
28,66,25.469
28,67,0
28,68,27.8145
28,69,27.1747
28,70,23.8881
28,71,28.2801
28,72,28.0804
28,73,24.6995
28,74,27.8902
28,75,30.2128
28,76,28.0131
28,77,29.0271
28,78,-3.55271e-15
28,79,27.2983
28,80,0
28,81,25.4248
28,82,28.6277
28,83,26.1758
28,84,27.6047
28,85,26.3834
28,86,27.4391
28,87,26.8037
28,88,26.2329
28,89,-7.10543e-15
28,90,25.0152
28,91,25.782
28,92,26.3179
28,93,28.9102
28,94,28.1297
28,95,27.1802
28,96,24.2663
28,97,27.6408
28,98,0
28,99,23.9084
29,0,0
29,1,25.126
29,2,26.6432
29,3,27.4015
29,4,28.8203
29,5,29.2303
29,6,29.416
29,7,28.6116
29,8,28.006
29,9,29.2105
29,10,27.1892
29,11,27.7447
29,12,26.5005
29,13,26.9499
29,14,27.0143
29,15,27.7812
29,16,25.7531
29,17,26.7015
29,18,26.7151
29,19,29.4508
29,20,27.7815
29,21,0
29,22,26.5792
29,23,26.5851
29,24,26.9948
29,25,27.3616
29,26,28.5472
29,27,-7.10543e-15
29,28,23.3672
29,29,0
29,30,28.6771
29,31,28.5891
29,32,28.4965
29,33,27.6585
29,34,27.4538
29,35,28.8394
29,36,26.0653
29,37,27.7938
29,38,29.6326
29,39,-3.55271e-15
29,40,25.0193
29,41,26.0725
29,42,27.0077
29,43,27.7403
29,44,25.709
29,45,24.1565
29,46,28.2476
29,47,25.5623
29,48,24.2696
29,49,27.7445
29,50,27.6635
29,51,27.3956
29,52,25.766
29,53,26.296
29,54,30.7039
29,55,25.0927
29,56,24.7037
29,57,27.0573
29,58,26.988
29,59,29.3664
29,60,24.4061
29,61,26.1145
29,62,26.084
29,63,26.7066
29,64,26.4235
29,65,26.3931
29,66,28.5372
29,67,0
29,68,25.4532
29,69,27.3995
29,70,26.447
29,71,25.0729
29,72,26.907
29,73,28.0781
29,74,28.0729
29,75,25.9365
29,76,27.3613
29,77,27.4738
29,78,0
29,79,26.604
29,80,0
29,81,27.2148
29,82,27.4961
29,83,25.5523
29,84,27.9336
29,85,25.9444
29,86,27.7856
29,87,26.7445
29,88,30.5115
29,89,0
29,90,28.0794
29,91,28.0442
29,92,24.1961
29,93,27.1488
29,94,25.303
29,95,25.7331
29,96,25.5478
29,97,25.6626
29,98,0
29,99,28.3263
30,0,0
30,1,26.2119
30,2,26.6435
30,3,26.1466
30,4,31.2134
30,5,26.14
30,6,28.1033
30,7,27.6877
30,8,27.3989
30,9,26.9501
30,10,27.8914
30,11,30.0845
30,12,27.1118
30,13,25.6374
30,14,26.9403
30,15,29.2486
30,16,26.9244
30,17,27.4516
30,18,28.4907
30,19,27.8798
30,20,28.6035
30,21,0
30,22,26.1616
30,23,25.2661
30,24,27.1361
30,25,26.6883
30,26,26.1025
30,27,0
30,28,27.2897
30,29,28.6771
30,30,0
30,31,30.2112
30,32,28.453
30,33,27.7311
30,34,28.2606
30,35,32.281
30,36,29.0985
30,37,27.4432
30,38,29.5022
30,39,0
30,40,27.1124
30,41,25.0871
30,42,28.7096
30,43,28.2184
30,44,26.7453
30,45,29.339
30,46,30.6562
30,47,28.4054
30,48,27.9517
30,49,26.8535
30,50,30.8822
30,51,28.5218
30,52,29.1032
30,53,28.1117
30,54,29.7956
30,55,29.2498
30,56,25.8348
30,57,27.36
30,58,25.0694
30,59,29.015
30,60,23.9844
30,61,28.521
30,62,24.9383
30,63,27.5475
30,64,26.7952
30,65,29.7789
30,66,28.5731
30,67,0
30,68,27.8109
30,69,27.1159
30,70,27.2053
