Head,Tail,Difference
0,0,0
0,1,0
0,2,0
0,3,-3.55271e-15
0,4,7.10543e-15
0,5,0
0,6,-7.10543e-15
0,7,-3.55271e-15
0,8,7.10543e-15
0,9,0
0,10,0
0,11,0
0,12,0
0,13,0
0,14,0
0,15,0
0,16,3.55271e-15
0,17,0
0,18,0
0,19,0
0,20,7.10543e-15
0,21,0
0,22,0
0,23,-3.55271e-15
0,24,3.55271e-15
0,25,0
0,26,0
0,27,0
0,28,0
0,29,0
0,30,0
0,31,0
0,32,3.55271e-15
0,33,0
0,34,0
0,35,0
0,36,0
0,37,0
0,38,7.10543e-15
0,39,0
0,40,0
0,41,0
0,42,0
0,43,0
0,44,-3.55271e-15
0,45,0
0,46,7.10543e-15
0,47,0
0,48,0
0,49,0
0,50,0
0,51,0
0,52,0
0,53,0
0,54,0
0,55,0
0,56,0
0,57,3.55271e-15
0,58,0
0,59,-7.10543e-15
0,60,0
0,61,0
0,62,0
0,63,0
0,64,7.10543e-15
0,65,-7.10543e-15
0,66,0
0,67,0
0,68,0
0,69,0
0,70,0
0,71,7.10543e-15
0,72,0
0,73,0
0,74,0
0,75,7.10543e-15
0,76,-3.55271e-15
0,77,0
0,78,3.55271e-15
0,79,0
0,80,0
0,81,0
0,82,0
0,83,0
0,84,0
0,85,-3.55271e-15
0,86,0
0,87,0
0,88,0
0,89,0
0,90,-7.10543e-15
0,91,0
0,92,-3.55271e-15
0,93,0
0,94,-3.55271e-15
0,95,0
0,96,0
0,97,0
0,98,0
0,99,-7.10543e-15
1,0,0
1,1,0
1,2,29.8107
1,3,29.6011
1,4,31.5772
1,5,28.0363
1,6,28.3735
1,7,31.0226
1,8,29.3247
1,9,25.3246
1,10,29.9612
1,11,29.4109
1,12,28.7831
1,13,28.0025
1,14,29.6577
1,15,29.2648
1,16,28.1235
1,17,30.8491
1,18,30.5012
1,19,29.404
1,20,29.04
1,21,-7.10543e-15
1,22,27.9292
1,23,30.1282
1,24,29.5241
1,25,28.9585
1,26,29.8059
1,27,-7.10543e-15
1,28,28.3565
1,29,26.5718
1,30,28.543
1,31,29.9686
1,32,31.9048
1,33,28.2139
1,34,29.8618
1,35,30.5998
1,36,30.0962
1,37,28.9635
1,38,28.566
1,39,0
1,40,31.1228
1,41,28.0273
1,42,30.5747
1,43,30.2789
1,44,27.0968
1,45,27.517
1,46,29.2483
1,47,25.7853
1,48,29.5523
1,49,29.4607
1,50,27.7904
1,51,31.8179
1,52,27.9126
1,53,28.5182
1,54,29.753
1,55,28.5392
1,56,27.861
1,57,31.574
1,58,29.8684
1,59,27.8719
1,60,27.6797
1,61,30.6062
1,62,30.5275
1,63,29.1325
1,64,29.9387
1,65,25.9819
1,66,30.6646
1,67,27.7886
1,68,28.731
1,69,31.1428
1,70,28.9199
1,71,27.248
1,72,30.4242
1,73,25.816
1,74,32.8023
1,75,27.9364
1,76,31.6843
1,77,28.5528
1,78,29.4392
1,79,28.6552
1,80,0
1,81,28.6497
1,82,27.6287
1,83,31.7696
1,84,28.2378
1,85,27.7395
1,86,28.3206
1,87,28.8927
1,88,28.8102
1,89,0
1,90,26.1987
1,91,30.5629
1,92,28.9544
1,93,30.6412
1,94,27.1641
1,95,26.9338
1,96,25.834
1,97,27.7538
1,98,0
1,99,27.9896
2,0,0
2,1,29.8107
2,2,0
2,3,28.4451
2,4,29.8398
2,5,29.5106
2,6,29.887
2,7,31.2535
2,8,28.6451
2,9,27.9385
2,10,28.9146
2,11,31.4104
2,12,28.9227
2,13,29.5708
2,14,29.3651
2,15,28.672
2,16,29.8924
2,17,26.9451
2,18,30.9476
2,19,29.297
2,20,29.509
2,21,3.55271e-15
2,22,27.9403
2,23,28.2475
2,24,27.5878
2,25,29.4461
2,26,26.6413
2,27,3.55271e-15
2,28,29.5605
2,29,28.9365
2,30,29.1322
2,31,29.492
2,32,27.6422
2,33,31.9795
2,34,29.7835
2,35,29.0023
2,36,29.7754
2,37,27.3753
2,38,28.9981
2,39,0
2,40,27.5568
2,41,31.8232
2,42,30.6867
2,43,30.6759
2,44,29.4759
2,45,27.2179
2,46,28.4265
2,47,31.1366
2,48,28.093
2,49,29.3994
2,50,31.0608
2,51,29.9089
2,52,29.6105
2,53,29.1922
2,54,29.5916
2,55,31.6304
2,56,28.2212
2,57,27.5704
2,58,28.0752
2,59,30.2053
2,60,28.6689
2,61,30.3133
2,62,31.1129
2,63,29.7161
2,64,27.661
2,65,27.8621
2,66,30.7819
2,67,27.8663
2,68,30.2326
2,69,26.7749
2,70,30.523
2,71,29.968
2,72,31.0856
2,73,27.1203
2,74,30.9288
2,75,31.5045
2,76,29.763
2,77,32.0979
2,78,30.0541
2,79,28.5176
2,80,0
2,81,29.4631
2,82,30.77
2,83,30.7263
2,84,30.221
2,85,31.3783
2,86,31.0636
2,87,28.6336
2,88,30.9692
2,89,0
2,90,30.3369
2,91,29.746
2,92,29.5204
2,93,29.9591
2,94,31.5215
2,95,31.3315
2,96,27.5283
2,97,26.6994
2,98,3.55271e-15
2,99,28.9657
3,0,-3.55271e-15
3,1,29.6011
3,2,28.4451
3,3,0
3,4,30.7271
3,5,28.4791
3,6,27.3349
3,7,30.6044
3,8,30.393
3,9,27.7657
3,10,26.6896
3,11,29.6688
3,12,29.0843
3,13,29.2509
3,14,29.603
3,15,27.2217
3,16,28.4198
3,17,29.0315
3,18,28.8829
3,19,31.1176
3,20,28.5118
3,21,-3.55271e-15
3,22,28.811
3,23,29.7572
3,24,28.9369
3,25,30.0307
3,26,31.8093
3,27,0
3,28,28.192
3,29,30.4428
3,30,29.3402
3,31,28.4306
3,32,31.0389
3,33,29.7938
3,34,28.7641
3,35,29.4524
3,36,30.2288
3,37,27.9705
3,38,29.4913
3,39,-3.55271e-15
3,40,28.9929
3,41,28.4263
3,42,29.0709
3,43,31.1431
3,44,29.731
3,45,27.8151
3,46,29.2179
3,47,25.8714
3,48,28.4391
3,49,32.1078
3,50,29.8486
3,51,30.9686
3,52,27.973
3,53,29.0203
3,54,30.6612
3,55,27.4972
3,56,26.8127
3,57,27.1325
3,58,29.0218
3,59,28.728
3,60,26.8409
3,61,27.1326
3,62,29.2656
3,63,30.5911
3,64,30.3062
3,65,26.0382
3,66,30.6219
3,67,26.8309
3,68,30.2181
3,69,29.7217
3,70,28.6391
3,71,28.8921
3,72,28.0229
3,73,27.076
3,74,28.5643
3,75,29.2042
3,76,29.4195
3,77,28.5297
3,78,31.8448
3,79,26.251
3,80,0
3,81,28.1467
3,82,27.3922
3,83,31.6755
3,84,31.1524
3,85,27.0017
3,86,27.863
3,87,28.5021
3,88,28.7612
3,89,0
3,90,27.48
3,91,29.0102
3,92,27.0204
3,93,28.5295
3,94,28.7658
3,95,27.1926
3,96,27.5728
3,97,25.4836
3,98,-3.55271e-15
3,99,29.4143
4,0,7.10543e-15
4,1,31.5772
4,2,29.8398
4,3,30.7271
4,4,0
4,5,31.7649
4,6,27.9415
4,7,30.687
4,8,30.8891
4,9,27.7992
4,10,30.3864
4,11,31.8154
4,12,29.675
4,13,32.1349
4,14,30.7496
4,15,28.3832
4,16,32.737
4,17,29.3027
4,18,29.6489
4,19,30.0637
4,20,29.9819
4,21,0
4,22,29.2789
4,23,27.5136
4,24,30.3555
4,25,31.791
4,26,30.3291
4,27,0
4,28,27.963
4,29,28.9387
4,30,31.5825
4,31,29.5156
4,32,30.9495
4,33,32.037
4,34,29.5768
4,35,29.8225
4,36,30.3711
4,37,29.4726
4,38,32.8706
4,39,0
4,40,27.6131
4,41,28.478
4,42,31.4824
4,43,28.9634
4,44,28.6583
4,45,29.4617
4,46,29.1137
4,47,29.2454
4,48,31.1371
4,49,30.0105
4,50,31.9795
4,51,32.6497
4,52,28.478
4,53,28.1434
4,54,29.0947
4,55,28.4172
4,56,28.8068
4,57,29.3218
4,58,31.0058
4,59,30.9303
4,60,27.9361
4,61,30.7851
4,62,27.8064
4,63,29.5872
4,64,30.1611
4,65,28.2306
4,66,31.8233
4,67,27.8627
4,68,29.7785
4,69,30.1279
4,70,29.9611
4,71,28.2204
4,72,28.357
4,73,27.9071
4,74,30.7137
4,75,30.1257
4,76,32.7539
4,77,30.5311
4,78,29.8239
4,79,29.2681
4,80,0
4,81,26.7327
4,82,28.5632
4,83,31.1072
4,84,31.1026
4,85,29.356
4,86,28.0908
4,87,25.2383
4,88,31.9301
4,89,0
4,90,29.6259
4,91,31.425
4,92,29.6194
4,93,30.0868
4,94,30.9583
4,95,28.6606
4,96,29.705
4,97,26.1742
4,98,3.55271e-15
4,99,27.8512
5,0,0
5,1,28.0363
5,2,29.5106
5,3,28.4791
5,4,31.7649
5,5,0
5,6,26.4665
5,7,29.8763
5,8,29.7312
5,9,26.8513
5,10,28.1154
5,11,32.4965
5,12,32.2194
5,13,28.7273
5,14,29.2446
5,15,25.506
5,16,27.6105
5,17,27.6759
5,18,28.7408
5,19,29.1851
5,20,27.9872
5,21,-7.10543e-15
5,22,28.1732
5,23,29.0604
5,24,26.2102
5,25,29.6091
5,26,27.3943
5,27,-3.55271e-15
5,28,28.0676
5,29,29.4326
5,30,26.5996
5,31,30.1776
5,32,30.2461
5,33,30.4717
5,34,27.6697
5,35,29.6366
5,36,27.0905
5,37,27.4473
5,38,27.016
5,39,0
5,40,27.6589
5,41,27.986
5,42,29.9598
5,43,29.7611
5,44,27.3893
5,45,27.8101
5,46,29.3644
5,47,29.7188
5,48,26.7091
5,49,27.211
5,50,31.4587
5,51,28.9708
5,52,28.5498
5,53,28.9435
5,54,27.8946
5,55,28.8989
5,56,27.2201
5,57,27.1652
5,58,27.3156
5,59,28.7082
5,60,28.2561
5,61,29.3215
5,62,30.7968
5,63,27.6173
5,64,30.5462
5,65,30.4682
5,66,28.2632
5,67,29.4264
5,68,29.0573
5,69,28.2599
5,70,30.3006
5,71,28.008
5,72,26.3508
5,73,26.9243
5,74,31.3333
5,75,29.7069
5,76,27.3832
5,77,27.9658
5,78,28.586
5,79,28.7301
5,80,0
5,81,28.1863
5,82,27.9042
5,83,27.2448
5,84,28.1763
5,85,28.1039
5,86,29.1118
5,87,27.981
5,88,31.7015
5,89,0
5,90,30.9095
5,91,30.7218
5,92,27.5513
5,93,29.0912
5,94,30.4776
5,95,30.1932
5,96,28.456
5,97,25.8839
5,98,0
5,99,28.0134
6,0,-7.10543e-15
6,1,28.3735
6,2,29.887
6,3,27.3349
6,4,27.9415
6,5,26.4665
6,6,0
6,7,27.7412
6,8,29.3661
6,9,25.2999
6,10,29.2405
6,11,28.2475
6,12,28.2281
6,13,28.1939
6,14,27.17
6,15,27.3071
6,16,28.3817
6,17,29.6557
6,18,23.8397
6,19,28.0511
6,20,30.5243
6,21,-7.10543e-15
6,22,27.8966
6,23,26.1548
6,24,26.5464
6,25,27.2894
6,26,25.4614
6,27,0
6,28,28.6985
6,29,29.7598
6,30,28.9618
6,31,28.9849
6,32,28.6191
6,33,29.055
6,34,28.4845
6,35,29.8191
6,36,26.4348
6,37,27.9703
6,38,27.5788
6,39,-3.55271e-15
6,40,27.0651
6,41,26.6672
6,42,27.5696
6,43,27.7812
6,44,27.1126
6,45,27.4422
6,46,29.5771
6,47,26.8694
6,48,24.8346
6,49,25.879
6,50,29.2568
6,51,28.0286
6,52,28.2576
6,53,26.4672
6,54,26.0193
6,55,27.6641
6,56,24.7565
6,57,24.5391
6,58,25.6312
6,59,29.6499
6,60,24.1052
6,61,28.4384
6,62,27.4643
6,63,29.0588
6,64,25.9961
6,65,28.276
6,66,29.145
6,67,27.2031
6,68,25.6989
6,69,27.112
6,70,28.2328
6,71,28.691
6,72,28.9708
6,73,27.8355
6,74,28.0084
6,75,28.537
6,76,27.4961
6,77,27.1299
6,78,30.4682
6,79,29.9463
6,80,0
6,81,24.4989
6,82,24.4121
6,83,28.0889
6,84,28.1757
6,85,27.6204
6,86,28.5004
6,87,26.184
6,88,29.989
6,89,0
6,90,28.7744
6,91,28.9126
6,92,28.2009
6,93,26.2497
6,94,26.2875
6,95,29.191
6,96,28.6388
6,97,24.8572
6,98,0
6,99,28.7098
7,0,-3.55271e-15
7,1,31.0226
7,2,31.2535
7,3,30.6044
7,4,30.687
7,5,29.8763
7,6,27.7412
7,7,0
7,8,30.4439
7,9,26.9977
7,10,27.8818
7,11,28.3188
7,12,26.0821
7,13,29.9065
7,14,29.7276
7,15,26.4212
7,16,30.6392
7,17,28.6823
7,18,31.1131
7,19,27.2575
7,20,28.4244
7,21,0
7,22,29.3249
7,23,27.0385
7,24,27.3565
7,25,30.6652
7,26,28.6601
7,27,-3.55271e-15
7,28,30.4271
7,29,29.4859
7,30,28.4303
7,31,28.1208
7,32,29.0392
7,33,31.6002
7,34,29.4539
7,35,29.4452
7,36,29.2917
7,37,27.5946
7,38,29.9523
7,39,0
7,40,30.7046
7,41,32.6821
7,42,28.8774
7,43,29.5403
7,44,29.0507
7,45,28.9484
7,46,27.8089
7,47,26.8102
7,48,29.0068
7,49,30.6862
7,50,29.7234
7,51,31.7756
7,52,28.4416
7,53,28.3459
7,54,27.528
7,55,32.1358
7,56,29.1304
7,57,27.6072
7,58,29.9475
7,59,29.642
7,60,30.6833
7,61,31.0638
7,62,28.4304
7,63,30.327
7,64,29.4325
7,65,27.6418
7,66,30.23
7,67,28.4412
7,68,30.5591
7,69,28.0067
7,70,28.9325
7,71,29.6453
7,72,29.61
7,73,27.68
7,74,31.027
7,75,29.2092
7,76,31.4767
7,77,29.7232
7,78,27.7007
7,79,27.7795
7,80,0
7,81,27.5112
7,82,27.9345
7,83,29.3753
7,84,31.4468
7,85,29.3585
7,86,30.762
7,87,29.7784
7,88,29.148
7,89,-7.10543e-15
7,90,29.3258
7,91,30.2398
7,92,30.1475
7,93,30.7206
7,94,29.8994
7,95,30.0453
7,96,26.2615
7,97,26.2743
7,98,0
7,99,26.5966
8,0,7.10543e-15
8,1,29.3247
8,2,28.6451
8,3,30.393
8,4,30.8891
8,5,29.7312
8,6,29.3661
8,7,30.4439
8,8,0
8,9,30.3418
8,10,31.7873
8,11,31.0961
8,12,27.5804
8,13,28.8674
8,14,30.0615
8,15,29.529
8,16,28.805
8,17,29.4763
8,18,30.5187
8,19,29.3609
8,20,30.4211
8,21,0
8,22,27.341
8,23,29.2181
8,24,29.5028
8,25,30.2387
8,26,29.8416
8,27,0
8,28,27.5683
8,29,29.6378
8,30,30.1852
8,31,29.5533
8,32,28.7945
8,33,28.9546
8,34,30.9606
8,35,29.9324
8,36,28.9432
8,37,29.5785
8,38,32.5369
8,39,0
8,40,29.2124
8,41,27.9609
8,42,28.1616
8,43,30.7985
8,44,30.6228
8,45,30.2436
8,46,30.4152
8,47,28.6632
8,48,27.2461
8,49,26.6353
8,50,30.8517
8,51,30.2918
8,52,29.1757
8,53,29.5357
8,54,29.9948
8,55,27.7052
8,56,27.8761
8,57,28.1297
8,58,27.5442
8,59,28.8024
8,60,29.3142
8,61,30.2307
8,62,28.1881
8,63,30.4394
8,64,29.2662
8,65,27.4439
8,66,31.2002
8,67,29.4867
8,68,28.8834
8,69,28.457
8,70,27.9242
8,71,29.5552
8,72,29.65
8,73,28.5465
8,74,30.5992
8,75,27.9601
8,76,29.6022
8,77,28.9888
8,78,30.3153
8,79,27.3973
8,80,0
8,81,28.132
8,82,27.7281
8,83,29.4798
8,84,30.2789
8,85,27.7914
8,86,27.5889
8,87,29.3489
8,88,30.7287
8,89,0
8,90,31.0603
8,91,29.0997
8,92,27.3332
8,93,28.6196
8,94,28.9156
8,95,29.9194
8,96,26.3475
8,97,24.5642
8,98,0
8,99,28.4662
9,0,0
9,1,25.3246
9,2,27.9385
9,3,27.7657
9,4,27.7992
9,5,26.8513
9,6,25.2999
9,7,26.9977
9,8,30.3418
9,9,0
9,10,27.5418
9,11,28.4381
9,12,28.4506
9,13,29.7071
9,14,29.6755
9,15,26.2405
9,16,26.0154
9,17,29.4946
9,18,27.2196
9,19,28.329
9,20,27.8936
9,21,0
9,22,26.3006
9,23,27.4317
9,24,26.4489
9,25,28.5886
9,26,27.6035
9,27,-3.55271e-15
9,28,29.2088
9,29,29.2693
9,30,27.2338
9,31,29.6185
9,32,27.1189
9,33,28.6306
9,34,31.4997
9,35,28.226
9,36,27.8123
9,37,26.2394
9,38,28.6815
9,39,0
9,40,26.9331
9,41,27.6141
9,42,30.6496
9,43,27.4981
9,44,26.1498
9,45,29.007
9,46,27.8977
9,47,30.0698
9,48,25.702
9,49,26.2876
9,50,28.3503
9,51,27.7856
9,52,29.6955
9,53,26.0934
9,54,30.0984
9,55,25.842
9,56,28.3514
9,57,26.8559
9,58,27.7095
9,59,30.5302
9,60,27.4158
9,61,27.6648
9,62,28.4737
9,63,30.3388
9,64,28.6105
9,65,27.0648
9,66,25.8431
9,67,29.9555
9,68,28.4525
9,69,26.201
9,70,30.401
9,71,28.79
9,72,28.1476
9,73,28.3187
9,74,29.4037
9,75,28.9798
9,76,26.5334
9,77,26.7178
9,78,26.5531
9,79,29.2965
9,80,0
9,81,27.7208
9,82,28.7231
9,83,28.2362
9,84,27.4458
9,85,27.0003
9,86,28.8894
9,87,26.6929
9,88,30.105
9,89,0
9,90,28.4786
9,91,28.2379
9,92,29.0734
9,93,27.0461
9,94,29.6482
9,95,27.3617
9,96,25.8901
9,97,24.2385
9,98,0
9,99,27.4725
10,0,0
10,1,29.9612
10,2,28.9146
10,3,26.6896
10,4,30.3864
10,5,28.1154
10,6,29.2405
10,7,27.8818
10,8,31.7873
10,9,27.5418
10,10,0
10,11,31.9078
10,12,27.932
10,13,28.6244
10,14,29.5983
10,15,25.7224
10,16,28.5966
10,17,26.0409
10,18,28.3108
10,19,29.1427
10,20,30.2923
10,21,0
10,22,29.3582
10,23,27.813
10,24,26.715
10,25,29.4652
10,26,29.6487
10,27,-7.10543e-15
10,28,27.2669
10,29,27.7613
10,30,28.9508
10,31,30.408
10,32,27.6202
10,33,31.1016
10,34,28.7323
10,35,31.2677
10,36,27.8974
10,37,26.7519
10,38,29.5663
10,39,-3.55271e-15
10,40,26.9053
10,41,30.7808
10,42,28.6647
10,43,27.6618
10,44,29.1345
10,45,27.9981
10,46,28.2351
10,47,29.5317
10,48,26.8339
10,49,28.4474
10,50,32.38
10,51,28.6064
10,52,29.5722
10,53,27.4265
10,54,27.4428
10,55,30.7216
10,56,27.4177
10,57,28.2384
10,58,26.9421
10,59,28.0964
10,60,27.63
10,61,27.409
10,62,28.4695
10,63,29.3833
10,64,28.9965
10,65,29.6044
10,66,29.7251
10,67,30.3572
10,68,27.7263
10,69,28.7805
10,70,28.0834
10,71,28.6876
10,72,26.7311
10,73,29.2246
10,74,29.7572
10,75,29.1304
10,76,26.2495
10,77,27.5602
10,78,28.9247
10,79,26.8648
10,80,0
10,81,26.4172
10,82,28.3068
10,83,26.7754
10,84,28.5193
10,85,27.1062
10,86,31.0061
10,87,27.3
10,88,31.1075
10,89,0
10,90,28.6914
10,91,28.4311
10,92,27.6729
10,93,25.945
10,94,28.5628
10,95,29.8519
10,96,26.1865
10,97,27.4007
10,98,-3.55271e-15
10,99,26.3635
11,0,0
11,1,29.4109
11,2,31.4104
11,3,29.6688
11,4,31.8154
11,5,32.4965
11,6,28.2475
11,7,28.3188
11,8,31.0961
11,9,28.4381
11,10,31.9078
11,11,0
11,12,27.561
11,13,28.8019
11,14,29.2182
11,15,28.4112
11,16,29.1654
11,17,30.0969
11,18,28.9887
11,19,28.3475
11,20,27.6803
11,21,0
11,22,30.5863
11,23,28.3038
11,24,28.3357
11,25,28.9539
11,26,28.5345
11,27,0
11,28,28.5364
11,29,28.5457
11,30,31.7435
11,31,31.388
11,32,30.1936
11,33,31.5396
11,34,31.1641
11,35,30.2071
11,36,27.4203
11,37,28.2887
11,38,33.107
11,39,0
11,40,28.0053
11,41,27.9645
11,42,28.1612
11,43,29.1206
11,44,28.8595
11,45,28.2483
11,46,28.7488
11,47,26.0382
11,48,27.823
11,49,29.4802
11,50,30.8294
11,51,27.6586
11,52,29.2818
11,53,25.6387
11,54,29.6269
11,55,29.9509
11,56,26.9439
11,57,28.4316
11,58,27.8906
11,59,28.9145
11,60,27.4634
11,61,31.6296
11,62,29.3234
11,63,28.6246
11,64,28.4811
11,65,31.8333
11,66,31.513
11,67,29.5606
11,68,26.618
11,69,29.9101
11,70,29.3865
11,71,26.5885
11,72,28.8955
11,73,28.2743
11,74,30.2003
11,75,26.6138
11,76,27.0854
11,77,29.2187
11,78,31.0109
11,79,27.2697
11,80,0
11,81,27.868
11,82,27.1351
11,83,29.4845
11,84,29.2042
11,85,28.5267
11,86,28.6906
11,87,28.2561
11,88,31.0259
11,89,0
11,90,32.0941
11,91,31.7414
11,92,26.9019
11,93,30.9429
11,94,28.3519
11,95,26.2157
11,96,28.4411
11,97,26.2407
11,98,0
11,99,28.6138
12,0,0
12,1,28.7831
12,2,28.9227
12,3,29.0843
12,4,29.675
12,5,32.2194
12,6,28.2281
12,7,26.0821
12,8,27.5804
12,9,28.4506
12,10,27.932
12,11,27.561
12,12,0
12,13,29.0964
12,14,29.1793
12,15,25.6902
12,16,29.5907
12,17,27.4995
12,18,31.7376
12,19,26.8698
12,20,27.515
12,21,0
12,22,29.1463
12,23,29.0915
12,24,28.8185
12,25,28.7986
12,26,30.0286
12,27,-3.55271e-15
12,28,28.0034
12,29,26.8653
12,30,27.7339
12,31,31.0131
12,32,28.0379
12,33,29.9073
12,34,29.648
12,35,29.4623
12,36,27.3671
12,37,25.7568
12,38,29.1397
12,39,0
12,40,28.9704
12,41,28.9847
12,42,27.3733
12,43,27.0685
12,44,29.8953
12,45,27.6305
12,46,26.925
12,47,26.4555
12,48,26.6128
12,49,30.1179
12,50,27.9884
12,51,27.7946
12,52,28.9402
12,53,28.0911
12,54,28.1073
12,55,30.0714
12,56,29.4186
12,57,28.8575
12,58,26.3929
12,59,28.4028
12,60,31.6043
12,61,28.7651
12,62,28.7852
12,63,30.3687
12,64,27.8806
12,65,28.1225
12,66,28.4091
12,67,30.7819
12,68,30.7722
12,69,27.1081
12,70,30.5478
12,71,29.4885
12,72,26.7276
12,73,27.1005
12,74,30.4841
12,75,30.3293
12,76,29.954
12,77,27.7896
12,78,27.0515
12,79,27.0143
12,80,0
12,81,27.179
12,82,30.1758
12,83,27.8145
12,84,30.0085
12,85,27.9128
12,86,30.0234
12,87,27.7132
12,88,27.8134
12,89,0
12,90,29.2192
12,91,28.2265
12,92,29.9994
12,93,30.5057
12,94,30.4919
12,95,29.3204
12,96,26.9857
12,97,28.3618
12,98,0
12,99,28.3638
13,0,0
13,1,28.0025
13,2,29.5708
13,3,29.2509
13,4,32.1349
13,5,28.7273
13,6,28.1939
13,7,29.9065
13,8,28.8674
13,9,29.7071
13,10,28.6244
13,11,28.8019
13,12,29.0964
13,13,0
13,14,29.3325
13,15,27.4728
13,16,28.8226
13,17,28.0014
13,18,30.099
13,19,28.3784
13,20,27.5189
13,21,0
13,22,28.1183
13,23,28.3387
13,24,30.1548
13,25,29.1721
13,26,28.4225
13,27,-3.55271e-15
13,28,27.5622
13,29,27.5186
13,30,26.7514
13,31,28.7016
13,32,28.8539
13,33,28.7801
13,34,28.9007
13,35,27.6654
13,36,28.1816
13,37,25.9628
13,38,29.6401
13,39,3.55271e-15
13,40,28.2002
13,41,28.0849
13,42,26.8794
13,43,30.8376
13,44,30.8797
13,45,27.0418
13,46,28.4483
13,47,28.9945
13,48,27.7043
13,49,29.7178
13,50,29.4284
13,51,29.243
13,52,29.399
13,53,29.6439
13,54,26.4194
13,55,29.7429
13,56,27.5114
13,57,27.8566
13,58,25.696
13,59,31.473
13,60,30.368
13,61,29.255
13,62,30.0476
13,63,32.747
13,64,28.9663
13,65,27.5086
13,66,29.8839
13,67,29.1016
13,68,28.275
13,69,28.4831
13,70,30.5609
13,71,26.9897
13,72,28.441
13,73,28.3674
13,74,29.2431
13,75,27.5935
13,76,27.4563
13,77,27.9695
13,78,28.7471
13,79,26.8026
13,80,0
13,81,30.2652
13,82,30.0854
13,83,29.1853
13,84,29.5033
13,85,25.9135
13,86,30.4212
13,87,28.1133
13,88,30.5099
13,89,3.55271e-15
13,90,28.5043
13,91,28.7475
13,92,27.7407
13,93,29.5214
13,94,27.8347
13,95,28.0766
13,96,28.4195
13,97,26.3833
13,98,0
13,99,28.7134
14,0,0
14,1,29.6577
14,2,29.3651
14,3,29.603
14,4,30.7496
14,5,29.2446
14,6,27.17
14,7,29.7276
14,8,30.0615
14,9,29.6755
14,10,29.5983
14,11,29.2182
14,12,29.1793
14,13,29.3325
14,14,0
14,15,27.0971
14,16,27.0477
14,17,28.9852
14,18,30.1473
14,19,29.196
14,20,27.4888
14,21,0
14,22,28.8124
14,23,30.075
14,24,29.357
14,25,29.0656
14,26,29.647
14,27,-3.55271e-15
14,28,28.3448
14,29,28.5142
14,30,28.8824
14,31,28.2281
14,32,29.4245
14,33,29.0874
14,34,30.6197
14,35,30.9475
14,36,28.0994
14,37,26.9743
14,38,28.565
14,39,-3.55271e-15
14,40,27.5388
14,41,28.0993
14,42,30.6259
14,43,29.2301
14,44,30.1097
14,45,27.7146
14,46,29.4356
14,47,28.1111
14,48,27.3726
14,49,28.6507
14,50,27.9156
14,51,29.238
14,52,31.2045
14,53,27.0608
14,54,27.5298
14,55,26.6382
14,56,26.2523
14,57,26.7879
14,58,27.7298
14,59,30.909
14,60,27.7366
14,61,30.7139
14,62,29.1084
14,63,28.1857
14,64,29.8874
14,65,28.6423
14,66,28.295
14,67,27.7106
14,68,30.341
14,69,29.0213
14,70,30.6156
14,71,27.7556
14,72,27.6981
14,73,27.7011
14,74,30.8287
14,75,28.6957
14,76,29.6973
14,77,25.6869
14,78,27.257
14,79,26.6921
14,80,0
14,81,31.1462
14,82,29.2933
14,83,28.7374
14,84,28.9584
14,85,28.2797
14,86,28.797
14,87,27.9384
14,88,30.747
14,89,0
14,90,28.7564
14,91,28.8701
14,92,27.3847
14,93,29.9104
14,94,30.1615
14,95,26.5429
14,96,29.2278
14,97,27.1326
14,98,-3.55271e-15
14,99,26.9995
15,0,0
15,1,29.2648
15,2,28.672
15,3,27.2217
15,4,28.3832
15,5,25.506
15,6,27.3071
15,7,26.4212
15,8,29.529
15,9,26.2405
15,10,25.7224
15,11,28.4112
15,12,25.6902
15,13,27.4728
15,14,27.0971
15,15,0
15,16,29.105
15,17,30.6024
15,18,26.1028
15,19,25.7929
15,20,28.0118
15,21,7.10543e-15
15,22,28.0536
15,23,24.6071
15,24,24.7522
15,25,28.039
15,26,28.2418
15,27,0
15,28,24.3079
15,29,27.885
15,30,29.8735
15,31,27.4233
15,32,26.8878
15,33,28.9013
15,34,26.927
15,35,29.745
15,36,27.178
15,37,28.9991
15,38,29.0837
15,39,3.55271e-15
15,40,27.6655
15,41,27.426
15,42,27.3149
15,43,27.3003
15,44,27.9842
15,45,28.0259
15,46,27.4343
15,47,25.0743
15,48,26.2629
15,49,27.3391
15,50,28.5755
15,51,29.1435
15,52,27.4667
15,53,27.357
15,54,25.8753
15,55,26.5565
15,56,25.4658
15,57,28.2733
15,58,24.7328
15,59,25.8155
15,60,26.9405
15,61,26.2275
15,62,23.509
15,63,27.6781
15,64,28.3099
15,65,29.1951
15,66,28.3655
15,67,25.1068
15,68,26.1916
15,69,27.0504
15,70,25.2937
15,71,26.4557
15,72,26.9213
15,73,24.8916
15,74,28.1202
15,75,26.1562
15,76,26.0405
15,77,25.3086
15,78,28.7487
15,79,28.3656
15,80,0
15,81,24.4229
15,82,26.2255
15,83,27.4671
15,84,28.7511
15,85,26.7998
15,86,26.0115
15,87,25.6869
15,88,27.2146
15,89,0
15,90,26.7276
15,91,26.7983
15,92,23.8783
15,93,25.6235
15,94,26.7401
15,95,26.015
15,96,25.7521
15,97,24.1895
15,98,0
15,99,25.1586
16,0,3.55271e-15
16,1,28.1235
16,2,29.8924
16,3,28.4198
16,4,32.737
16,5,27.6105
16,6,28.3817
16,7,30.6392
16,8,28.805
16,9,26.0154
16,10,28.5966
16,11,29.1654
16,12,29.5907
16,13,28.8226
16,14,27.0477
16,15,29.105
16,16,0
16,17,26.9822
16,18,29.5958
16,19,28.8122
16,20,27.8126
16,21,7.10543e-15
16,22,30.6101
16,23,28.2403
16,24,27.9346
16,25,29.0197
16,26,26.8963
16,27,0
16,28,28.825
16,29,26.3471
16,30,28.2927
16,31,30.7063
16,32,28.325
16,33,29.9583
16,34,27.443
16,35,30.2109
16,36,26.4696
16,37,29.6629
16,38,27.7618
16,39,0
16,40,28.9044
16,41,31.1628
16,42,29.0871
16,43,26.8732
16,44,29.3913
16,45,28.6545
16,46,26.4085
16,47,26.8396
16,48,28.6939
16,49,27.567
16,50,29.6144
16,51,27.8413
16,52,26.0467
16,53,28.6826
16,54,24.7743
16,55,30.5142
16,56,26.7296
16,57,29.9989
16,58,29.4329
16,59,28.7102
16,60,29.1024
16,61,27.4382
16,62,27.784
16,63,28.4841
16,64,29.4743
16,65,29.5282
16,66,29.2375
16,67,29.5752
16,68,29.7647
16,69,30.1777
16,70,28.2151
16,71,30.2045
16,72,27.3932
16,73,26.8582
16,74,29.7822
16,75,30.8134
16,76,28.1836
16,77,28.3855
16,78,29.903
16,79,29.4365
16,80,0
16,81,26.8597
16,82,28.7368
16,83,27.9524
16,84,28.9644
16,85,29.5149
16,86,28.7439
16,87,28.3582
16,88,28.0592
16,89,0
16,90,28.2734
16,91,28.3467
16,92,29.3302
16,93,29.0334
16,94,27.4116
16,95,27.9629
16,96,25.2531
16,97,26.7609
16,98,0
16,99,27.0618
17,0,0
17,1,30.8491
17,2,26.9451
17,3,29.0315
17,4,29.3027
17,5,27.6759
17,6,29.6557
17,7,28.6823
17,8,29.4763
17,9,29.4946
17,10,26.0409
17,11,30.0969
17,12,27.4995
17,13,28.0014
17,14,28.9852
17,15,30.6024
17,16,26.9822
17,17,0
17,18,27.3581
17,19,28.2082
17,20,32.2531
17,21,0
17,22,25.5544
17,23,28.3816
17,24,30.002
17,25,28.2824
17,26,29.4169
17,27,0
17,28,26.5299
17,29,29.4426
17,30,30.7799
17,31,26.8581
17,32,28.8085
17,33,28.1823
17,34,29.3894
17,35,29.633
17,36,30.217
17,37,27.9781
17,38,30.9473
17,39,0
17,40,27.5151
17,41,29.2726
17,42,29.9115
17,43,28.6845
17,44,27.8323
17,45,28.5192
17,46,31.2855
17,47,27.4666
17,48,27.6096
17,49,27.8606
17,50,30.2668
17,51,28.0582
17,52,30.0781
17,53,31.6198
17,54,27.6809
17,55,29.4204
17,56,29.4185
17,57,28.819
17,58,27.576
17,59,28.7296
17,60,29.0673
17,61,27.2553
17,62,27.4604
17,63,28.7414
17,64,31.6287
17,65,29.2206
17,66,30.5123
17,67,29.5929
17,68,28.9
17,69,28.7615
17,70,28.296
17,71,27.6517
17,72,29.0976
17,73,28.8267
17,74,28.6425
17,75,27.3558
17,76,27.8803
17,77,28.2782
17,78,28.6064
17,79,27.3122
17,80,0
17,81,26.7541
17,82,26.3207
17,83,28.0452
17,84,31.302
17,85,28.4058
17,86,28.1035
17,87,30.4141
17,88,32.2436
17,89,0
17,90,28.0371
17,91,29.7927
17,92,26.4233
17,93,27.8026
17,94,25.8677
17,95,27.6134
17,96,28.5943
17,97,25.0526
17,98,0
17,99,26.3579
18,0,0
18,1,30.5012
18,2,30.9476
18,3,28.8829
18,4,29.6489
18,5,28.7408
18,6,23.8397
18,7,31.1131
18,8,30.5187
18,9,27.2196
18,10,28.3108
18,11,28.9887
18,12,31.7376
18,13,30.099
18,14,30.1473
18,15,26.1028
18,16,29.5958
18,17,27.3581
18,18,0
18,19,27.8559
18,20,26.7549
18,21,0
18,22,30.911
18,23,28.7908
18,24,28.4276
18,25,31.3731
18,26,27.892
18,27,0
18,28,29.9621
18,29,26.7309
18,30,28.7114
18,31,28.2212
18,32,28.8913
18,33,32.0235
18,34,26.6417
18,35,30.8502
18,36,28.5143
18,37,26.374
18,38,29.637
18,39,-7.10543e-15
18,40,28.2384
18,41,28.765
18,42,30.3077
18,43,27.8893
18,44,30.0006
18,45,28.5817
18,46,26.893
18,47,27.3014
18,48,28.1514
18,49,28.9788
18,50,29.4463
18,51,28.2488
18,52,26.1333
18,53,26.3849
18,54,27.1109
18,55,27.5807
18,56,27.0309
18,57,29.1343
18,58,28.7495
18,59,29.2241
18,60,28.8558
18,61,31.0594
18,62,28.9512
18,63,29.9309
18,64,28.7287
18,65,29.0718
18,66,28.9482
18,67,29.0631
18,68,30.8812
18,69,27.6554
18,70,29.3534
18,71,28.0497
18,72,27.0735
18,73,26.7264
18,74,31.407
18,75,30.3413
18,76,30.9285
18,77,29.5617
18,78,29.0595
18,79,27.3569
18,80,0
18,81,28.2723
18,82,29.0095
18,83,31.2583
18,84,29.2307
18,85,29.5662
18,86,26.579
18,87,27.0737
18,88,31.9844
18,89,0
18,90,27.8672
18,91,31.5977
18,92,29.8354
18,93,31.3833
18,94,29.7235
18,95,28.3065
18,96,29.2646
18,97,28.4618
18,98,0
18,99,27.2475
19,0,0
19,1,29.404
19,2,29.297
19,3,31.1176
19,4,30.0637
19,5,29.1851
19,6,28.0511
19,7,27.2575
19,8,29.3609
19,9,28.329
19,10,29.1427
19,11,28.3475
19,12,26.8698
19,13,28.3784
19,14,29.196
19,15,25.7929
19,16,28.8122
19,17,28.2082
19,18,27.8559
19,19,0
19,20,29.7469
19,21,0
19,22,26.2794
19,23,28.0877
19,24,28.8129
19,25,29.2908
19,26,28.9338
19,27,0
19,28,26.8503
19,29,29.8248
19,30,28.1586
19,31,28.4052
19,32,28.4858
19,33,28.3173
19,34,28.1472
19,35,29.7452
19,36,28.2844
19,37,27.0737
19,38,29.2787
19,39,-3.55271e-15
19,40,26.307
19,41,29.3133
19,42,29.7082
19,43,27.6425
19,44,26.9584
19,45,26.0339
19,46,27.7164
19,47,25.4414
19,48,24.9813
19,49,28.9287
19,50,28.6855
19,51,30.0307
19,52,28.6468
19,53,30.1687
19,54,29.4276
19,55,27.3564
19,56,26.2477
19,57,27.4299
19,58,26.5129
19,59,31.9835
19,60,27.0086
19,61,27.9686
19,62,26.5606
19,63,28.0975
19,64,29.5755
19,65,27.2939
19,66,27.7174
19,67,25.6453
19,68,28.5006
19,69,26.3289
19,70,28.4819
19,71,26.9648
19,72,29.1096
19,73,29.0955
19,74,31.611
19,75,27.371
19,76,27.7047
19,77,29.0649
19,78,29.0997
19,79,26.7378
19,80,0
19,81,25.0064
19,82,27.5762
19,83,29.6033
19,84,28.5419
19,85,28.3197
19,86,28.3724
19,87,28.1931
19,88,30.7712
19,89,0
19,90,29.242
19,91,29.3533
19,92,25.083
19,93,29.0891
19,94,26.5717
19,95,28.6542
19,96,29.2083
19,97,25.215
19,98,0
19,99,30.4179
20,0,7.10543e-15
20,1,29.04
20,2,29.509
20,3,28.5118
20,4,29.9819
20,5,27.9872
20,6,30.5243
20,7,28.4244
20,8,30.4211
20,9,27.8936
20,10,30.2923
20,11,27.6803
20,12,27.515
20,13,27.5189
20,14,27.4888
20,15,28.0118
20,16,27.8126
20,17,32.2531
20,18,26.7549
20,19,29.7469
20,20,0
20,21,0
20,22,27.7106
20,23,27.3203
20,24,25.1052
20,25,28.4572
20,26,28.9609
20,27,0
20,28,28.2862
20,29,27.9828
20,30,29.0241
20,31,27.0549
20,32,28.7235
20,33,30.2559
20,34,29.1449
20,35,29.7715
20,36,25.7475
20,37,28.5215
20,38,30.9174
20,39,0
20,40,28.31
20,41,30.3829
20,42,29.4728
20,43,30.5594
20,44,28.2417
20,45,26.6252
20,46,26.3295
20,47,28.4734
20,48,26.9948
20,49,28.2249
20,50,29.8451
20,51,30.2157
20,52,26.1154
20,53,30.5734
20,54,28.6547
20,55,27.8716
20,56,25.6436
20,57,27.9871
20,58,26.4455
20,59,28.2543
20,60,26.7969
20,61,27.2156
20,62,28.8518
20,63,29.7683
20,64,27.5013
20,65,28.1918
20,66,28.6783
20,67,27.4695
20,68,27.9983
20,69,27.9096
20,70,28.48
20,71,27.7524
20,72,31.5119
20,73,27.9
20,74,28.0852
20,75,29.4945
20,76,29.1515
20,77,29.5448
20,78,29.4303
20,79,28.6155
20,80,0
20,81,28.287
20,82,26.3227
20,83,29.9144
20,84,29.1388
20,85,28.1851
20,86,29.3461
20,87,28.5732
20,88,30.2053
20,89,0
20,90,28.0408
20,91,27.0707
20,92,25.6736
20,93,27.9487
20,94,28.2113
20,95,26.6449
20,96,26.4968
20,97,24.8149
20,98,0
20,99,27.5706
21,0,0
21,1,-7.10543e-15
21,2,3.55271e-15
21,3,-3.55271e-15
21,4,0
21,5,-7.10543e-15
21,6,-7.10543e-15
21,7,0
21,8,0
21,9,0
21,10,0
21,11,0
21,12,0
21,13,0
21,14,0
21,15,7.10543e-15
21,16,7.10543e-15
21,17,0
21,18,0
21,19,0
21,20,0
21,21,0
21,22,-3.55271e-15
21,23,-3.55271e-15
21,24,0
21,25,0
21,26,0
21,27,-7.10543e-15
21,28,-3.55271e-15
21,29,0
21,30,0
21,31,-7.10543e-15
21,32,0
21,33,0
21,34,0
21,35,-7.10543e-15
21,36,0
21,37,0
21,38,7.10543e-15
21,39,0
21,40,-3.55271e-15
21,41,-3.55271e-15
21,42,0
21,43,0
21,44,-3.55271e-15
21,45,0
21,46,0
21,47,7.10543e-15
21,48,0
21,49,3.55271e-15
21,50,0
21,51,-3.55271e-15
21,52,0
21,53,0
21,54,0
21,55,0
21,56,0
21,57,0
21,58,0
21,59,-3.55271e-15
21,60,0
21,61,0
21,62,0
21,63,-3.55271e-15
21,64,0
21,65,-7.10543e-15
21,66,0
21,67,-3.55271e-15
21,68,0
21,69,0
21,70,0
21,71,-3.55271e-15
21,72,-3.55271e-15
21,73,0
21,74,0
21,75,0
21,76,0
21,77,-3.55271e-15
21,78,0
21,79,0
21,80,3.55271e-15
21,81,3.55271e-15
21,82,0
21,83,7.10543e-15
21,84,0
21,85,0
21,86,0
21,87,0
21,88,0
21,89,-7.10543e-15
21,90,-7.10543e-15
21,91,0
21,92,-3.55271e-15
21,93,0
21,94,0
21,95,0
21,96,0
21,97,3.55271e-15
21,98,-3.55271e-15
21,99,-3.55271e-15
22,0,0
22,1,27.9292
22,2,27.9403
22,3,28.811
22,4,29.2789
22,5,28.1732
22,6,27.8966
22,7,29.3249
22,8,27.341
22,9,26.3006
22,10,29.3582
22,11,30.5863
22,12,29.1463
22,13,28.1183
22,14,28.8124
22,15,28.0536
22,16,30.6101
22,17,25.5544
22,18,30.911
22,19,26.2794
22,20,27.7106
22,21,-3.55271e-15
22,22,0
22,23,27.0922
22,24,27.344
22,25,27.8162
22,26,28.4657
22,27,-3.55271e-15
22,28,28.1152
22,29,27.5133
22,30,27.6113
22,31,29.1591
22,32,29.1087
22,33,29.182
22,34,26.6214
22,35,32.169
22,36,28.0341
22,37,29.1698
22,38,27.8721
22,39,0
22,40,28.2078
22,41,29.0472
22,42,29.0623
22,43,28.8153
22,44,29.0749
22,45,25.5762
22,46,28.8636
22,47,26.5105
22,48,30.1319
22,49,27.1531
22,50,28.0076
22,51,29.6444
22,52,28.3421
22,53,27.1329
22,54,24.1885
22,55,29.7523
22,56,26.7383
22,57,28.4061
22,58,27.982
22,59,27.9536
22,60,25.5803
22,61,31.2824
22,62,27.9595
22,63,27.0533
22,64,28.643
22,65,25.3984
22,66,27.7371
22,67,28.2914
22,68,28.3964
22,69,27.1825
22,70,29.6386
22,71,26.9876
22,72,29.8747
22,73,26.6894
22,74,28.5084
22,75,28.9393
22,76,30.2706
22,77,31.4257
22,78,29.409
22,79,29.5409
22,80,0
22,81,28.3148
22,82,26.8061
22,83,29.281
22,84,28.7016
22,85,29.6737
22,86,28.5186
22,87,27.8778
22,88,31.5955
22,89,0
22,90,27.7431
22,91,28.947
22,92,30.1717
22,93,28.4927
22,94,28.6357
22,95,29.5927
22,96,25.5178
22,97,27.5861
22,98,0
22,99,26.1325
23,0,-3.55271e-15
23,1,30.1282
23,2,28.2475
23,3,29.7572
23,4,27.5136
23,5,29.0604
23,6,26.1548
23,7,27.0385
23,8,29.2181
23,9,27.4317
23,10,27.813
23,11,28.3038
23,12,29.0915
23,13,28.3387
23,14,30.075
23,15,24.6071
23,16,28.2403
23,17,28.3816
23,18,28.7908
23,19,28.0877
23,20,27.3203
23,21,-3.55271e-15
23,22,27.0922
23,23,0
23,24,28.3115
23,25,29.5964
23,26,30.0463
23,27,0
23,28,27.3188
23,29,28.0653
23,30,26.7728
23,31,25.6009
23,32,31.5139
23,33,27.296
23,34,27.4716
23,35,28.5642
23,36,30.238
23,37,25.2014
23,38,31.1121
23,39,0
23,40,27.6086
23,41,27.7864
23,42,30.3745
23,43,30.0762
23,44,26.7114
23,45,27.6175
23,46,27.1756
23,47,26.7138
23,48,28.2091
23,49,29.2342
23,50,29.234
23,51,29.8468
23,52,28.0255
23,53,27.5789
23,54,30.5284
23,55,27.4394
23,56,28.0869
23,57,26.0316
23,58,30.5889
23,59,29.4363
23,60,26.9121
23,61,29.3217
23,62,26.6212
23,63,29.8454
23,64,29.8147
23,65,26.8451
23,66,28.2333
23,67,26.2936
23,68,28.9339
23,69,26.7527
23,70,29.0858
23,71,26.6004
23,72,26.6625
23,73,27.8705
23,74,31.3144
23,75,27.8798
23,76,30.6278
23,77,27.6367
23,78,26.9161
23,79,26.9365
23,80,0
23,81,28.2512
23,82,27.2669
23,83,30.9712
23,84,28.3641
23,85,26.5626
23,86,28.4775
23,87,27.3679
23,88,31.4654
23,89,-3.55271e-15
23,90,27.7243
23,91,28.547
23,92,26.0099
23,93,25.6087
23,94,28.2841
23,95,25.0026
23,96,27.3972
23,97,25.0093
23,98,0
23,99,28.5701
24,0,3.55271e-15
24,1,29.5241
24,2,27.5878
24,3,28.9369
24,4,30.3555
24,5,26.2102
24,6,26.5464
24,7,27.3565
24,8,29.5028
24,9,26.4489
24,10,26.715
24,11,28.3357
24,12,28.8185
24,13,30.1548
24,14,29.357
24,15,24.7522
24,16,27.9346
24,17,30.002
24,18,28.4276
24,19,28.8129
24,20,25.1052
24,21,0
24,22,27.344
24,23,28.3115
24,24,0
24,25,27.9745
24,26,29.9314
24,27,0
24,28,25.7658
24,29,28.2377
24,30,28.1161
24,31,27.5603
24,32,29.7631
24,33,27.68
24,34,27.4096
24,35,28.6172
24,36,26.9284
24,37,27.6352
24,38,29.5067
24,39,0
24,40,27.1935
24,41,27.6101
24,42,28.2133
24,43,29.9155
24,44,26.5224
24,45,25.8516
24,46,27.3372
24,47,24.717
24,48,26.5357
24,49,28.3672
24,50,27.8214
24,51,29.4951
24,52,26.781
24,53,25.6531
24,54,27.2032
24,55,28.042
24,56,24.064
24,57,26.8121
24,58,30.3665
24,59,29.4737
24,60,26.4989
24,61,30.6729
24,62,28.6554
24,63,27.3082
24,64,30.8203
24,65,26.2132
24,66,27.8265
24,67,26.0736
24,68,27.3677
24,69,28.3417
24,70,28.1243
24,71,26.8118
24,72,24.018
24,73,26.4323
24,74,31.5668
24,75,28.8158
24,76,28.113
24,77,28.0625
24,78,26.631
24,79,26.6298
24,80,0
24,81,28.9881
24,82,26.2147
24,83,30.1541
24,84,29.0572
24,85,26.2404
24,86,26.0359
24,87,27.9172
24,88,28.4778
24,89,0
24,90,28.5717
24,91,29.4197
24,92,25.2139
24,93,27.9632
24,94,31.1774
24,95,28.4025
24,96,29.3816
24,97,25.0255
24,98,0
24,99,28.1308
25,0,0
25,1,28.9585
25,2,29.4461
25,3,30.0307
25,4,31.791
25,5,29.6091
25,6,27.2894
25,7,30.6652
25,8,30.2387
25,9,28.5886
25,10,29.4652
25,11,28.9539
25,12,28.7986
25,13,29.1721
25,14,29.0656
25,15,28.039
25,16,29.0197
25,17,28.2824
25,18,31.3731
25,19,29.2908
25,20,28.4572
25,21,0
25,22,27.8162
25,23,29.5964
25,24,27.9745
25,25,0
25,26,29.4489
25,27,0
25,28,28.8479
25,29,28.4644
25,30,28.2444
25,31,28.526
25,32,30.0121
25,33,30.5941
25,34,28.9676
25,35,32.0881
25,36,28.2622
25,37,29.1815
25,38,30.3149
25,39,0
25,40,29.005
25,41,29.3883
25,42,31.0498
25,43,32.1027
25,44,29.7408
25,45,28.2263
25,46,28.9475
25,47,27.9594
25,48,27.6266
25,49,28.3045
25,50,29.0086
25,51,29.448
25,52,28.095
25,53,28.8527
25,54,28.089
25,55,30.7189
25,56,29.5173
25,57,28.4208
25,58,27.3946
25,59,28.6615
25,60,27.1203
25,61,30.7791
25,62,28.3692
25,63,29.782
25,64,30.6445
25,65,28.4059
25,66,29.4072
25,67,28.7675
25,68,28.8011
25,69,28.5555
25,70,30.3162
25,71,28.9225
25,72,29.106
25,73,28.6449
25,74,31.6334
25,75,29.6772
25,76,29.7813
25,77,28.9893
25,78,29.1596
25,79,27.6188
25,80,0
25,81,28.5501
25,82,30.1295
25,83,30.9535
25,84,30.8519
25,85,28.6818
25,86,28.9235
25,87,28.6039
25,88,32.2045
25,89,0
25,90,29.2267
25,91,29.7017
25,92,28.8037
25,93,31.7526
25,94,31.2661
25,95,28.1243
25,96,27.9904
25,97,25.9382
25,98,0
25,99,28.6161
26,0,0
26,1,29.8059
26,2,26.6413
26,3,31.8093
26,4,30.3291
26,5,27.3943
26,6,25.4614
26,7,28.6601
26,8,29.8416
26,9,27.6035
26,10,29.6487
26,11,28.5345
26,12,30.0286
26,13,28.4225
26,14,29.647
26,15,28.2418
26,16,26.8963
26,17,29.4169
26,18,27.892
26,19,28.9338
26,20,28.9609
26,21,0
26,22,28.4657
26,23,30.0463
26,24,29.9314
26,25,29.4489
26,26,0
26,27,0
26,28,27.7478
26,29,28.6916
26,30,26.4024
26,31,29.461
26,32,29.7536
26,33,29.5067
26,34,27.3741
26,35,29.9671
26,36,28.8721
26,37,25.831
26,38,29.291
26,39,-3.55271e-15
26,40,26.4026
26,41,24.3704
26,42,28.8182
26,43,28.6279
26,44,27.5121
26,45,27.0674
26,46,29.502
26,47,28.3106
26,48,27.5242
26,49,27.6248
26,50,29.2641
26,51,28.0038
26,52,29.4045
26,53,31.142
26,54,30.8354
26,55,28.3988
26,56,26.0987
26,57,26.6386
26,58,27.8753
26,59,29.4714
26,60,25.3158
26,61,29.1939
26,62,27.6559
26,63,27.6245
26,64,27.8835
26,65,27.9992
26,66,28.7587
26,67,27.0209
26,68,27.4337
26,69,27.1266
26,70,28.0599
26,71,29.06
26,72,28.3187
26,73,27.7404
26,74,31.4692
26,75,28.2442
26,76,30.0899
26,77,28.755
26,78,28.2864
26,79,27.0129
26,80,0
26,81,25.1182
26,82,26.6475
26,83,30.3004
26,84,30.2273
26,85,27.0521
26,86,28.578
26,87,27.8758
26,88,31.2245
26,89,0
26,90,28.755
26,91,30.4434
26,92,27.6253
26,93,27.8031
26,94,27.6674
26,95,29.0217
26,96,28.9466
26,97,26.3224
26,98,-7.10543e-15
26,99,27.6797
27,0,0
27,1,-7.10543e-15
27,2,3.55271e-15
27,3,0
27,4,0
27,5,-3.55271e-15
27,6,0
27,7,-3.55271e-15
27,8,0
27,9,-3.55271e-15
27,10,-7.10543e-15
27,11,0
27,12,-3.55271e-15
27,13,-3.55271e-15
27,14,-3.55271e-15
27,15,0
27,16,0
27,17,0
27,18,0
27,19,0
27,20,0
27,21,-7.10543e-15
27,22,-3.55271e-15
27,23,0
27,24,0
27,25,0
27,26,0
27,27,0
27,28,-7.10543e-15
27,29,-7.10543e-15
27,30,0
27,31,-1.06581e-14
27,32,0
27,33,-3.55271e-15
27,34,-7.10543e-15
27,35,-3.55271e-15
27,36,0
27,37,-3.55271e-15
27,38,0
27,39,0
27,40,-3.55271e-15
27,41,-3.55271e-15
27,42,0
27,43,0
27,44,0
27,45,-3.55271e-15
27,46,0
27,47,3.55271e-15
27,48,-3.55271e-15
27,49,0
27,50,-7.10543e-15
27,51,0
27,52,0
27,53,-7.10543e-15
27,54,0
27,55,-3.55271e-15
27,56,-3.55271e-15
27,57,0
27,58,-7.10543e-15
27,59,0
27,60,0
27,61,0
27,62,0
27,63,-3.55271e-15
27,64,0
27,65,-7.10543e-15
27,66,0
27,67,0
27,68,-3.55271e-15
27,69,0
27,70,-3.55271e-15
27,71,3.55271e-15
27,72,-7.10543e-15
27,73,0
27,74,-7.10543e-15
27,75,3.55271e-15
27,76,-7.10543e-15
27,77,-3.55271e-15
27,78,0
27,79,-3.55271e-15
27,80,0
27,81,-3.55271e-15
27,82,0
27,83,0
27,84,-7.10543e-15
27,85,-7.10543e-15
27,86,-7.10543e-15
27,87,0
27,88,-7.10543e-15
27,89,0
27,90,-3.55271e-15
27,91,0
27,92,-3.55271e-15
27,93,0
27,94,-3.55271e-15
27,95,-3.55271e-15
27,96,0
27,97,0
27,98,3.55271e-15
27,99,-7.10543e-15
28,0,0
28,1,28.3565
28,2,29.5605
28,3,28.192
28,4,27.963
28,5,28.0676
28,6,28.6985
28,7,30.4271
28,8,27.5683
28,9,29.2088
28,10,27.2669
28,11,28.5364
28,12,28.0034
28,13,27.5622
28,14,28.3448
28,15,24.3079
28,16,28.825
28,17,26.5299
28,18,29.9621
28,19,26.8503
28,20,28.2862
28,21,-3.55271e-15
28,22,28.1152
28,23,27.3188
28,24,25.7658
28,25,28.8479
28,26,27.7478
28,27,-7.10543e-15
28,28,0
28,29,23.9257
28,30,27.8115
28,31,28.1497
28,32,26.8483
28,33,30.1841
28,34,24.8002
28,35,27.764
28,36,27.8364
28,37,27.0805
28,38,26.5151
28,39,0
28,40,29.2368
28,41,28.4413
28,42,28.1002
28,43,27.862
28,44,29.0866
28,45,24.2402
28,46,25.1081
28,47,27.0532
28,48,27.8637
28,49,28.5438
28,50,28.4978
28,51,28.7383
28,52,24.904
28,53,27.6197
28,54,23.6287
28,55,28.312
28,56,30.603
28,57,27.2876
28,58,26.4408
28,59,27.4103
28,60,27.9392
28,61,26.9325
28,62,30.636
28,63,26.5278
28,64,27.62
28,65,26.5007
28,66,28.0609
28,67,27.4363
28,68,28.8419
28,69,27.2542
28,70,26.6815
28,71,29.7289
28,72,28.2195
28,73,24.757
28,74,28.993
28,75,30.2426
28,76,29.442
28,77,29.7752
28,78,26.1675
28,79,28.0803
28,80,0
28,81,26.1825
28,82,28.9074
28,83,26.6247
28,84,27.8374
28,85,27.7344
28,86,28.1334
28,87,27.3877
28,88,27.9951
28,89,0
28,90,25.6487
28,91,26.7952
28,92,27.777
28,93,29.5851
28,94,28.6072
28,95,27.649
28,96,24.6998
28,97,28.2361
28,98,0
28,99,24.3969
29,0,0
29,1,26.5718
29,2,28.9365
29,3,30.4428
29,4,28.9387
29,5,29.4326
29,6,29.7598
29,7,29.4859
29,8,29.6378
29,9,29.2693
29,10,27.7613
29,11,28.5457
29,12,26.8653
29,13,27.5186
29,14,28.5142
29,15,27.885
29,16,26.3471
29,17,29.4426
29,18,26.7309
29,19,29.8248
29,20,27.9828
29,21,0
29,22,27.5133
29,23,28.0653
29,24,28.2377
29,25,28.4644
29,26,28.6916
29,27,-7.10543e-15
29,28,23.9257
29,29,0
29,30,28.803
29,31,28.7493
29,32,29.0599
29,33,28.2215
29,34,27.6588
29,35,29.2317
29,36,26.2443
29,37,27.9947
29,38,29.7623
29,39,-3.55271e-15
29,40,25.5022
29,41,26.5732
29,42,27.4773
29,43,28.2804
29,44,26.4267
29,45,24.7721
29,46,28.4955
29,47,25.8134
29,48,24.521
29,49,28.5561
29,50,27.8902
29,51,28.1299
29,52,26.4973
29,53,28.5044
29,54,31.1429
29,55,25.257
29,56,25.9637
29,57,27.2459
29,58,27.0092
29,59,30.0098
29,60,26.2639
29,61,26.5432
29,62,26.8013
29,63,27.2259
29,64,26.9454
29,65,26.5231
29,66,29.4187
29,67,26.8091
29,68,25.6427
29,69,28.991
29,70,27.5242
29,71,26.5267
29,72,28.6286
29,73,28.5587
29,74,28.6455
29,75,26.5265
29,76,27.9277
29,77,27.4926
29,78,28.7541
29,79,26.7264
29,80,0
29,81,27.2272
29,82,27.9312
29,83,26.5539
29,84,29.1372
29,85,26.6194
29,86,28.9019
29,87,26.9353
29,88,31.1851
29,89,0
29,90,28.83
29,91,28.989
29,92,24.4101
29,93,27.9594
29,94,25.6123
29,95,27.5812
29,96,26.9335
29,97,26.0542
29,98,0
29,99,28.3581
30,0,0
30,1,28.543
30,2,29.1322
30,3,29.3402
30,4,31.5825
30,5,26.5996
30,6,28.9618
30,7,28.4303
30,8,30.1852
30,9,27.2338
30,10,28.9508
30,11,31.7435
30,12,27.7339
30,13,26.7514
30,14,28.8824
30,15,29.8735
30,16,28.2927
30,17,30.7799
30,18,28.7114
30,19,28.1586
30,20,29.0241
30,21,0
30,22,27.6113
30,23,26.7728
30,24,28.1161
30,25,28.2444
30,26,26.4024
30,27,0
30,28,27.8115
30,29,28.803
30,30,0
30,31,30.3331
30,32,28.966
30,33,28.9889
30,34,28.8413
30,35,32.9757
30,36,29.3649
30,37,27.7679
30,38,30.4267
30,39,0
30,40,27.9935
30,41,26.0761
30,42,29.3741
30,43,29.3601
30,44,27.8683
30,45,30.4547
30,46,30.7265
30,47,28.6807
30,48,28.3731
30,49,27.9535
30,50,31.5011
30,51,29.7371
30,52,29.699
30,53,30.2591
30,54,30.2963
30,55,29.5047
30,56,27.512
30,57,27.8996
30,58,25.2733
30,59,29.5064
30,60,26.188
30,61,29.6169
30,62,25.9441
30,63,28.2103
30,64,28.1124
30,65,30.3719
30,66,29.8105
30,67,26.4978
30,68,28.3461
