,0,89,98,27,39,21,80,78,67,60,26,81,41,44,43,72,73,63,52,55,92,70,10,93,85,13,94,42,49,25,22,45,28,34,90,1,96,91,56,16,61,38,77,14,12,7,57,6,18,86,65,75,31,99,29,83,84,71,95,11,47,48,76,88,30,58,15,69,19,62,23,53,50,33,68,54,51,79,97,40,46,20,24,5,9,66,37,87,4,35,8,64,82,17,74,3,2,32,36,59
0,0,29.306,31.541,32.757,32.017,31.359,31.938,30.896,33.648,33.190,32.382,32.478,32.248,31.070,31.987,32.859,34.127,32.419,33.603,32.463,31.170,33.886,33.429,32.880,31.572,32.484,31.903,33.038,31.193,32.117,30.596,31.437,32.322,33.446,32.381,30.082,32.016,31.624,32.213,31.271,32.072,32.763,31.421,32.246,32.242,31.737,31.661,33.594,32.049,33.167,34.120,32.561,32.993,34.015,33.639,31.767,33.916,33.875,33.100,33.226,34.261,31.709,31.006,32.826,31.868,30.247,31.639,31.803,32.909,33.317,31.387,31.811,33.298,33.403,33.122,33.548,31.515,32.821,32.561,30.724,34.309,32.714,31.265,33.528,34.505,32.536,30.740,33.727,32.005,32.382,32.455,32.040,35.059,33.479,32.295,31.405,32.833,31.381,32.467,34.851
89,29.306,0,30.125,33.368,31.351,32.837,33.232,33.508,32.566,30.788,31.652,30.407,32.462,30.387,31.574,32.697,31.253,30.573,31.511,33.727,31.243,32.054,32.985,32.500,32.105,30.980,31.769,32.178,31.099,32.122,32.720,31.287,32.737,32.213,32.963,30.857,32.854,32.390,30.467,32.425,33.566,32.073,33.158,31.176,31.662,32.522,31.453,34.726,32.431,32.828,33.921,32.571,32.813,32.942,33.624,31.128,32.404,33.172,34.369,34.155,32.075,31.663,31.730,32.190,32.345,30.915,32.522,34.098,32.874,32.431,30.370,30.883,34.084,33.825,32.130,31.553,32.307,32.799,33.611,31.741,32.987,33.056,32.839,33.500,31.692,32.963,33.434,31.713,32.513,32.750,31.805,30.711,32.131,32.000,32.063,31.973,33.534,32.925,31.199,33.067
98,31.541,30.125,0,28.385,29.735,30.311,30.373,31.526,30.192,30.909,30.829,29.069,32.497,30.285,31.191,32.209,31.235,30.311,30.083,30.774,30.381,30.236,31.231,31.576,30.774,30.065,29.623,33.042,30.655,31.156,30.026,31.083,31.587,31.439,30.329,31.221,29.120,30.009,31.226,31.009,30.756,31.351,30.375,29.396,29.252,31.894,32.809,32.564,30.599,30.918,31.554,31.051,30.343,31.619,32.875,30.959,32.143,32.147,30.488,31.863,30.282,31.307,31.476,31.462,31.569,30.223,33.435,32.769,31.920,30.510,30.593,32.802,31.862,31.355,31.180,31.279,31.218,33.959,29.413,31.960,33.158,33.638,29.740,30.036,30.335,33.030,32.422,33.599,31.416,32.103,31.102,31.243,30.899,33.397,30.949,31.556,31.349,32.260,31.577,31.276
27,32.757,33.368,28.385,0,29.533,30.120,31.527,32.193,30.077,31.697,33.380,31.665,31.595,30.897,32.734,32.159,31.579,30.966,32.362,30.581,30.255,30.491,31.422,32.226,30.012,31.557,31.744,33.132,32.089,32.221,30.828,30.161,30.532,32.037,31.903,32.935,33.669,32.478,30.313,30.175,32.493,32.365,31.272,31.554,30.369,31.735,32.181,31.944,31.958,31.055,30.964,30.818,31.292,33.520,34.905,32.554,33.492,30.876,30.854,32.967,30.503,31.281,32.233,33.310,32.399,33.255,32.483,33.616,33.484,31.690,33.683,33.215,32.217,31.484,31.309,34.546,32.423,31.281,30.880,31.125,33.852,33.156,33.514,31.945,31.237,33.060,31.459,33.437,32.374,31.867,31.971,33.334,32.531,33.782,33.006,33.831,31.889,34.668,33.414,33.400
39,32.017,31.351,29.735,29.533,0,30.349,30.997,31.619,31.540,32.901,31.664,31.840,32.954,31.307,31.954,31.223,30.639,31.876,31.412,31.905,33.039,32.601,31.615,34.200,31.336,31.149,32.097,33.869,33.034,32.451,32.004,31.334,33.437,30.769,30.509,32.390,31.732,32.245,33.009,32.249,33.259,31.270,32.069,31.876,32.041,32.639,33.859,30.967,33.252,31.267,32.390,32.536,31.112,30.579,31.362,32.156,33.185,32.403,30.992,32.355,30.659,33.465,33.376,32.128,30.909,32.855,31.130,32.415,31.410,32.885,31.873,31.485,31.763,32.645,33.601,30.946,31.290,32.357,35.118,33.074,32.267,31.799,32.279,32.239,31.162,32.857,31.982,34.175,32.116,32.245,30.921,31.911,34.141,31.951,32.598,31.815,32.440,33.585,34.189,33.078
21,31.359,32.837,30.311,30.120,30.349,0,30.279,32.160,31.983,32.705,32.370,31.407,31.693,31.114,32.032,31.332,31.175,30.972,33.826,32.531,31.719,32.789,32.813,33.045,30.836,31.240,31.012,32.557,31.124,32.428,31.615,33.528,30.853,33.077,33.030,32.798,32.480,33.138,32.233,32.206,33.368,33.495,31.522,31.917,31.378,32.088,33.641,32.915,32.481,31.489,34.463,31.170,33.221,31.868,33.091,33.078,34.228,31.605,31.571,34.083,32.300,33.746,32.146,33.247,33.959,32.571,34.773,33.870,31.674,30.817,31.652,32.007,32.749,32.783,32.755,32.632,31.139,32.763,30.867,31.774,34.689,31.993,32.185,32.725,31.995,33.686,33.885,32.983,32.865,33.813,32.513,33.451,32.739,34.325,32.591,31.645,31.007,34.114,33.951,31.987
80,31.938,33.232,30.373,31.527,30.997,30.279,0,49.045,48.711,49.278,49.239,48.062,49.468,47.750,49.101,49.236,48.693,48.154,49.373,49.102,48.259,49.180,49.516,50.125,48.001,48.234,48.302,50.423,48.540,49.329,48.183,48.558,48.933,49.427,48.946,48.812,48.933,49.133,48.659,48.593,49.862,49.527,48.619,48.375,48.067,49.318,49.982,50.042,49.332,48.872,50.295,48.857,49.132,49.581,50.630,49.182,50.818,49.554,48.848,50.564,48.727,49.467,49.159,49.900,49.428,48.701,49.996,50.492,49.580,48.999,48.607,49.223,49.969,49.887,49.642,49.602,48.677,49.985,48.825,48.802,51.190,50.031,48.958,49.524,48.905,50.529,49.502,50.803,49.494,49.912,48.974,49.392,50.257,50.707,49.521,49.143,49.284,50.578,50.234,50.264
78,30.896,33.508,31.526,32.193,31.619,32.160,49.045,0,5.401,6.019,4.147,5.860,3.990,4.150,3.555,3.747,6.487,5.403,5.914,3.298,4.935,6.149,3.994,4.815,3.532,4.730,4.086,4.963,4.505,3.186,2.454,4.848,5.035,4.641,3.427,3.989,4.739,3.396,6.250,3.463,3.081,4.005,2.282,4.749,4.849,2.821,5.217,3.764,3.754,4.010,5.301,4.157,4.124,5.270,4.672,4.109,5.064,5.127,3.916,2.989,6.240,4.974,3.777,3.871,3.559,4.605,4.780,1.923,3.735,5.248,5.191,4.883,2.886,3.666,5.260,6.149,2.474,5.106,7.257,4.047,5.155,3.933,3.717,4.346,6.546,3.190,3.069,6.273,2.510,3.382,3.685,4.992,7.315,5.369,3.641,3.532,3.515,3.765,5.780,5.980
67,33.648,32.566,30.192,30.077,31.540,31.983,48.711,5.401,0,3.683,4.914,3.956,4.302,3.885,4.463,4.120,3.804,3.280,4.013,2.817,4.211,1.804,2.028,4.101,2.984,3.195,3.775,5.125,5.124,3.737,4.427,4.307,4.170,3.419,4.008,6.532,6.136,4.663,4.267,3.691,4.577,3.908,3.916,3.313,2.397,4.132,5.858,4.381,3.902,2.026,2.900,2.787,2.690,5.129,6.470,4.678,4.283,2.652,3.312,4.216,1.925,4.731,5.342,4.428,5.112,6.694,6.759,6.130,5.061,3.361,6.358,6.223,3.432,2.338,3.132,6.369,4.747,5.164,6.221,5.324,4.997,5.713,6.142,2.762,2.544,4.917,6.035,5.712,4.028,3.995,3.539,5.588,4.057,5.786,4.389,6.208,3.670,7.090,5.797,4.102
60,33.190,30.788,30.909,31.697,32.901,32.705,49.278,6.019,3.683,0,3.870,2.530,3.841,2.680,3.252,4.661,4.039,1.898,3.545,4.937,3.286,2.592,3.646,2.606,4.122,2.654,3.514,3.205,3.419,2.918,5.095,4.172,4.438,3.953,5.239,4.730,6.186,4.326,2.333,4.251,4.709,3.698,4.891,2.524,2.995,3.797,3.760,6.443,3.227,3.988,4.785,3.515,4.236,5.717,6.456,2.883,2.632,4.093,6.125,5.027,4.024,3.308,3.802,3.446,5.108,4.857,6.502,6.226,5.119,3.512,4.406,4.686,5.015,4.075,2.029,5.486,4.761,5.211,6.555,4.358,4.400,5.595,5.901,4.280,3.454,4.154,6.433,3.243,3.708,3.939,3.526,3.522,2.715,4.537,3.198,5.258,4.715,5.742,2.838,3.991
26,32.382,31.652,30.829,33.380,31.664,32.370,49.239,4.147,4.914,3.870,0,3.070,4.528,3.091,1.413,3.489,4.290,3.602,3.313,4.929,5.138,5.025,3.643,4.221,4.543,2.315,2.822,3.933,3.573,2.379,4.512,5.228,5.793,3.163,3.409,3.518,3.362,2.880,5.480,5.048,3.914,2.595,4.042,2.668,4.135,3.770,5.170,5.219,3.503,3.783,5.671,4.397,3.764,3.257,3.268,2.200,2.738,5.189,5.205,3.570,4.851,5.016,3.927,1.277,3.595,3.489,5.692,4.135,2.381,4.092,2.046,3.431,3.769,4.273,4.534,2.559,2.496,6.016,7.637,5.146,3.462,4.213,3.235,3.681,4.351,3.473,5.862,4.654,2.474,3.954,2.261,2.164,4.952,3.663,1.563,2.165,4.032,3.658,3.852,3.565
81,32.478,30.407,29.069,31.665,31.840,31.407,48.062,5.860,3.956,2.530,3.070,0,4.896,2.893,3.086,4.829,4.115,2.222,3.314,5.147,4.118,3.443,4.065,3.703,4.482,1.899,2.270,4.467,3.290,3.178,4.823,5.377,5.149,4.268,4.764,4.861,4.505,3.734,4.276,5.031,4.544,4.051,4.512,1.356,2.551,4.503,5.486,6.665,3.293,3.970,5.686,3.925,4.199,4.994,6.049,3.217,3.608,4.969,5.658,5.160,4.173,4.712,4.318,3.413,5.420,4.297,7.500,6.417,4.607,3.028,3.469,5.222,5.086,4.452,3.466,4.573,4.288,6.780,6.115,5.357,5.249,6.125,4.551,3.596,3.367,5.164,7.175,4.912,3.955,4.990,3.652,3.696,3.074,5.548,2.845,4.613,4.453,5.719,3.785,3.322
41,32.248,32.462,32.497,31.595,32.954,31.693,49.468,3.990,4.302,3.841,4.528,4.896,0,2.812,3.183,2.946,4.846,3.163,5.935,3.907,3.073,4.535,3.655,2.908,2.244,3.770,3.761,2.069,3.044,2.652,3.786,4.455,2.218,4.557,5.325,4.509,6.750,4.825,3.368,2.793,4.358,4.364,3.438,4.282,3.907,1.421,3.239,4.883,3.242,3.318,5.147,2.032,4.844,5.647,5.853,3.916,4.201,2.666,5.006,4.583,5.335,3.843,2.665,4.091,5.072,5.265,5.660,4.637,4.169,3.484,5.119,3.874,3.793,3.321,3.001,6.500,3.250,2.826,6.230,2.017,4.932,3.251,5.790,4.846,5.235,2.840,4.729,3.177,3.100,3.386,3.765,4.917,5.171,4.850,3.620,4.389,2.852,5.243,4.588,4.797
44,31.070,30.387,30.285,30.897,31.307,31.114,47.750,4.150,3.885,2.680,3.091,2.893,2.812,0,2.018,3.390,4.128,1.826,4.233,4.096,2.737,3.868,3.377,3.123,2.554,2.043,2.566,3.114,2.319,1.945,3.477,3.620,3.783,3.665,4.285,3.313,5.365,3.543,2.998,3.088,4.047,3.243,3.404,2.417,2.788,2.394,3.534,5.445,2.758,3.251,5.123,2.778,3.897,5.049,5.552,2.285,3.545,3.900,5.129,4.463,4.461,3.389,2.610,3.031,4.119,3.805,5.474,4.876,3.933,3.433,3.447,3.438,4.136,3.764,2.981,5.139,2.871,4.464,6.483,2.971,4.602,4.260,4.719,4.196,4.239,3.360,5.034,3.875,2.553,3.314,2.590,3.214,4.686,4.398,2.549,3.679,3.653,4.789,3.624,4.529
43,31.987,31.574,31.191,32.734,31.954,32.032,49.101,3.555,4.463,3.252,1.413,3.086,3.183,2.018,0,2.819,4.146,2.800,3.847,4.310,4.020,4.556,3.241,3.272,3.475,2.041,2.398,2.769,2.540,1.351,3.752,4.503,4.586,3.193,3.672,2.919,4.218,2.897,4.403,3.970,3.526,2.587,3.339,2.519,3.569,2.486,4.016,4.926,2.721,3.259,5.294,3.352,3.739,3.832,3.853,1.743,2.617,4.289,4.954,3.501,4.773,4.101,2.737,1.493,3.544,3.269,5.244,3.786,2.437,3.487,2.331,2.776,3.425,3.655,3.621,3.704,1.857,4.881,6.973,3.781,3.540,3.456,3.603,3.735,4.367,2.578,5.098,3.699,1.738,3.216,2.022,2.334,4.710,3.520,1.167,2.085,3.293,3.503,3.358,3.668
72,32.859,32.697,32.209,32.159,31.223,31.332,49.236,3.747,4.120,4.661,3.489,4.829,2.946,3.390,2.819,0,3.250,3.631,5.163,4.111,5.192,5.071,2.939,4.704,2.937,3.019,3.849,3.560,4.387,3.111,4.583,5.184,4.385,3.031,4.047,5.219,5.838,4.879,5.276,4.340,4.961,3.466,3.806,4.319,4.500,2.985,5.337,3.235,4.394,2.233,5.218,3.173,4.097,2.998,3.580,4.156,4.121,2.907,3.908,3.928,4.290,5.634,4.489,3.354,4.329,5.913,5.388,4.284,1.974,3.780,4.675,3.234,2.563,3.495,4.607,4.594,2.130,3.707,7.766,4.512,3.834,1.856,5.389,4.325,4.184,3.230,5.374,4.364,3.085,3.798,2.575,4.627,5.639,3.983,3.604,3.512,2.617,5.565,5.784,3.922
73,34.127,31.253,31.235,31.579,30.639,31.175,48.693,6.487,3.804,4.039,4.290,4.115,4.846,4.128,4.146,3.250,0,3.216,4.432,5.655,6.065,4.388,3.697,5.598,4.520,2.759,4.667,4.784,5.523,4.556,6.517,5.912,5.691,3.161,5.178,6.783,6.793,6.107,5.243,5.950,6.620,4.185,5.826,4.338,4.689,5.135,6.550,5.234,5.618,3.193,5.699,4.382,4.648,3.363,5.126,4.975,4.391,3.643,5.350,5.635,2.861,6.530,6.176,4.318,5.695,7.162,7.016,6.891,3.956,4.087,5.302,4.543,4.613,4.828,4.951,4.378,4.573,5.334,8.530,6.349,4.377,4.624,6.937,4.917,2.077,5.295,7.645,4.777,4.904,5.324,3.482,5.056,4.526,4.624,4.762,5.444,4.597,7.519,6.250,3.534
63,32.419,30.573,30.311,30.966,31.876,30.972,48.154,5.403,3.280,1.898,3.602,2.222,3.163,1.826,2.800,3.631,3.216,0,4.219,4.565,3.144,3.032,3.452,3.076,3.047,1.681,2.602,3.121,2.773,2.715,4.509,4.616,3.557,3.902,5.027,4.812,5.880,4.443,2.780,3.967,4.778,3.935,4.146,2.353,2.442,3.307,4.381,5.899,3.192,3.063,5.234,2.521,4.270,4.975,6.029,3.303,3.587,3.292,5.278,5.123,3.792,4.136,3.617,3.598,5.301,4.926,6.766,6.099,4.273,2.394,4.043,4.247,4.534,3.813,2.528,5.240,3.759,4.935,6.049,3.974,4.913,4.854,5.498,4.079,3.150,4.303,6.434,3.534,3.591,4.261,3.261,4.036,3.198,4.970,3.116,4.584,3.594,5.963,3.971,3.472
52,33.603,31.511,30.083,32.362,31.412,33.826,49.373,5.914,4.013,3.545,3.313,3.314,5.935,4.233,3.847,5.163,4.432,4.219,0,4.935,5.606,3.677,3.304,4.831,5.360,3.197,4.314,5.575,5.493,3.795,5.585,4.453,6.813,2.683,3.309,5.358,4.682,3.596,5.381,5.441,4.681,2.431,5.305,2.871,4.077,5.229,5.917,5.669,4.425,4.235,4.185,5.268,2.693,4.618,5.315,3.182,2.711,5.593,5.543,3.903,3.345,4.883,5.650,2.848,3.716,5.349,5.952,5.736,4.893,5.155,4.767,5.557,4.518,4.408,4.482,4.117,5.038,6.694,8.308,6.502,3.433,6.264,5.248,3.457,3.275,4.749,6.440,5.864,3.793,4.057,2.889,3.181,4.579,4.207,3.560,5.399,5.636,5.699,4.474,4.506
55,32.463,33.727,30.774,30.581,31.905,32.531,49.102,3.298,2.817,4.937,4.929,5.147,3.907,4.096,4.310,4.111,5.655,4.565,4.935,0,3.960,3.735,2.299,3.966,2.517,4.236,3.840,5.204,4.943,3.250,2.500,3.821,4.014,3.984,3.147,5.584,5.487,3.617,5.055,2.263,2.917,3.808,2.166,3.940,3.122,3.103,5.342,3.332,3.223,2.616,2.687,2.890,2.491,5.629,6.101,4.458,4.644,3.521,2.361,2.791,4.200,4.151,4.491,4.283,4.125,5.908,5.636,4.188,4.861,4.262,6.430,6.197,2.332,1.452,3.693,6.920,4.001,4.830,6.014,4.390,5.131,5.210,5.046,2.722,4.904,3.944,3.850,6.282,3.012,2.934,3.605,5.633,5.807,5.872,4.081,5.568,3.200,5.727,5.814,5.282
92,31.170,31.243,30.381,30.255,33.039,31.719,48.259,4.935,4.211,3.286,5.138,4.118,3.073,2.737,4.020,5.192,6.065,3.144,5.606,3.960,0,3.666,4.350,2.203,2.997,4.093,3.450,3.791,2.730,3.047,3.176,3.881,2.732,5.488,5.633,4.334,6.510,4.171,2.310,2.274,3.805,4.926,3.508,3.457,2.671,2.790,3.183,6.530,2.371,4.385,5.050,2.723,4.820,7.204,7.629,3.771,4.660,4.277,5.718,5.246,5.601,2.288,2.471,4.755,5.563,4.501,6.637,5.770,5.949,3.824,5.456,5.653,5.131,3.804,2.092,7.486,4.678,5.012,4.765,2.322,6.203,5.947,5.609,4.679,5.585,4.331,5.115,4.636,3.728,3.917,4.606,5.071,4.800,6.246,3.858,5.589,4.251,5.545,3.806,5.646
70,33.886,32.054,30.236,30.491,32.601,32.789,49.180,6.149,1.804,2.592,5.025,3.443,4.535,3.868,4.556,5.071,4.388,3.032,3.677,3.735,3.666,0,2.895,3.339,3.826,3.405,3.898,4.843,4.821,3.733,4.851,4.174,4.355,4.014,4.797,6.273,6.386,4.590,3.368,3.925,4.573,4.133,4.560,2.970,2.263,4.379,5.229,5.736,3.577,3.324,3.207,3.254,3.324,6.028,7.167,4.312,3.771,3.507,4.840,4.723,2.770,3.910,5.048,4.445,5.453,6.287,7.071,6.625,5.808,3.536,6.204,6.414,4.503,3.054,2.204,6.616,5.438,5.609,5.938,5.240,5.109,6.445,6.351,3.252,2.882,5.038,6.439,5.202,4.258,4.124,4.016,5.221,3.013,5.813,4.265,6.539,4.531,6.939,4.767,4.255
10,33.429,32.985,31.231,31.422,31.615,32.813,49.516,3.994,2.028,3.646,3.643,4.065,3.655,3.377,3.241,2.939,3.697,3.452,3.304,2.299,4.350,2.895,0,3.763,2.783,2.787,3.523,4.297,4.706,2.603,3.851,3.586,4.461,1.907,2.564,5.314,5.248,3.603,4.504,3.271,3.641,2.217,3.259,3.107,3.039,3.126,5.032,2.989,3.383,1.507,2.467,2.879,1.556,3.987,4.772,3.490,3.027,2.800,2.980,2.445,2.491,4.229,4.565,2.885,3.360,5.751,5.091,4.320,3.675,3.709,5.378,4.898,1.817,1.648,3.274,5.174,3.490,4.284,7.013,4.738,3.263,4.261,5.154,2.381,3.022,3.232,4.692,5.032,2.465,2.449,1.962,4.301,4.621,4.139,3.255,4.847,3.197,5.565,5.059,3.904
93,32.880,32.500,31.576,32.226,34.200,33.045,50.125,4.815,4.101,2.606,4.221,3.703,2.908,3.123,3.272,4.704,5.598,3.076,4.831,3.966,2.203,3.339,3.763,0,3.611,3.691,3.062,2.695,2.560,2.243,3.651,4.399,3.150,4.858,5.220,4.193,5.784,3.591,2.943,3.095,3.077,4.247,3.518,3.011,2.847,2.566,3.067,6.078,1.576,4.037,4.624,2.679,4.404,6.326,6.568,3.131,3.174,3.968,5.532,4.296,5.290,2.443,2.306,3.651,5.181,4.180,6.499,5.117,5.093,3.184,4.823,5.210,4.427,3.136,1.305,6.489,4.298,5.017,4.962,3.051,5.025,5.373,4.985,3.861,5.022,3.461,5.357,3.581,3.052,3.478,4.099,4.319,3.594,5.337,2.776,4.910,3.726,4.630,2.680,4.323
85,31.572,32.105,30.774,30.012,31.336,30.836,48.001,3.532,2.984,4.122,4.543,4.482,2.244,2.554,3.475,2.937,4.520,3.047,5.360,2.517,2.997,3.826,2.783,3.611,0,3.263,3.242,3.915,3.656,2.782,2.794,3.848,2.539,3.998,4.215,4.983,6.116,4.323,3.766,1.995,4.014,4.004,2.457,3.674,2.831,2.073,4.479,4.062,3.196,2.182,4.272,1.552,3.681,5.308,5.996,4.089,4.671,2.440,3.466,4.162,4.223,4.067,3.547,4.216,4.633,5.537,5.716,4.756,4.240,3.324,5.497,4.780,3.108,2.549,3.221,6.515,3.103,3.637,5.914,2.990,5.257,4.065,5.416,3.880,4.516,3.679,4.433,4.933,3.020,3.295,3.286,5.212,5.387,5.450,3.810,4.789,2.508,5.859,5.416,4.887
13,32.484,30.980,30.065,31.557,31.149,31.240,48.234,4.730,3.195,2.654,2.315,1.899,3.770,2.043,2.041,3.019,2.759,1.681,3.197,4.236,4.093,3.405,2.787,3.691,3.263,0,2.160,3.691,3.259,2.348,4.292,4.643,4.526,2.820,3.745,4.546,4.601,3.632,4.108,4.269,4.322,2.912,3.769,1.769,2.628,3.450,5.041,5.058,3.237,2.481,4.943,3.034,3.328,3.566,4.703,2.798,3.088,3.688,4.517,4.184,3.248,4.626,3.992,2.524,4.347,4.591,6.251,5.318,3.117,2.706,3.330,3.914,3.675,3.528,3.373,3.839,2.912,5.318,6.697,4.675,4.071,4.432,4.510,3.222,2.637,3.995,6.152,4.271,2.927,3.946,2.151,3.305,3.716,4.333,2.388,3.697,3.343,5.368,4.218,2.917
94,31.903,31.769,29.623,31.744,32.097,31.012,48.302,4.086,3.775,3.514,2.822,2.270,3.761,2.566,2.398,3.849,4.667,2.602,4.314,3.840,3.450,3.898,3.523,3.062,3.242,2.160,0,3.914,2.290,2.148,3.036,5.264,3.878,4.328,4.078,4.250,3.706,2.854,4.564,3.873,3.105,3.974,2.522,1.687,2.043,3.128,5.138,5.531,2.022,3.077,5.355,2.655,3.841,4.661,5.384,3.191,3.889,4.221,4.260,4.141,4.663,4.436,3.169,3.140,4.989,3.722,7.034,5.027,3.609,2.100,3.501,4.959,3.818,3.268,3.246,4.985,2.781,6.083,4.968,4.224,5.312,5.100,3.164,2.762,4.224,4.303,5.988,4.962,2.894,4.334,3.375,4.138,3.994,5.692,2.039,3.534,2.633,4.731,4.114,3.210
42,33.038,32.178,33.042,33.132,33.869,32.557,50.423,4.963,5.125,3.205,3.933,4.467,2.069,3.114,2.769,3.560,4.784,3.121,5.575,5.204,3.791,4.843,4.297,2.695,3.915,3.691,3.914,0,2.766,2.712,4.917,5.157,3.620,4.690,5.834,4.141,6.605,4.887,3.528,4.233,4.732,4.346,4.538,4.175,4.478,2.547,2.983,5.934,3.440,4.226,5.891,3.263,5.389,5.524,5.516,3.419,3.317,3.797,6.221,4.952,5.757,4.039,2.680,3.560,5.320,4.733,6.040,5.039,4.090,3.679,4.169,3.264,4.611,4.246,3.144,5.678,3.683,3.917,6.804,3.058,4.415,3.581,5.737,5.220,5.241,2.866,5.791,1.461,3.367,3.920,3.926,4.051,4.459,4.184,3.142,3.979,3.795,4.712,3.409,4.260
49,31.193,31.099,30.655,32.089,33.034,31.124,48.540,4.505,5.124,3.419,3.573,3.290,3.044,2.319,2.540,4.387,5.523,2.773,5.493,4.943,2.730,4.821,4.706,2.560,3.656,3.259,2.290,2.766,0,2.401,3.578,5.304,3.481,5.339,5.538,3.273,5.240,3.773,3.761,3.874,3.830,4.730,3.484,3.019,3.319,2.714,3.730,6.625,2.295,4.403,6.354,3.092,5.273,5.954,6.160,3.103,4.191,4.740,5.944,5.177,6.070,3.827,1.624,3.753,5.528,3.038,6.912,5.241,4.418,3.100,3.255,4.294,5.003,4.382,3.191,5.834,3.301,5.607,5.239,2.869,5.766,4.961,4.180,4.672,5.554,4.007,5.904,3.817,3.303,4.511,4.196,4.055,4.570,5.646,2.523,3.518,3.593,4.287,3.188,4.459
25,32.117,32.122,31.156,32.221,32.451,32.428,49.329,3.186,3.737,2.918,2.379,3.178,2.652,1.945,1.351,3.111,4.556,2.715,3.795,3.250,3.047,3.733,2.603,2.243,2.782,2.348,2.148,2.712,2.401,0,2.830,3.767,3.789,3.256,3.422,3.071,4.386,2.338,3.766,2.839,2.508,2.532,2.490,2.191,2.754,1.667,3.454,4.607,1.598,2.855,4.314,2.552,3.123,4.549,4.654,1.739,2.465,3.734,4.391,2.896,4.492,3.071,2.177,1.864,3.418,3.384,5.125,3.546,3.218,3.160,3.449,3.712,2.948,2.612,2.606,4.784,2.322,4.505,6.125,3.106,3.715,3.879,3.658,3.054,4.331,2.223,4.375,3.820,1.073,2.405,2.165,2.928,4.392,3.970,1.183,3.095,2.883,3.551,3.101,3.828
22,30.596,32.720,30.026,30.828,32.004,31.615,48.183,2.454,4.427,5.095,4.512,4.823,3.786,3.477,3.752,4.583,6.517,4.509,5.585,2.500,3.176,4.851,3.851,3.651,2.794,4.292,3.036,4.917,3.578,2.830,0,4.335,3.861,5.075,3.884,4.101,4.699,2.810,5.060,2.223,2.160,4.407,1.122,3.663,3.168,2.630,4.802,4.934,2.383,3.813,4.783,3.153,3.848,6.212,6.299,3.924,5.054,4.759,3.852,3.649,5.774,3.806,3.065,4.258,4.443,4.165,5.993,3.840,4.852,4.272,5.352,5.812,3.609,3.053,3.954,6.910,3.356,5.573,5.241,3.371,5.989,5.365,3.670,3.593,6.059,4.002,3.754,6.222,2.785,3.562,4.073,5.205,6.242,6.316,3.455,4.534,3.310,4.478,5.098,5.707
45,31.437,31.287,31.083,30.161,31.334,33.528,48.558,4.848,4.307,4.172,5.228,5.377,4.455,3.620,4.503,5.184,5.912,4.616,4.453,3.821,3.881,4.174,3.586,4.399,3.848,4.643,5.264,5.157,5.304,3.767,4.335,0,5.441,3.894,4.238,4.580,6.935,4.305,3.748,2.864,4.562,3.278,4.677,4.422,4.381,3.787,3.661,5.266,4.277,4.540,3.446,4.596,3.479,6.782,6.912,3.533,4.228,4.987,5.694,4.252,4.776,2.705,4.505,4.359,3.220,5.588,3.710,4.934,6.062,6.025,6.221,5.336,4.621,4.148,3.965,7.029,5.169,4.235,8.144,4.140,4.554,5.693,6.497,5.061,5.444,3.663,3.438,5.653,3.488,2.220,3.541,4.380,6.447,4.544,4.614,6.125,5.718,5.712,4.809,6.840
28,32.322,32.737,31.587,30.532,33.437,30.853,48.933,5.035,4.170,4.438,5.793,5.149,2.218,3.783,4.586,4.385,5.691,3.557,6.813,4.014,2.732,4.355,4.461,3.150,2.539,4.526,3.878,3.620,3.481,3.789,3.861,5.441,0,5.874,6.268,5.875,7.284,5.524,3.630,3.077,4.737,5.788,3.561,4.635,3.493,2.859,4.546,5.896,3.472,3.821,5.561,1.719,5.537,6.819,7.455,5.241,5.503,2.858,5.035,5.648,5.722,4.439,3.550,5.502,6.598,6.129,7.487,6.120,5.534,3.044,6.321,5.876,4.737,3.561,2.987,7.872,4.518,4.423,4.470,2.887,6.639,5.175,6.344,4.969,5.632,4.735,5.895,4.590,4.447,4.785,5.168,6.435,4.997,6.819,4.671,5.814,2.980,6.594,5.514,5.119
34,33.446,32.213,31.439,32.037,30.769,33.077,49.427,4.641,3.419,3.953,3.163,4.268,4.557,3.665,3.193,3.031,3.161,3.902,2.683,3.984,5.488,4.014,1.907,4.858,3.998,2.820,4.328,4.690,5.339,3.256,5.075,3.894,5.874,0,2.581,5.258,5.375,4.112,5.177,4.589,4.756,1.403,4.571,3.616,4.284,4.065,5.444,3.460,4.511,2.704,3.644,4.300,2.244,3.183,3.884,3.338,2.838,4.017,4.267,3.049,2.695,5.027,5.275,2.498,2.766,5.887,4.494,4.539,3.383,4.782,4.907,4.137,2.807,3.485,4.464,3.934,3.701,4.667,8.588,5.601,2.147,4.077,5.532,3.590,3.012,3.420,5.258,5.109,2.937,2.961,1.322,3.509,5.275,2.892,3.539,4.598,4.418,5.616,5.243,4.308
90,32.381,32.963,30.329,31.903,30.509,33.030,48.946,3.427,4.008,5.239,3.409,4.764,5.325,4.285,3.672,4.047,5.178,5.027,3.309,3.147,5.633,4.797,2.564,5.220,4.215,3.745,4.078,5.834,5.538,3.422,3.884,4.238,6.268,2.581,0,5.032,3.834,2.853,6.289,4.360,3.527,2.246,3.524,3.682,4.234,4.266,6.162,3.293,4.182,3.276,3.719,4.701,1.607,3.978,4.186,3.682,3.984,5.145,3.312,1.996,4.029,5.197,5.296,2.960,2.343,5.326,4.802,3.576,3.799,5.256,5.229,5.428,2.462,3.325,5.130,4.733,3.564,5.958,8.066,5.854,3.784,5.060,4.076,2.808,4.581,3.961,4.476,6.722,2.729,3.204,2.374,4.188,6.346,4.597,3.544,4.513,4.389,4.940,5.755,5.144
1,30.082,30.857,31.221,32.935,32.390,32.798,48.812,3.989,6.532,4.730,3.518,4.861,4.509,3.313,2.919,5.219,6.783,4.812,5.358,5.584,4.334,6.273,5.314,4.193,4.983,4.546,4.250,4.141,3.273,3.071,4.101,4.580,5.875,5.258,5.032,0,5.135,3.282,5.101,4.451,3.962,4.082,4.436,4.201,5.145,3.522,3.423,6.703,3.628,5.679,6.580,5.209,5.308,6.409,5.673,2.320,4.215,6.495,6.886,4.746,7.049,3.756,2.518,3.422,3.928,1.817,4.944,3.876,4.872,5.788,3.183,3.822,5.395,5.450,4.907,5.622,3.764,5.902,7.805,3.671,5.126,5.111,4.072,5.664,6.880,3.354,4.536,4.984,3.017,3.885,4.054,2.800,6.733,4.620,2.993,3.237,5.464,2.324,3.178,6.385
96,32.016,32.854,29.120,33.669,31.732,32.480,48.933,4.739,6.136,6.186,3.362,4.505,6.750,5.365,4.218,5.838,6.793,5.880,4.682,5.487,6.510,6.386,5.248,5.784,6.116,4.601,3.706,6.605,5.240,4.386,4.699,6.935,7.284,5.375,3.834,5.135,0,2.915,7.694,6.290,3.840,4.751,4.361,3.910,4.990,5.654,7.432,6.342,4.453,5.351,6.658,5.948,4.615,4.986,4.964,4.506,5.156,7.147,5.334,4.301,6.408,6.529,5.575,3.906,5.099,4.184,7.625,5.029,4.482,5.404,4.265,6.560,4.913,5.275,6.228,4.620,4.291,8.545,7.367,6.980,5.973,6.750,1.657,3.729,6.172,5.775,6.874,7.603,4.281,5.778,4.679,4.788,6.494,6.598,3.571,4.083,5.164,4.476,5.732,5.055
91,31.624,32.390,30.009,32.478,32.245,33.138,49.133,3.396,4.663,4.326,2.880,3.734,4.825,3.543,2.897,4.879,6.107,4.443,3.596,3.617,4.171,4.590,3.603,3.591,4.323,3.632,2.854,4.887,3.773,2.338,2.810,4.305,5.524,4.112,2.853,3.282,2.915,0,5.368,3.813,1.666,3.044,2.854,2.540,3.408,3.547,4.860,5.331,2.296,4.189,4.604,4.298,3.015,5.348,5.207,2.394,3.436,5.615,4.710,2.726,5.326,3.705,3.473,2.564,3.287,2.910,5.600,3.578,4.351,4.594,4.004,5.362,3.733,3.524,4.038,5.166,3.516,6.428,6.454,4.691,4.604,5.654,2.434,2.864,5.373,3.667,4.535,5.920,2.143,3.279,3.195,3.337,5.489,5.108,2.076,3.833,4.298,3.167,3.722,4.961
56,32.213,30.467,31.226,30.313,33.009,32.233,48.659,6.250,4.267,2.333,5.480,4.276,3.368,2.998,4.403,5.276,5.243,2.780,5.381,5.055,2.310,3.368,4.504,2.943,3.766,4.108,4.564,3.528,3.761,3.766,5.060,3.748,3.630,5.177,6.289,5.101,7.694,5.368,0,3.531,5.347,4.891,5.150,4.028,3.622,3.674,2.958,6.928,3.813,4.697,5.162,3.494,5.232,7.231,7.834,4.008,4.331,4.101,6.671,5.967,5.112,2.796,3.696,4.969,5.843,5.613,6.522,6.708,6.310,4.393,5.774,5.257,5.754,4.580,2.227,7.354,5.475,4.425,6.428,3.300,5.708,5.946,7.052,5.545,4.966,4.541,6.012,3.621,4.455,4.170,4.632,4.930,4.351,5.549,4.545,6.272,5.213,6.522,3.842,5.722
16,31.271,32.425,31.009,30.175,32.249,32.206,48.593,3.463,3.691,4.251,5.048,5.031,2.793,3.088,3.970,4.340,5.950,3.967,5.441,2.263,2.274,3.925,3.271,3.095,1.995,4.269,3.873,4.233,3.874,2.839,2.223,2.864,3.077,4.589,4.360,4.451,6.290,3.813,3.531,0,3.208,4.085,2.545,3.946,3.145,2.060,3.561,4.719,2.740,3.517,3.747,2.588,3.704,6.545,6.773,3.835,4.599,3.690,4.311,3.896,5.090,2.638,3.071,4.408,4.291,5.083,5.178,4.353,5.329,4.394,5.967,5.445,3.675,2.689,2.935,7.335,4.027,3.924,5.823,2.434,5.424,5.018,5.432,4.139,5.546,3.395,3.236,5.278,2.879,2.563,3.827,5.158,5.840,5.630,3.937,5.373,3.710,5.265,4.824,5.911
61,32.072,33.566,30.756,32.493,33.259,33.368,49.862,3.081,4.577,4.709,3.914,4.544,4.358,4.047,3.526,4.961,6.620,4.778,4.681,2.917,3.805,4.573,3.641,3.077,4.014,4.322,3.105,4.732,3.830,2.508,2.160,4.562,4.737,4.756,3.527,3.962,3.840,1.666,5.347,3.208,0,3.849,2.159,3.294,3.406,3.110,4.729,5.101,1.849,4.131,4.301,3.783,3.417,5.959,5.785,3.340,3.925,5.178,4.309,2.623,5.707,3.530,3.240,3.400,4.044,3.705,5.957,3.429,4.741,4.375,5.042,5.944,3.461,2.835,3.689,6.285,3.777,6.110,5.539,4.229,5.131,5.660,3.010,2.820,5.852,3.599,4.167,5.938,2.386,3.250,3.914,4.514,5.552,5.758,2.684,4.433,3.758,3.493,4.142,5.102
38,32.763,32.073,31.351,32.365,31.270,33.495,49.527,4.005,3.908,3.698,2.595,4.051,4.364,3.243,2.587,3.466,4.185,3.935,2.431,3.808,4.926,4.133,2.217,4.247,4.004,2.912,3.974,4.346,4.730,2.532,4.407,3.278,5.788,1.403,2.246,4.082,4.751,3.044,4.891,4.085,3.849,0,4.107,3.174,4.093,3.540,4.616,3.937,3.773,3.238,3.657,4.304,2.117,3.876,3.939,2.219,2.216,4.549,4.617,2.429,3.667,4.118,4.425,1.651,1.745,4.748,3.863,3.677,3.489,4.893,4.271,3.877,2.922,3.424,4.127,3.988,3.407,4.774,8.266,4.982,2.036,4.190,4.724,3.477,3.891,2.653,4.447,4.915,2.019,2.151,1.063,2.509,5.368,2.602,2.737,4.024,4.492,4.405,4.267,4.638
77,31.421,33.158,30.375,31.272,32.069,31.522,48.619,2.282,3.916,4.891,4.042,4.512,3.438,3.404,3.339,3.806,5.826,4.146,5.305,2.166,3.508,4.560,3.259,3.518,2.457,3.769,2.522,4.538,3.484,2.490,1.122,4.677,3.561,4.571,3.524,4.436,4.361,2.854,5.150,2.545,2.159,4.107,0,3.395,2.917,2.397,5.064,4.254,2.277,2.997,4.565,2.573,3.503,5.353,5.587,3.908,4.681,4.070,3.041,3.196,5.225,4.235,3.236,3.832,4.416,4.456,6.116,3.690,4.034,3.526,5.108,5.507,2.791,2.374,3.779,6.322,2.727,5.342,5.167,3.636,5.530,4.766,3.452,2.919,5.426,3.768,4.184,5.868,2.501,3.524,3.646,5.114,5.725,5.998,3.073,4.109,2.287,4.558,5.176,4.817
14,32.246,31.176,29.396,31.554,31.876,31.917,48.375,4.749,3.313,2.524,2.668,1.356,4.282,2.417,2.519,4.319,4.338,2.353,2.871,3.940,3.457,2.970,3.107,3.011,3.674,1.769,1.687,4.175,3.019,2.191,3.663,4.422,4.635,3.616,3.682,4.201,3.910,2.540,4.028,3.946,3.294,3.174,3.395,0,1.798,3.593,4.861,5.703,2.253,3.255,4.629,3.265,3.092,4.789,5.590,2.464,3.037,4.469,4.719,3.967,3.847,3.817,3.620,2.680,4.393,3.786,6.566,5.305,4.179,2.935,3.587,5.009,4.060,3.368,2.855,4.683,3.611,6.114,5.794,4.639,4.643,5.591,3.805,2.592,3.454,4.250,5.960,4.898,2.847,3.875,2.867,3.323,3.486,5.083,2.048,4.201,3.787,4.897,3.465,3.471
12,32.242,31.662,29.252,30.369,32.041,31.378,48.067,4.849,2.397,2.995,4.135,2.551,3.907,2.788,3.569,4.500,4.689,2.442,4.077,3.122,2.671,2.263,3.039,2.847,2.831,2.628,2.043,4.478,3.319,2.754,3.168,4.381,3.493,4.284,4.234,5.145,4.990,3.408,3.622,3.145,3.406,4.093,2.917,1.798,0,3.435,5.033,5.566,2.236,2.879,4.182,2.292,3.298,5.613,6.621,3.686,4.087,3.673,4.089,4.367,3.733,3.742,3.810,3.955,5.172,4.870,7.072,5.795,4.940,2.453,5.050,5.885,4.040,2.728,2.286,6.175,4.111,5.808,4.625,4.281,5.570,5.926,4.685,2.583,3.656,4.718,5.876,5.311,3.429,4.072,3.668,4.823,3.580,6.086,3.213,5.241,3.319,5.896,4.433,3.941
7,31.737,32.522,31.894,31.735,32.639,32.088,49.318,2.821,4.132,3.797,3.770,4.503,1.421,2.394,2.486,2.985,5.135,3.307,5.229,3.103,2.790,4.379,3.126,2.566,2.073,3.450,3.128,2.547,2.714,1.667,2.630,3.787,2.859,4.065,4.266,3.522,5.654,3.547,3.674,2.060,3.110,3.540,2.397,3.593,3.435,0,3.050,4.420,2.320,3.096,4.583,2.163,3.969,5.344,5.313,3.009,3.679,3.289,4.447,3.508,5.191,3.171,1.957,3.256,4.012,4.254,4.962,3.488,3.765,3.600,4.556,3.835,3.100,2.735,2.907,6.023,2.546,3.424,6.094,1.889,4.477,3.375,4.644,4.058,5.227,2.090,3.715,3.833,1.894,2.469,3.067,4.171,5.310,4.518,2.718,3.696,2.690,4.123,4.047,4.784
57,31.661,31.453,32.809,32.181,33.859,33.641,49.982,5.217,5.858,3.760,5.170,5.486,3.239,3.534,4.016,5.337,6.550,4.381,5.917,5.342,3.183,5.229,5.032,3.067,4.479,5.041,5.138,2.983,3.730,3.454,4.802,3.661,4.546,5.444,6.162,3.423,7.432,4.860,2.958,3.561,4.729,4.616,5.064,4.861,5.033,3.050,0,6.768,3.778,5.537,5.661,4.457,5.610,7.417,7.096,3.354,4.042,5.246,7.195,5.315,6.640,2.227,2.599,4.461,4.913,4.508,4.984,5.083,6.005,5.599,5.315,4.380,5.621,4.978,3.463,7.229,5.048,4.042,7.442,2.393,5.114,5.169,6.446,6.120,6.583,3.057,4.517,3.400,3.725,3.345,4.628,4.190,5.954,4.634,4.145,5.353,5.557,4.595,3.054,6.562
6,33.594,34.726,32.564,31.944,30.967,32.915,50.042,3.764,4.381,6.443,5.219,6.665,4.883,5.445,4.926,3.235,5.234,5.899,5.669,3.332,6.530,5.736,2.989,6.078,4.062,5.058,5.531,5.934,6.625,4.607,4.934,5.266,5.896,3.460,3.293,6.703,6.342,5.331,6.928,4.719,5.101,3.937,4.254,5.703,5.566,4.420,6.768,0,5.521,3.106,4.054,4.655,3.527,4.210,4.428,5.573,5.272,4.093,2.755,3.112,4.575,6.417,6.221,4.632,4.050,7.433,5.007,4.002,3.991,5.700,6.980,5.734,1.872,3.400,5.875,6.209,4.081,4.607,8.750,6.060,4.330,3.933,6.179,4.334,5.300,4.175,4.646,6.803,3.976,3.865,3.670,6.162,7.283,5.104,5.191,5.551,4.037,6.478,7.414,5.702
18,32.049,32.431,30.599,31.958,33.252,32.481,49.332,3.754,3.902,3.227,3.503,3.293,3.242,2.758,2.721,4.394,5.618,3.192,4.425,3.223,2.371,3.577,3.383,1.576,3.196,3.237,2.022,3.440,2.295,1.598,2.383,4.277,3.472,4.511,4.182,3.628,4.453,2.296,3.813,2.740,1.849,3.773,2.277,2.253,2.236,2.320,3.778,5.521,0,3.578,4.496,2.586,3.664,5.756,5.968,2.700,3.355,4.238,4.645,3.534,5.117,2.777,2.121,3.126,4.511,3.366,6.255,4.342,4.473,3.045,4.272,5.169,3.763,2.701,2.209,5.971,3.439,5.451,4.762,3.210,5.021,5.242,3.599,2.956,4.972,3.407,4.823,4.579,2.285,3.258,3.560,4.010,4.200,5.421,2.011,4.146,3.166,3.959,3.111,4.224
86,33.167,32.828,30.918,31.055,31.267,31.489,48.872,4.010,2.026,3.988,3.783,3.970,3.318,3.251,3.259,2.233,3.193,3.063,4.235,2.616,4.385,3.324,1.507,4.037,2.182,2.481,3.077,4.226,4.403,2.855,3.813,4.540,3.821,2.704,3.276,5.679,5.351,4.189,4.697,3.517,4.131,3.238,2.997,3.255,2.879,3.096,5.537,3.106,3.578,0,3.694,2.195,2.682,3.620,4.803,4.107,3.905,2.103,2.477,3.388,2.718,4.975,4.609,3.461,4.359,6.002,5.987,4.823,3.225,2.862,5.300,4.854,2.000,1.961,3.551,5.238,3.006,4.385,6.525,4.681,4.215,3.936,5.161,2.661,2.944,3.841,5.370,5.062,2.995,3.496,2.503,4.927,4.592,4.878,3.487,4.624,2.192,6.052,5.630,3.408
65,34.120,33.921,31.554,30.964,32.390,34.463,50.295,5.301,2.900,4.785,5.671,5.686,5.147,5.123,5.294,5.218,5.699,5.234,4.185,2.687,5.050,3.207,2.467,4.624,4.272,4.943,5.355,5.891,6.354,4.314,4.783,3.446,5.561,3.644,3.719,6.580,6.658,4.604,5.162,3.747,4.301,3.657,4.565,4.629,4.182,4.583,5.661,4.054,4.496,3.694,0,4.409,2.382,6.200,6.738,4.867,4.233,4.212,4.096,3.289,3.539,4.306,5.842,4.665,4.185,7.041,5.451,5.338,6.007,5.500,7.367,6.856,3.500,2.692,4.001,7.200,5.677,5.141,7.592,5.767,4.451,6.215,6.627,3.521,4.526,4.478,4.750,6.484,4.043,3.041,3.991,5.744,5.686,5.453,5.016,6.947,5.110,6.700,5.964,5.832
75,32.561,32.571,31.051,30.818,32.536,31.170,48.857,4.157,2.787,3.515,4.397,3.925,2.032,2.778,3.352,3.173,4.382,2.521,5.268,2.890,2.723,3.254,2.879,2.679,1.552,3.034,2.655,3.263,3.092,2.552,3.153,4.596,1.719,4.300,4.701,5.209,5.948,4.298,3.494,2.588,3.783,4.304,2.573,3.265,2.292,2.163,4.457,4.655,2.586,2.195,4.409,0,3.968,5.297,6.098,4.097,4.248,1.994,3.741,4.284,4.224,4.021,3.301,4.091,5.288,5.428,6.595,5.181,4.213,2.048,5.306,5.048,3.310,2.213,2.333,6.411,3.349,4.176,4.913,3.163,5.297,4.384,5.257,3.443,4.161,3.842,5.326,4.297,3.185,3.724,3.641,5.244,4.172,5.662,3.428,4.805,1.883,5.823,4.884,3.859
31,32.993,32.813,30.343,31.292,31.112,33.221,49.132,4.124,2.690,4.236,3.764,4.199,4.844,3.897,3.739,4.097,4.648,4.270,2.693,2.491,4.820,3.324,1.556,4.404,3.681,3.328,3.841,5.389,5.273,3.123,3.848,3.479,5.537,2.244,1.607,5.308,4.615,3.015,5.232,3.704,3.417,2.117,3.503,3.092,3.298,3.969,5.610,3.527,3.664,2.682,2.382,3.968,0,4.465,5.092,3.516,3.413,4.271,3.237,2.228,2.899,4.374,5.069,3.054,2.870,5.581,5.077,4.351,4.347,4.623,5.561,5.634,2.505,2.465,4.011,5.263,4.056,5.455,7.387,5.466,3.655,5.326,4.793,2.192,3.619,3.889,4.633,6.144,2.746,2.733,2.306,4.253,5.291,4.598,3.506,5.196,4.196,5.483,5.260,4.707
99,34.015,32.942,31.619,33.520,30.579,31.868,49.581,5.270,5.129,5.717,3.257,4.994,5.647,5.049,3.832,2.998,3.363,4.975,4.618,5.629,7.204,6.028,3.987,6.326,5.308,3.566,4.661,5.524,5.954,4.549,6.212,6.782,6.819,3.183,3.978,6.409,4.986,5.348,7.231,6.545,5.959,3.876,5.353,4.789,5.613,5.344,7.417,4.210,5.756,3.620,6.200,5.297,4.465,0,2.326,5.005,4.568,5.062,4.653,4.471,4.433,7.358,6.396,3.589,4.899,6.639,6.647,5.385,2.050,4.900,4.728,4.556,3.665,4.934,6.244,2.687,3.538,6.376,9.119,7.036,3.936,4.037,5.349,4.475,4.041,5.007,7.225,6.045,4.417,5.407,3.308,4.871,6.054,4.501,4.293,4.001,4.349,6.281,6.736,3.624
29,33.639,33.624,32.875,34.905,31.362,33.091,50.630,4.672,6.470,6.456,3.268,6.049,5.853,5.552,3.853,3.580,5.126,6.029,5.315,6.101,7.629,7.167,4.772,6.568,5.996,4.703,5.384,5.516,6.160,4.654,6.299,6.912,7.455,3.884,4.186,5.673,4.964,5.207,7.834,6.773,5.785,3.939,5.587,5.590,6.621,5.313,7.096,4.428,5.968,4.803,6.738,6.098,5.092,2.326,0,4.855,4.616,6.106,5.570,4.147,6.043,7.353,6.175,3.424,4.327,6.132,5.729,4.132,2.130,6.047,4.563,4.098,3.947,5.518,6.857,2.904,3.495,6.412,9.866,6.945,3.602,3.585,5.016,5.318,5.803,4.357,6.539,6.146,4.197,5.196,3.695,4.534,7.213,3.917,4.284,3.259,5.031,5.020,6.562,4.925
83,31.767,31.128,30.959,32.554,32.156,33.078,49.182,4.109,4.678,2.883,2.200,3.217,3.916,2.285,1.743,4.156,4.975,3.303,3.182,4.458,3.771,4.312,3.490,3.131,4.089,2.798,3.191,3.419,3.103,1.739,3.924,3.533,5.241,3.338,3.682,2.320,4.506,2.394,4.008,3.835,3.340,2.219,3.908,2.464,3.686,3.009,3.354,5.573,2.700,4.107,4.867,4.097,3.516,5.005,4.855,0,2.165,5.072,5.684,3.511,4.948,3.037,2.820,1.660,2.956,2.812,4.690,3.969,3.955,4.486,2.921,3.517,4.125,4.004,3.443,4.371,3.305,5.206,7.326,3.906,3.439,4.641,4.007,4.004,4.743,2.642,4.694,4.085,1.877,2.698,2.311,1.409,4.906,3.366,1.659,3.340,4.554,3.245,2.375,4.715
84,33.916,32.404,32.143,33.492,33.185,34.228,50.818,5.064,4.283,2.632,2.738,3.608,4.201,3.545,2.617,4.121,4.391,3.587,2.711,4.644,4.660,3.771,3.027,3.174,4.671,3.088,3.889,3.317,4.191,2.465,5.054,4.228,5.503,2.838,3.984,4.215,5.156,3.436,4.331,4.599,3.925,2.216,4.681,3.037,4.087,3.679,4.042,5.272,3.355,3.905,4.233,4.248,3.413,4.568,4.616,2.165,0,4.573,5.654,3.295,4.271,3.767,4.033,1.725,3.573,4.537,5.192,4.559,3.995,4.361,4.031,4.110,3.869,3.680,3.279,4.205,4.114,5.143,7.671,4.931,2.266,4.696,5.007,3.720,3.933,2.811,5.569,3.622,2.634,2.939,2.566,2.421,3.951,2.881,2.363,4.292,4.621,4.283,2.875,3.821
71,33.875,33.172,32.147,30.876,32.403,31.605,49.554,5.127,2.652,4.093,5.189,4.969,2.666,3.900,4.289,2.907,3.643,3.292,5.593,3.521,4.277,3.507,2.800,3.968,2.440,3.688,4.221,3.797,4.740,3.734,4.759,4.987,2.858,4.017,5.145,6.495,7.147,5.615,4.101,3.690,5.178,4.549,4.070,4.469,3.673,3.289,5.246,4.093,4.238,2.103,4.212,1.994,4.271,5.062,6.106,5.072,4.573,0,3.887,4.714,3.623,5.090,4.846,4.712,5.664,6.997,6.603,5.845,4.475,3.097,6.366,5.265,3.360,2.701,3.306,6.635,4.222,3.471,6.443,4.382,4.992,4.135,6.704,4.195,3.716,4.245,5.932,4.402,4.104,4.110,3.912,5.958,4.544,5.454,4.594,5.751,2.773,7.005,5.990,4.071
95,33.100,34.369,30.488,30.854,30.992,31.571,48.848,3.916,3.312,6.125,5.205,5.658,5.006,5.129,4.954,3.908,5.350,5.278,5.543,2.361,5.718,4.840,2.980,5.532,3.466,4.517,4.260,6.221,5.944,4.391,3.852,5.694,5.035,4.267,3.312,6.886,5.334,4.710,6.671,4.311,4.309,4.617,3.041,4.719,4.089,4.447,7.195,2.755,4.645,2.477,4.096,3.741,3.237,4.653,5.570,5.684,5.654,3.887,0,3.559,4.182,6.270,5.942,4.937,5.100,7.030,6.829,4.988,4.399,4.405,6.851,6.738,2.286,2.635,5.243,6.600,4.069,5.913,6.729,6.002,5.721,5.318,5.263,2.909,4.805,5.196,5.516,7.282,4.161,4.622,4.152,6.578,6.384,6.611,4.886,5.733,3.034,6.789,7.303,4.942
11,33.226,34.155,31.863,32.967,32.355,34.083,50.564,2.989,4.216,5.027,3.570,5.160,4.583,4.463,3.501,3.928,5.635,5.123,3.903,2.791,5.246,4.723,2.445,4.296,4.162,4.184,4.141,4.952,5.177,2.896,3.649,4.252,5.648,3.049,1.996,4.746,4.301,2.726,5.967,3.896,2.623,2.429,3.196,3.967,4.367,3.508,5.315,3.112,3.534,3.388,3.289,4.284,2.228,4.471,4.147,3.511,3.295,4.714,3.559,0,4.667,4.533,4.596,2.680,2.550,5.130,4.548,2.555,3.763,5.014,5.384,5.294,1.869,2.563,4.492,5.249,3.537,5.298,7.577,5.187,3.282,4.561,4.089,2.775,5.074,2.862,3.837,5.930,2.111,2.412,2.746,4.222,5.996,4.267,3.141,4.390,3.928,4.091,5.095,4.902
47,34.261,32.075,30.282,30.503,30.659,32.300,48.727,6.240,1.925,4.024,4.851,4.173,5.335,4.461,4.773,4.290,2.861,3.792,3.345,4.200,5.601,2.770,2.491,5.290,4.223,3.248,4.663,5.757,6.070,4.492,5.774,4.776,5.722,2.695,4.029,7.049,6.408,5.326,5.112,5.090,5.707,3.667,5.225,3.847,3.733,5.191,6.640,4.575,5.117,2.718,3.539,4.224,2.899,4.433,6.043,4.948,4.271,3.623,4.182,4.667,0,5.740,6.389,4.439,5.045,7.308,6.711,6.667,5.040,4.391,6.393,6.100,3.984,3.680,4.360,5.559,5.223,5.670,7.915,6.506,4.444,5.871,6.762,3.566,1.451,5.398,6.850,6.035,4.637,4.562,3.391,5.406,4.470,5.259,4.890,6.451,4.778,7.629,6.311,4.229
48,31.709,31.663,31.307,31.281,33.465,33.746,49.467,4.974,4.731,3.308,5.016,4.712,3.843,3.389,4.101,5.634,6.530,4.136,4.883,4.151,2.288,3.910,4.229,2.443,4.067,4.626,4.436,4.039,3.827,3.071,3.806,2.705,4.439,5.027,5.197,3.756,6.529,3.705,2.796,2.638,3.530,4.118,4.235,3.817,3.742,3.171,2.227,6.417,2.777,4.975,4.306,4.021,4.374,7.358,7.353,3.037,3.767,5.090,6.270,4.533,5.740,0,2.882,4.221,4.458,4.285,5.308,5.071,6.202,5.149,5.584,5.535,5.110,4.014,2.556,7.282,5.149,4.918,6.415,3.036,5.195,6.069,5.759,4.851,5.903,3.543,4.202,4.671,3.328,2.831,4.298,4.224,5.324,5.240,3.787,5.758,5.291,4.739,2.956,6.242
76,31.006,31.730,31.476,32.233,33.376,32.146,49.159,3.777,5.342,3.802,3.927,4.318,2.665,2.610,2.737,4.489,6.176,3.617,5.650,4.491,2.471,5.048,4.565,2.306,3.547,3.992,3.169,2.680,1.624,2.177,3.065,4.505,3.550,5.275,5.296,2.518,5.575,3.473,3.696,3.071,3.240,4.425,3.236,3.620,3.810,1.957,2.599,6.221,2.121,4.609,5.842,3.301,5.069,6.396,6.175,2.820,4.033,4.846,5.942,4.596,6.389,2.882,0,3.680,4.833,2.892,5.856,4.265,4.696,4.070,3.932,4.219,4.708,4.127,3.173,6.352,3.397,4.907,5.742,1.833,5.414,4.684,4.335,4.855,6.163,3.065,4.596,3.877,2.735,3.596,4.109,3.955,5.385,5.237,2.662,3.696,3.891,3.469,2.969,5.329
88,32.826,32.190,31.462,33.310,32.128,33.247,49.900,3.871,4.428,3.446,1.277,3.413,4.091,3.031,1.493,3.354,4.318,3.598,2.848,4.283,4.755,4.445,2.885,3.651,4.216,2.524,3.140,3.560,3.753,1.864,4.258,4.359,5.502,2.498,2.960,3.422,3.906,2.564,4.969,4.408,3.400,1.651,3.832,2.680,3.955,3.256,4.461,4.632,3.126,3.461,4.665,4.091,3.054,3.589,3.424,1.660,1.725,4.712,4.937,2.680,4.439,4.221,3.680,0,2.788,3.728,4.843,3.546,2.731,4.196,2.998,3.449,3.171,3.577,3.925,3.259,2.750,5.277,7.629,4.737,2.485,3.979,3.701,3.339,4.167,2.537,5.063,4.271,1.722,2.880,1.678,1.911,4.778,2.913,1.431,2.840,3.975,3.428,3.428,3.752
