0,0,30.08244991685351,32.83318514856577,31.40459538029427,32.00477908063106,33.528150306869,33.59427168432143,31.73716895061687,32.45536223800313,34.50492175038222,33.42891431081781,33.22602808040708,32.24197135722319,32.48364017470949,32.24560066117548,31.63935866922717,31.27073179508276,33.47911014349097,32.0491641388664,32.90875745147483,32.714312448835,31.35941705453085,30.59597045363981,31.38674624742107,31.26466801359004,32.11738178930532,32.38207275638791,32.75720020087188,32.32240015840408,33.63901808911787,31.86794425437575,32.99330789720849,31.3806840588283,33.40335123905984,33.4455369668361,32.38186793562101,32.46681302499524,30.73958288591437,32.76263109092429,32.01662538432181,30.72377069957397,32.24764788321778,33.03750278093064,31.98705136457564,31.07047193075767,31.43691925109711,34.30912046380669,34.26091735491038,31.70875573087031,31.19313527044052,33.29784167179608,31.5146594777732,33.60327897690939,31.81099869541979,33.54775612466502,32.46252105120611,32.21250904540035,31.66107480803518,30.24733725470724,34.85063284934723,33.18970017942315,32.07243372430599,33.3168320372751,32.41927835409049,32.0398247654384,34.12004866643657,32.53638775279149,33.64818846535427,33.12161757825243,31.80250821869243,33.88567245902021,33.87536399804435,32.85864826799788,34.12681965844459,32.29497722556868,32.56104648195447,31.00588727967641,31.42064283238012,30.89591141235359,32.82076738895665,31.93806686385386,32.47802127593367,35.05901905359018,31.76721333387617,33.91586475382871,31.57247611448935,33.16729692030992,33.72699177216967,32.82628413329781,29.30616900927176,32.38062970357434,31.62433075971728,31.17011793368771,32.88049669637002,31.90251505759382,33.0996315538406,32.01573717720709,32.56053809444801,31.5405726802796,34.0148899454342
89,30.08244991685351,0,5.464259660889412,3.236632376887962,3.016551446677525,5.663809775709387,6.703250194755696,3.522135307467729,4.053656668515518,6.880284141903656,5.314307022906291,4.746312981176152,5.145402391119319,4.546035995845291,4.200947458087226,4.943903899817474,4.45075185540803,4.620270668029112,3.628247385517017,4.872409899925129,5.11104095796355,32.79770450809022,4.100654412343336,3.183369436307904,4.072234586991559,3.070734161416441,3.51754263639182,32.93518905365507,5.874784727363028,5.673281941789955,3.927870477519194,5.308434644148602,2.324013168005224,5.449819522425432,5.25775474300293,3.884665526210403,3.178041118998032,4.535820917372942,4.081826061033438,32.3898112374864,3.67105504798408,4.508973198141413,4.140526607201577,2.919380192825538,3.31250583788501,4.579891019979214,5.126307057656385,7.049231402789156,3.75619443540706,3.273222114467932,5.394586347001255,3.76418136904302,5.357694309367957,3.821571102941538,5.622492615176537,5.584018126207632,5.100635033470415,3.423260825784565,1.81696199792329,6.385092018595052,4.730308620683816,3.962332470364224,5.788199190967994,4.811610412134439,2.79961221039757,6.58042485015462,3.354095379529626,6.531932902867849,4.907252007675276,3.87555087083416,6.273437109056454,6.495466514909924,5.218690722252804,6.782613568366513,2.992801863740877,5.208756162042203,2.517777926259301,4.435719798239131,3.989294113748672,5.902459398981431,48.8122189588312,4.860912067439981,6.732772687342853,2.320292635831939,4.215258582260089,4.98308454885268,5.679194617060273,4.983766432801944,3.421802651809028,30.85686016107277,5.032043560066319,3.282479262087987,4.334453781198437,4.192940700649909,4.249884866938653,6.885660227476396,5.134999383151015,7.80454251076541,31.22101157874294,6.409279662488371
98,32.83318514856577,5.464259660889412,0,4.035023723794243,3.237227354888588,3.254398221011161,4.036603731313449,2.689560076760966,3.746284785908236,4.626484042506198,3.197223279216341,3.927800263822923,3.319319580280088,3.342856161882499,3.787251893964726,6.873453562907197,3.709524560398175,5.822167873659135,3.165539572181472,3.126941834880235,3.849203468799503,31.0067209649779,3.309942397246628,5.111944441427178,4.487031422698794,2.883101775993748,4.032445042333171,31.88900666373916,2.98048611843312,5.03108413867798,5.354836195929239,4.195626170653915,5.52037241713099,2.492744908741837,4.417739466131834,4.297597091019692,5.630205744749303,5.62133659928587,4.491529490372169,32.43975733571385,4.151243184602342,2.852006629563434,3.795039947369951,3.292976772714479,3.652755286844128,5.717588390709304,5.315308053053216,4.778216828706539,5.290849557540136,3.593467354366357,2.657616615151154,2.534042577912481,5.63597408585823,5.06475762636397,5.830300495859112,3.20016869577663,5.213109251021833,5.556789406975269,5.541776539907821,3.403810264866942,4.71461492563948,3.757905508828957,2.266005456737084,3.594147824824896,5.511954803801211,5.109531086348007,4.007963188596515,3.669973360451469,3.815918694942299,4.617702179702451,4.531040943180519,2.773308365839447,2.616945247578827,4.597192545753413,3.368634426298529,1.883197652087702,3.890942510555077,2.287390318871468,3.51517754108114,4.913871259138022,49.2838475946719,4.453391287566056,4.925258992806591,4.553662123418943,4.620504555349689,2.507849603058583,2.19234683213336,5.001297477031525,3.975027828799467,33.5339042015689,4.389162540569094,4.298212217541668,4.25084306603864,3.725978755801711,2.633041070159964,3.034319112410991,5.164196472792509,5.383449750394255,31.34944886277907,4.348775187752671
27,31.40459538029427,3.236632376887962,4.035023723794243,0,3.063797567664798,5.004016497956012,5.550894781663969,3.69635629486495,3.505561022133753,6.019513118012308,4.847468982465584,4.389607441461732,5.241435948568957,3.696844447535658,4.200534289426685,5.884293664309062,5.372505544831047,4.459392995888154,4.146087660761791,2.25938229433269,3.54181090745741,31.64502651286612,4.534256915673888,2.243824352999768,3.254699781533139,3.095150675608306,2.165034503734291,33.83148397572889,5.814040772722852,3.258937848713509,4.395150732321944,5.196164207837938,3.211033815774079,5.092781210999616,4.598231083670679,4.671114348724784,4.738173141275666,5.754488269196262,4.023638408675842,31.8145467357308,4.816095299833331,4.389141119722778,3.978937229448611,2.084642638192555,3.678965391168111,6.124728209986214,4.662987075750459,6.451292748132008,5.758350909365276,3.51819994500566,4.304435309179098,1.885988532245344,5.39946213540371,3.04914709278909,3.699554765525465,5.567851148604785,6.272214971181932,5.353413016313838,3.465842066554253,4.689880735529937,5.257672545892993,4.433175870302689,4.751710838641221,4.584495609599536,3.437813257181705,6.946664529894186,3.619225397596554,6.207863253244523,5.519993120578677,3.698253733849828,6.539127908861808,5.751084723345758,3.512262764800667,5.444220280616821,2.601016745983884,4.805377611110465,3.696050250029524,4.109205291962031,3.532473552247456,6.02536723453322,49.14310706050676,4.613265080613984,6.385613761434929,3.340444125056014,4.291782651679821,4.788802914826236,4.62434122909549,4.96001218925409,2.839660884529801,31.97284877829936,4.512895198337763,3.833182489912614,5.589241390773148,4.910427105597371,3.533647832568376,5.733159979507295,4.083283657535406,7.902531315868641,31.55585368834126,4.001115230897853
39,32.00477908063106,3.016551446677525,3.237227354888588,3.063797567664798,0,3.155701481793717,3.976215691435323,1.893945701533253,1.852830219760446,4.718719798575396,2.464945129608804,2.111413442854519,3.42892353174106,2.927091377055451,2.846658483208072,4.294862726418552,2.878819579242914,3.618705129683228,2.285423408565357,3.111327227474162,3.656515031123539,32.86486004838603,2.784652352256892,3.821350920944237,3.596913555173685,1.073103408552621,2.473976161738557,32.37432456438281,4.446686536243952,4.196555087827428,2.499001564549502,2.74619348955214,3.213593266101705,2.649390459853038,2.937006884688821,1.807387023329112,3.669650632684203,3.601244425500559,2.01915194874679,32.11558595137259,3.464385009656568,3.099546303289934,3.36658340793305,1.737605015274177,2.552647746257622,3.488202668388674,3.304838002927189,4.636782857362078,3.327679067696458,3.303077038972202,2.462617739779152,2.240600692258706,3.793329360956894,3.724887389657072,4.753367249232801,3.011698210422683,4.455082289997688,3.724785334401044,3.613284864035819,4.438953186278607,3.707722579984557,2.385608178888311,4.020112543316123,3.590811427886468,2.921805227303608,4.04324442820809,1.744641889772745,4.027812678434944,3.385706154358243,2.614073658197437,4.258336115104708,4.103766728952786,3.084851864226612,4.903780440099519,1.681750296113064,3.185275353198443,2.735122557121882,2.500606064902224,2.510039470737745,4.407965142822644,49.4942701258482,3.954657265747406,5.25826584817857,1.87655476784468,2.634280566877069,3.020051307201786,2.995088663959311,4.448644550736827,1.722308230724692,32.51313266973824,2.728689369098765,2.142544769281949,3.728495091259094,3.052005115040525,2.893592574833782,4.161450643525648,4.281211394753908,6.851752920175259,31.41634789405033,4.416745271917498
21,33.528150306869,5.663809775709387,3.254398221011161,5.004016497956012,3.155701481793717,0,4.334039240290219,4.05800116736697,3.335494297669228,3.695320088935685,2.38114665228278,2.775306097366559,2.583276076466164,3.221588644772362,2.591656063887331,6.784192162529585,4.139118823128086,5.732260195097764,2.95620922769025,4.181807754154523,5.744915158563892,32.72459330534149,3.593033890099394,5.34529561170373,3.912644811597755,3.054055848049432,3.680521594393571,31.94507558294393,4.969406408531193,5.31769882903985,4.47332038513152,2.192002861255741,5.477549301797826,2.123278709751793,3.590344720604286,3.941226539290147,5.171573129576023,5.766147458377304,3.477141908980967,32.23920172708996,5.614556198943128,4.84628124461582,5.220024097175412,3.735223335553102,4.195535094213797,5.061028090915139,4.694419215856151,3.565555174797486,4.851044239345363,4.671574179613978,2.75523478852032,3.95356609332768,3.456981252077931,6.231461413330595,5.367054580582299,2.722435077797472,5.544753807269251,6.119714009054407,5.351296700767933,3.453445532921144,4.280420846214983,2.819794547660729,3.347636491936027,4.078745205930961,4.878061489044726,3.520686377614048,4.542121335096653,2.762282764167153,3.698225634851358,4.87372791080351,3.251649456439644,4.194852852305173,4.325322926893008,4.917027439730045,3.112296061384076,3.443235990316954,4.855252551175148,2.91906941353282,4.345875336655284,6.358817570391361,49.52361845609514,3.59591965767683,4.302958292889642,4.004302602954055,3.719854567983249,3.879755472617703,2.660743177206474,6.146293741587061,3.339145889014712,33.50029980462862,2.808182898990519,2.864403957932123,4.679314484549872,3.860905766255701,2.762108559408122,2.908537077340601,3.72866748008687,5.819541944893517,30.03561479310853,4.475041344825199
80,33.59427168432143,6.703250194755696,4.036603731313449,5.550894781663969,3.976215691435323,4.334039240290219,0,4.419706398184372,3.670335381250858,5.300119222001666,2.98898286737682,3.111686836052876,5.565742650843777,5.057955531205383,5.70322597680152,5.007369930766976,4.719285664071344,5.104049162420801,5.520849622316061,3.990998987042242,3.932506867881889,32.91464108873133,4.933890135939979,6.979918958040398,6.179228112501721,4.606986946861158,5.21938373977693,31.94354966186443,5.896184589888062,4.427769145358828,4.050301698045503,3.527440168736233,6.477845192225498,3.40036036310613,3.460346038534165,3.865307955378475,7.41386372486491,4.64620297422237,3.936683122964538,30.96728365549682,6.059887576217386,4.882801221230196,5.93432638059476,4.925962829983769,5.444524404955993,5.266166421136104,4.329608388944266,4.574684524055747,6.416728614063822,6.624929691716658,1.871667284098492,4.081326698769653,5.668585204694272,5.733652228989246,6.20914477279065,3.331632659552878,6.927500239516961,6.767653638575968,7.433334425881126,5.701529047738918,6.442876379811865,5.101061246566753,5.700083339514848,5.898796332649655,6.162484010579386,4.054291126917223,4.175323540425429,4.381113781011803,5.875258276880099,4.001647220091819,5.735718325997874,4.093206678343048,3.235226426188705,5.233791798823797,5.191147825155668,4.654945842363071,6.221332695313885,4.254366971779441,3.763647220676457,4.607285449760915,50.04204849673437,6.664884955008963,7.28307654454582,5.573030606075517,5.271960135112094,4.06159923694068,3.106082220190533,6.802506518951248,4.631834740366827,34.72570794094772,3.292580798900573,5.331012579872249,6.529639213115559,6.077815558694254,5.531216667644959,2.754621848564528,6.342423028090977,8.749758963377477,32.56432469743538,4.210038257134951
78,31.73716895061687,3.522135307467729,2.689560076760966,3.69635629486495,1.893945701533253,4.05800116736697,4.419706398184372,0,3.066793571814455,5.226604681970258,3.125886498099921,3.507875262664408,3.43470532235444,3.44951347994841,3.59335825426808,4.96163713197668,2.059767955774016,4.518362694942756,2.32023341299829,3.76546487402618,3.375394034443667,32.08804810205818,2.629555484177287,4.555660447282172,4.644402391020086,1.666805169131351,3.770198888602907,31.73465292074265,2.858882677450368,5.312976508519107,4.01165157415496,3.969162370349802,4.12265383546556,2.735044436913365,4.064679059662928,2.469143506300783,4.047479884388204,3.715447362023432,3.540045387297803,32.63864215925657,1.888695219043742,1.421212827947383,2.546776086708161,2.485645684818003,2.394107919920245,3.78698715415007,4.476769046668029,5.191339306570033,3.171231775444881,2.713989838957818,3.099791301651033,2.54589582608878,5.229412557861173,3.834633065967523,6.023435046808816,3.10349707314829,3.674015839184828,3.04974491808608,4.254379545790138,4.784192584504825,3.796632254475683,3.109725912882499,3.599895019113065,3.306548163862876,4.170685786474436,4.583225118646755,2.089503617944131,4.132381592468444,2.906798815989352,3.488189482100387,4.378509032103067,3.289451699437189,2.984685171688986,5.135459772233782,2.718353022378203,2.162832130891831,1.956979984903039,2.396792046233161,2.821147143090402,3.424407693576497,49.31767175997644,4.502713834900075,5.309571895403536,3.009304869197392,3.678565141958438,2.072678637191522,3.096117307909481,3.832552344808853,3.256379616689207,32.52172140277941,4.26566151085274,3.546739815843479,2.789632627821228,2.566357191552551,3.127987920463741,4.446774403867828,5.654113561684503,6.09391157694404,31.89416548524196,5.343770461215918
67,32.45536223800313,4.053656668515518,3.746284785908236,3.505561022133753,1.852830219760446,3.335494297669228,3.670335381250858,3.066793571814455,0,3.487521110090371,1.961725081413591,2.746144079163381,3.66777226970117,2.151077324587535,2.866823683448798,4.275355511226334,3.827057908031996,2.879632421017366,3.559637773212583,2.774432211482406,3.558850553031916,32.51284841412699,4.073083729707344,3.886035647858822,4.543432048161625,2.164522000110349,2.261360563608502,31.97103112193912,5.167967769037832,3.694503915973945,2.359890252614349,2.305987701617183,4.586034536789322,3.172500645604419,1.322301418871627,2.436777811880495,4.431505398804747,4.614839359954869,1.063152066119636,30.92069489840098,4.578200533436633,3.765053778448498,3.925654911771369,2.021721528307049,2.589829793404113,3.541420791499887,2.532567215808619,3.390724530085795,4.298159378863979,4.19612674504861,2.582987945977775,2.612618111248836,2.889291257402695,3.373986300068407,3.769961721243862,3.60505624195672,4.631755059708816,4.628249116462205,4.694636097158872,4.127708498404067,3.525548750955824,3.914380627426731,4.202504983562255,3.261439355605678,2.73407578253455,3.99138472136968,2.664622146134878,3.539402773057072,3.926965723977091,3.779035189719492,4.016177506793007,3.912215818933133,2.574982134783623,3.482176947029848,2.485909185631603,3.641154311005078,4.109149463839378,3.646121754430392,3.685188349219996,4.424217924962814,48.97407136394651,3.652090708714047,5.124413568086552,2.310704046595887,2.565589360023641,3.285879753845753,2.502617463854523,4.590939506041044,1.678358881355539,31.80507968862835,2.374142093819233,3.195407735735186,4.605744834048638,4.098632229415821,3.375386999223762,4.15204780722304,4.678510882404621,7.850455815077941,31.10209412563728,3.308167628167818
60,34.50492175038222,6.880284141903656,4.626484042506198,6.019513118012308,4.718719798575396,3.695320088935685,5.300119222001666,5.226604681970258,3.487521110090371,0,3.021842485938058,5.074463657156417,3.656308857771169,2.63663876785199,3.454169651929048,7.283532835575665,5.546319278266002,5.168362033209325,4.972483717659048,4.671586850963783,5.773241018964426,31.99503347396279,6.058947373647261,5.673779562433377,6.53771468150288,4.331492416840744,4.350987063414017,31.23718130689771,5.632406855200805,5.803281535153709,5.517407361938458,3.618907985063202,7.465791798241455,4.066952047734413,3.012079734011176,5.017276020146801,5.838649519716394,7.513123038904092,3.890888394063727,31.16244043716729,6.514483620401748,5.234889027698856,5.24101039933386,4.367374389604123,4.238705296864469,5.443635721612449,4.45613045636033,1.450901965576997,5.903402200987542,5.554260340984666,4.397039159844024,5.051558705121884,3.274639133183576,5.715112797866596,4.864911034050587,4.903757945772288,4.965596259092324,6.582708025007275,6.963763495015003,3.20940666878677,3.453907265388106,5.851724645795969,3.735244570087577,3.150489477062349,5.054175111579954,4.526385727491284,5.479197401940666,2.544405348680598,4.189455463164253,6.947346922367644,2.881882302475253,3.716038492576007,4.183592735974972,2.077223567163683,4.501477047344451,4.160961601386059,6.16304087917453,5.42606229592369,6.545608734697161,5.997332108115528,48.90483132658712,3.367279719226114,3.486177634577608,4.743052147320864,3.933486423635722,4.516032629621004,2.944367332591474,5.380635929639068,4.167448567795703,31.69229276969402,4.581273376387547,5.372577061873821,5.584557073812789,5.021806170969889,4.223890386061915,4.804864975455367,6.171708724929742,7.667541926056236,30.33511789988626,4.041462140840308
26,33.42891431081781,5.314307022906291,3.197223279216341,4.847468982465584,2.464945129608804,2.38114665228278,2.98898286737682,3.125886498099921,1.961725081413591,3.021842485938058,0,2.445225780820471,3.038561933293234,2.787362493779499,3.107029660508363,5.090546958935284,3.27110128488211,4.139256344611511,3.383417523974633,3.67538019614344,4.261167324800055,32.81321925687877,3.851331770008322,5.37804488553263,5.154027850522753,2.602819033850537,3.642520155481108,31.4215811028026,4.460907129373828,4.772370650499009,3.360034167777201,1.555637088713902,5.56524669267935,1.648185907350903,1.907496270713872,2.448848945229864,5.059031925748419,4.692424449469567,2.216965824839217,31.61535049623837,4.737991786003724,3.655119059460981,4.29673199593762,3.240972116719068,3.377158116018188,3.585504502019511,3.262765585459839,2.490973281876643,4.229352255698885,4.705919774356346,1.817238787012565,3.489734910253671,3.304136630856899,4.897727473558864,5.174191862089621,2.299315692896171,4.504087028272221,5.031915269650439,5.75102474796095,3.903638926527622,3.645936348462101,3.640746522164921,3.708831550568832,3.452371370268285,4.300945999477857,2.467090987011347,3.232070973184181,2.028439858573669,3.274266906936132,4.319556228205713,2.89537569583772,2.800016110938429,2.939156380137178,3.696740199138759,3.255135876899834,2.879355908816299,4.565214864889086,3.259126353445626,3.994286356663575,4.283847356595984,49.51645900409476,4.064896856181567,4.620624281148371,3.489964311128642,3.02682048130917,2.783276785068315,1.507258259878994,5.032036601311525,2.884948250860563,32.98451424532428,2.563503546353589,3.603367475877346,4.349524472789898,3.762644805636518,3.5226583524922,2.980180274826659,5.2480088898247,7.012838758881659,31.23148621183436,3.986775768599051
81,33.22602808040708,4.746312981176152,3.927800263822923,4.389607441461732,2.111413442854519,2.775306097366559,3.111686836052876,3.507875262664408,2.746144079163381,5.074463657156417,2.445225780820471,0,4.366528264217568,4.183665931292668,3.966753239453007,4.547836158544131,3.895744515238165,4.267134719001004,3.534025104917091,3.762670112365618,4.561465782674729,34.08274402098517,3.649272540851218,5.384393342589074,4.089329455335199,2.89611502134409,3.570460729875509,32.96657787820872,5.647848765993537,4.147300715237285,2.550447668909377,2.228273654775638,4.09076188214329,2.56334295457664,3.048731840008755,2.412468796098956,5.095080613279439,3.836925175964233,2.42944035959886,32.35491311995753,5.186735669577557,4.583187837883349,4.95182061715252,3.500644797736877,4.46262515247966,4.25154721898593,3.281699853712358,4.666987936551171,4.533014561873149,5.176692909676754,1.869144556190247,3.536815542819647,3.903361634031119,5.294282969532167,5.248753624272841,2.791499954445297,5.967403652434293,5.315458646973734,5.130068422857678,4.902420649249874,5.026914373370151,2.623265953842021,5.013943621379504,5.123228583804849,4.222138739903704,3.288654578203159,2.862443647849064,4.215790406562854,4.492315514865562,2.555075171259004,4.722576808036005,4.713931677998512,3.92774444031038,5.634973791840951,3.141146680621041,4.284477147152787,4.595729769228389,3.1962012884318,2.98905817459315,5.29790764137978,50.56444617904146,5.159902912247955,5.995677521708301,3.510507138208243,3.29493296204362,4.161958623810027,3.387577662828059,5.930043166664681,2.679562121603974,34.15481913288373,1.996287850691954,2.725933946103416,5.246066250132967,4.295978350510925,4.140545077566895,3.559278060664955,4.301034082991387,7.57733558873951,31.86289090776291,4.471343127721478
41,32.24197135722319,5.145402391119319,3.319319580280088,5.241435948568957,3.42892353174106,2.583276076466164,5.565742650843777,3.43470532235444,3.66777226970117,3.656308857771169,3.038561933293234,4.366528264217568,0,2.628427651744152,1.798291450177961,7.072057470359259,3.144931350343999,6.085752085058066,2.236252177645199,4.939754551840354,5.926160634787143,31.37826051584121,3.167966326281397,5.050357114025986,4.684654338268747,2.753616199930439,4.134635186369176,30.36856723653586,3.492987800321632,6.620564525026195,5.171909354275489,3.297722096826361,5.896194935488744,2.728003118189929,4.284009412423043,4.072068389315134,4.432550569821493,5.876140188453407,4.093439442003191,32.04112878785639,4.281297016828193,3.906892322531776,4.477501281554371,3.568983926491522,2.788366678643411,4.381183690696075,5.569505337379504,3.732708078594134,3.742066981108888,3.319030158551789,4.039531844864386,4.110688169866682,4.07725301316525,5.885003050952912,6.17484760479927,3.121834240406208,3.621535640607422,5.033031795107819,4.870296018134313,3.940529303767482,2.995348487563946,3.406281012268841,2.452803700716695,2.441889611170388,4.822847302949475,4.182153668491969,4.718155989350931,2.396971926023979,2.2856060450445,5.794784133944501,2.262858068578618,3.672666328701728,4.499565486023863,4.689419617651549,3.21339609442562,2.291929210776654,3.810028877128965,2.917099247111397,4.849045497395719,5.807582424033266,48.06704287938308,2.551241747733548,3.579940973420542,3.686293603377167,4.087357494950914,2.830788278438384,2.879005530698219,5.31133732436907,3.955268666644558,31.66222868024296,4.23383231798578,3.407744695304458,2.670558236020414,2.846556687691673,2.042584290468935,4.089273765491012,4.990275504459346,4.625028469725963,29.25203712564306,5.61349124847345
44,32.48364017470949,4.546035995845291,3.342856161882499,3.696844447535658,2.927091377055451,3.221588644772362,5.057955531205383,3.44951347994841,2.151077324587535,2.63663876785199,2.787362493779499,4.183665931292668,2.628427651744152,0,1.768979494146401,6.25070229546967,4.268747817044304,4.332837746304121,3.236695524343692,3.116983498581184,4.431815324776024,31.23965414341202,4.29167933804324,3.329513769607426,4.50988668288515,2.347786011233541,2.314946061497532,31.55746225538422,4.526199846888631,4.702929191124976,4.347304845068439,3.327831894461395,5.368491404051145,3.528433191069886,2.820079659312325,3.94557248591268,4.218304561703009,6.152277561667369,2.912097257682732,31.14901947092396,4.675032153783827,3.769851120683111,3.69075215741446,2.040900425692698,2.042638046130915,4.642933229520483,4.070965038649711,3.248060884606738,4.62603810109459,3.259405964485855,3.674549847086007,2.91225522348669,3.196719245778104,3.914160498458048,3.839386606847587,4.236123767029732,4.10809051604784,5.040667671892037,4.591098611150059,2.917290411870402,2.654391122919856,4.322119907784439,2.70613036407327,1.680724951999531,3.305371398502758,4.942675097818277,3.995007368052029,3.195258440083632,3.372709121429726,5.318053276204883,3.405055365079826,3.687559498856031,3.019055328399562,2.759130107610968,2.388430514591503,3.034499369469025,3.991844094808651,3.768683090464447,4.730106543598057,5.318402733383555,48.23440068547669,1.898709393956279,3.71550972990807,2.798138838282393,3.087956823574787,3.263058681216408,2.480843783967828,4.27102716693874,2.524404619719153,30.97966363600482,3.745039924596973,3.63181591372954,4.093084025964961,3.690678695481585,2.16025290723928,4.516566712986013,4.601037055598946,6.696697763397714,30.06479695590841,3.566120315364143
43,32.24560066117548,4.200947458087226,3.787251893964726,4.200534289426685,2.846658483208072,2.591656063887331,5.70322597680152,3.59335825426808,2.866823683448798,3.454169651929048,3.107029660508363,3.966753239453007,1.798291450177961,1.768979494146401,0,6.566103252728737,3.945685989068181,5.082798792779013,2.253400753142472,4.178829873011694,5.591318326376149,31.91660796513314,3.663496411066411,3.587490298424863,3.804795209367029,2.190543569614404,2.668460323538696,31.55424977716947,4.635464686494699,5.590344313020643,4.392504470885357,3.091518411747527,4.897416753180437,3.368300777168505,3.615693914329782,3.874529062222439,3.465041964480036,5.960094457528507,3.173673653086744,31.87648244395859,4.639442667714372,4.282073588709393,4.175063628927483,2.519101578181891,2.416670607548808,4.421942269886397,4.642736640923017,3.847078917561984,3.817033955985119,3.018649178920927,4.060088819381042,3.610509446319656,2.870627587824989,5.008959310997112,4.682542345819618,3.939661521498206,4.02770388509133,4.861217157667525,3.785886347267741,3.471134638321529,2.52440888365215,3.294059455149822,2.935367256811564,2.352879228873113,3.322775751951093,4.62874747495714,4.250213255002,3.312885430692597,2.8553773433581,5.305168516155218,2.97004749460528,4.469421393248049,4.319025069426579,4.337623243202779,2.048408576433993,3.265146990351931,3.620426252574342,3.394745178291946,4.749014799291055,6.113907793563667,48.37482942745615,1.356317180670488,3.485633633282066,2.463556623022474,3.037366292457873,3.674361796074271,3.254705538936795,4.897553217507323,2.679940173308989,31.17629259549635,3.682127094839505,2.540369724737917,3.45669971382818,3.010515671766819,1.686979320976583,4.719468579114314,3.909842286482748,5.794421604854461,29.39592235327886,4.789083405490923
72,31.63935866922717,4.943903899817474,6.873453562907197,5.884293664309062,4.294862726418552,6.784192162529585,5.007369930766976,4.96163713197668,4.275355511226334,7.283532835575665,5.090546958935284,4.547836158544131,7.072057470359259,6.25070229546967,6.566103252728737,0,5.17813797356159,3.582493467684793,6.255106308972767,5.880488328048303,4.864459742726291,34.7730009777701,5.992857965503337,6.691629720645365,7.141958845580933,5.124555149316733,5.691582910136125,32.48337325463597,7.486550413123997,5.728902261575643,2.691187189636253,5.076995978316474,5.353793830088998,5.860188874822688,4.494383370230621,3.281898086162835,6.32610808932669,3.198751702580258,3.863260874017793,31.13016414990452,5.6224888798602,5.659743256332301,6.03984094540659,5.243915556372756,5.474458659104084,3.709813896724608,4.071505971649602,6.711134918001036,5.308103879710367,6.911913172040275,5.085179226229176,5.434118002833875,5.951927814108011,4.775539824096955,6.810905813874564,5.635925517213704,6.521815709360319,4.983569608307366,6.490098077860696,8.09795016254637,6.50193638642642,5.957271702668599,7.939953882386815,6.766021777331314,4.815382900990685,5.451314279695702,3.530317715955929,6.758604948887572,6.557475567559993,3.85648672262835,7.070977820676575,6.602684175805165,5.388466526168896,7.016473094233284,5.665843358218853,6.594868679883486,5.856313274205736,6.116068663235793,4.779702268264437,4.504209259682467,49.99578932874861,7.499877409547029,8.694522227189115,4.690099500958268,5.19202137404405,5.715919194648874,5.987258613950499,6.504075039795184,4.842510734144042,32.5221032683927,4.802213804912565,5.599647441646836,6.636582820048018,6.499345520906603,7.034218008252251,6.828727863723886,7.624628836055982,10.69610049257586,33.43460216601957,6.64724223805931
73,31.27073179508276,4.45075185540803,3.709524560398175,5.372505544831047,2.878819579242914,4.139118823128086,4.719285664071344,2.059767955774016,3.827057908031996,5.546319278266002,3.27110128488211,3.895744515238165,3.144931350343999,4.268747817044304,3.945685989068181,5.17813797356159,0,5.629551668188569,2.739973317835827,5.329042064182464,5.017965274681577,32.2056116383465,2.223358396314114,5.967475489100499,5.432457722515415,2.838724891181864,5.048478243835041,30.17537850632531,3.076852177765245,6.773048157396291,4.291110956127153,3.703541486133473,5.264807009175287,2.688655732771217,4.589407419602441,2.56251908398705,4.823588112172009,3.236092627930799,4.08469719139414,32.24917884225892,2.4337465368296,2.79316001531803,4.23299820205649,3.969848049536771,3.087619503279748,2.863754721032096,5.423523717676833,5.089856358416338,2.637666304367177,3.874467727761591,3.67544574253858,4.027027002968913,5.440892754163772,5.44484342536359,7.335260296744509,2.262863992529751,3.530954411918606,3.560833701632987,5.082514617266903,5.910834889914068,4.251107037212358,3.207726559258805,4.394374103082474,3.967348948302318,5.157557430382017,3.747352601513543,3.394586750838842,3.690663727932689,2.935337085507761,4.353033819031157,3.924814177130225,3.689871539702747,4.33955557996846,5.949966885426248,3.937090739161494,2.588096767638464,3.070771623381297,2.544648600492179,3.463474709504505,3.923839818005376,48.59259847989622,5.031009162985236,5.840390480972429,3.835182460463387,4.599014150911636,1.994557032340145,3.516861987826486,5.278338935160697,4.407655614316691,32.42475268988185,4.359976948742161,3.812568845675783,2.274030052958591,3.094791276932928,3.873150057077472,4.310962961944665,6.289526565082407,5.822675035618191,31.0094715208112,6.544874925553172
63,33.47911014349097,4.620270668029112,5.822167873659135,4.459392995888154,3.618705129683228,5.732260195097764,5.104049162420801,4.518362694942756,2.879632421017366,5.168362033209325,4.139256344611511,4.267134719001004,6.085752085058066,4.332837746304121,5.082798792779013,3.582493467684793,5.629551668188569,0,5.420697205462915,4.069447324544171,3.725363350853062,34.32532621840614,6.316271403958378,4.671950282369632,6.393266647564294,3.969610067397291,3.663037062021295,33.78174470035555,6.818707291217534,3.916830985377267,3.174821692762118,4.598240145341581,4.934511251958478,5.258903602429043,2.891672891070582,3.448628771027823,4.746340689243466,5.453250271207925,2.602096094422935,31.9509451033925,5.616145125759021,4.850355188714318,4.183778025108617,3.520258796966037,4.397880690522205,4.544441689195559,1.552313585566055,5.258569364804664,5.24030171188596,5.645531805275706,4.537773670819734,4.451846353452104,4.206981659839338,2.851585636810821,4.12983539398101,5.871614585342742,5.54868983097867,4.63441191395721,5.736272292701413,5.608726770108182,4.53748590013906,5.757978456067016,6.210072122767411,4.969693929938693,2.86840270698406,5.453003849620949,2.879963832233563,5.785524047279431,5.371294856180672,4.499436650931382,5.812620206429447,5.454278505543644,3.983223264000803,4.624221216402452,4.084748612380419,5.66236575147133,5.236662902091443,5.99828055181741,5.36939895750464,4.493241329570916,50.70665998767223,5.54785562758532,6.34377201606677,3.365765800204089,2.881207109789183,5.44977847379156,4.877572066819648,4.189322913343144,2.912698100008497,31.99963577917724,4.5971114406777,5.10781712733602,6.246019208961294,5.336843514765646,5.692293522736408,6.610519590813166,6.598086941812479,9.953075402912283,33.39664547525695,4.500998889535381
52,32.0491641388664,3.628247385517017,3.165539572181472,4.146087660761791,2.285423408565357,2.95620922769025,5.520849622316061,2.32023341299829,3.559637773212583,4.972483717659048,3.383417523974633,3.534025104917091,2.236252177645199,3.236695524343692,2.253400753142472,6.255106308972767,2.739973317835827,5.420697205462915,0,4.473341685723556,5.242055886253453,32.48095060185278,2.382995967738729,4.271539450448437,3.599023435363506,1.598003458304142,3.502523649596794,31.9584912190798,3.472288360133992,5.967997121757752,4.510612381373661,3.664234253748475,3.959110755798211,2.700722100883879,4.511091228516741,3.257572204808825,3.111344877315444,4.823342584961273,3.772812987969695,33.25176685531163,3.209694457452827,3.241534944434357,3.440026799982199,2.721370116506677,2.757820268476368,4.276504090353377,5.020993611943897,5.116544076443692,2.776612185268767,2.29543618731672,3.763413335954378,3.439052224975978,4.425118492012126,5.168624856323508,5.971281702327174,3.223169734684789,3.813124927862988,3.777908303549881,3.365848077967619,4.223612290030338,3.22737370537769,1.848687791496776,3.044658861959908,3.191639962083155,4.010388398117724,4.496049871714895,3.407281839011206,3.901826746061873,2.208552751653337,4.341696472790065,3.577323073699892,4.23782544483411,4.393633218444029,5.617820804998485,2.010611573828154,2.585524694992422,2.121463527247182,2.27718705003168,3.753531521383641,5.450859179678263,49.33188318841481,3.293369717207929,4.200454345948258,2.700481530138825,3.355088674725525,3.195968510845164,3.57775813861812,4.578863175439057,3.125816054158475,32.43105314355365,4.181604766814177,2.295715048432007,2.370599291731181,1.576086162154963,2.022279572162689,4.644825843812771,4.453083422492941,4.76244235782815,30.59859988626931,5.755569044165403
55,32.90875745147483,4.872409899925129,3.126941834880235,2.25938229433269,3.111327227474162,4.181807754154523,3.990998987042242,3.76546487402618,2.774432211482406,4.671586850963783,3.67538019614344,3.762670112365618,4.939754551840354,3.116983498581184,4.178829873011694,5.880488328048303,5.329042064182464,4.069447324544171,4.473341685723556,0,2.679845324204007,31.67429476720832,4.851530118145195,3.637352850404433,4.196011535844173,3.218164915214524,2.381188610081351,33.48370953165135,5.534289126568167,2.130425835668011,4.291654510680241,4.346508733090288,4.719507598582217,4.182990981422527,3.382928127219294,4.43485630374327,5.608013393861452,5.974743579300944,3.489395458919764,31.41039958357741,5.391924532164616,4.168884456594756,4.089757174458001,2.437218415808453,3.933293420874922,6.062467593501351,3.806622306793439,5.039889125036822,6.202476848293752,4.417604963036251,2.983529620212144,1.760717808540979,4.893036902396806,3.358274470565457,3.212033220400532,4.861248779709935,6.309643586435535,6.005221779790005,5.207740218894743,3.542198324685523,5.119470009923909,4.740548405131944,4.11130966480002,4.272537618804856,4.108641184061917,6.006741607140458,3.619963787022269,5.061200737254858,5.320861201298882,3.972959736843139,5.808362363273077,4.474837683532352,1.974093901469821,3.95589888629718,3.035502118473744,4.213132165590008,4.696298233242657,4.034093217096642,3.734743905701893,5.374730503352438,49.57961924290445,4.606897190600529,5.820018529192971,3.955397048917225,3.995480125842586,4.239612814087375,3.224944136261431,4.947363498739143,2.730975151413674,32.87406283074851,3.798829020013969,4.351289869040487,5.948607109296282,5.09319567246867,3.609400397799636,4.399108211056535,4.482481485337653,8.037513135657388,31.91967111359388,2.049784162480068
92,32.714312448835,5.11104095796355,3.849203468799503,3.54181090745741,3.656515031123539,5.744915158563892,3.932506867881889,3.375394034443667,3.558850553031916,5.773241018964426,4.261167324800055,4.561465782674729,5.926160634787143,4.431815324776024,5.591318326376149,4.864459742726291,5.017965274681577,3.725363350853062,5.242055886253453,2.679845324204007,0,31.9929358296484,5.365260373059661,5.033500183254456,6.057749208085355,3.879438725866437,4.213384731833761,33.15637525424031,5.175007916103078,3.585249432799026,4.592519304977091,5.325611595983437,5.304585590177364,4.685894404678738,4.076917756634861,4.152098336674967,6.093652791580893,5.222035646264902,4.190280256257052,31.7985498725964,4.569070659363803,3.250977242881131,3.581473863745855,3.455796177532883,4.260029515617691,5.692755789428675,4.034882354967118,5.871292979241891,6.069247901805076,4.960831249825567,3.604925024304237,2.803623710262436,6.263585282675895,2.639058106093723,5.169721177333455,5.210110819798182,5.946244520205497,5.169258583822838,6.163172206286185,5.239702447781033,5.595418486227566,5.660465584895655,5.176010078416306,4.853745579977847,4.918178008098534,6.215010253980324,2.989622637831513,5.713217384592996,5.552642754657025,3.978045988426965,6.444807749864549,4.134733322088469,1.855774096947454,4.623811083211461,4.329963391627929,4.38363206202022,4.683798395643365,4.766311231396961,3.932907788288115,3.394887701325827,50.03070460468834,6.125205312934257,6.856902269765798,4.640788515345839,4.696415950415134,4.064500580852227,3.936402583814458,4.298875658623388,3.978893841298919,33.05573845794403,5.060293080448933,5.65369653622825,5.947236893307531,5.373132695512892,5.100051462059091,5.317969275600552,6.749880209250098,8.8377949500996,33.63753287623813,4.036685916790714
70,31.35941705453085,32.79770450809022,31.0067209649779,31.64502651286612,32.86486004838603,32.72459330534149,32.91464108873133,32.08804810205818,32.51284841412699,31.99503347396279,32.81321925687877,34.08274402098517,31.37826051584121,31.23965414341202,31.91660796513314,34.7730009777701,32.2056116383465,34.32532621840614,32.48095060185278,31.67429476720832,31.9929358296484,0,31.61471056328051,31.65189504595262,32.18456328738981,32.4275873755665,32.36972214894654,30.12008261940861,30.85272898788696,33.09086602070123,33.95930259884617,33.22062019288624,34.11376892106765,32.78308362555298,33.07682404645283,33.81315825237271,33.95061554670254,33.88515347464137,33.49481252373268,30.34875995819268,31.77440133188981,31.69301146940757,32.55674618262704,32.03177651957505,31.11417387622562,33.52788293346301,34.68928348928527,32.30020820366331,33.74557037597675,31.12410628435779,32.74904163483262,31.13938130406576,33.82581475737133,32.00695143246229,32.6323485057389,32.53101410961546,32.23271395647596,33.64121463324415,32.57059905804619,31.98712275275787,32.70517677677344,33.36816424378183,30.81746431814273,30.97173793961198,33.45079333887316,34.46275353189296,33.68550097593919,31.98313635339724,32.75459093012765,33.86995144667321,32.78859271149038,31.60521089947036,31.33202275627923,31.17475408082638,32.59128085853638,31.16981097151537,32.14587301660977,31.52180220101636,32.15959166407434,32.76309765574678,30.27898140624946,31.40691659491583,32.73870267741226,33.0781211830418,34.22780361051523,30.83620784078354,31.48857613484611,32.98255696576601,33.24726939163576,32.8368399210399,33.03024017472475,33.13849948322948,31.71857317093567,33.04495027988391,31.01228780660982,31.57083487967969,32.48036802439283,30.86684763625854,30.31135600727886,31.86783968203681
