,0,89,98,27,39,21,80,78,67,60,26,81,41,44,43,72,73,63,52,55,92,70,10,93,85,13,94,42,49,25,22,45,28,34,90,1,96,91,56,16,61,38,77,14,12,7,57,6,18,86,65,75,31,99,29,83,84,71,95,11,47,48,76,88,30,58,15,69,19,62,23,53,50,33,68,54,51,79,97,40,46,20,24,5,9,66,37,87,4,35,8,64,82,17,74,3,2,32,36,59
0,0,29.306,31.541,32.757,32.017,31.359,31.938,30.896,33.648,33.190,32.382,32.478,32.248,31.070,31.987,32.859,34.127,32.419,33.603,32.463,31.170,33.886,33.429,32.880,31.572,32.484,31.903,33.038,31.193,32.117,30.596,31.437,32.322,33.446,32.381,30.082,32.016,31.624,32.213,31.271,32.072,32.763,31.421,32.246,32.242,31.737,31.661,33.594,32.049,33.167,34.120,32.561,32.993,34.015,33.639,31.767,33.916,33.875,33.100,33.226,34.261,31.709,31.006,32.826,31.868,30.247,31.639,31.803,32.909,33.317,31.387,31.811,33.298,33.403,33.122,33.548,31.515,32.821,32.561,30.724,34.309,32.714,31.265,33.528,34.505,32.536,30.740,33.727,32.005,32.382,32.455,32.040,35.059,33.479,32.295,31.405,32.833,31.381,32.467,34.851
89,29.306,0,30.125,33.368,31.351,32.837,33.232,33.508,32.566,30.788,31.652,30.407,32.462,30.387,31.574,32.697,31.253,30.573,31.511,33.727,31.243,32.054,32.985,32.500,32.105,30.980,31.769,32.178,31.099,32.122,32.720,31.287,32.737,32.213,32.963,30.857,32.854,32.390,30.467,32.425,33.566,32.073,33.158,31.176,31.662,32.522,31.453,34.726,32.431,32.828,33.921,32.571,32.813,32.942,33.624,31.128,32.404,33.172,34.369,34.155,32.075,31.663,31.730,32.190,32.345,30.915,32.522,34.098,32.874,32.431,30.370,30.883,34.084,33.825,32.130,31.553,32.307,32.799,33.611,31.741,32.987,33.056,32.839,33.500,31.692,32.963,33.434,31.713,32.513,32.750,31.805,30.711,32.131,32.000,32.063,31.973,33.534,32.925,31.199,33.067
98,31.541,30.125,0,28.385,29.735,30.311,30.373,31.526,30.192,30.909,30.829,29.069,32.497,30.285,31.191,32.209,31.235,30.311,30.083,30.774,30.381,30.236,31.231,31.576,30.774,30.065,29.623,33.042,30.655,31.156,30.026,31.083,31.587,31.439,30.329,31.221,29.120,30.009,31.226,31.009,30.756,31.351,30.375,29.396,29.252,31.894,32.809,32.564,30.599,30.918,31.554,31.051,30.343,31.619,32.875,30.959,32.143,32.147,30.488,31.863,30.282,31.307,31.476,31.462,31.569,30.223,33.435,32.769,31.920,30.510,30.593,32.802,31.862,31.355,31.180,31.279,31.218,33.959,29.413,31.960,33.158,33.638,29.740,30.036,30.335,33.030,32.422,33.599,31.416,32.103,31.102,31.243,30.899,33.397,30.949,31.556,31.349,32.260,31.577,31.276
27,32.757,33.368,28.385,0,29.533,30.120,31.527,32.193,30.077,31.697,33.380,31.665,31.595,30.897,32.734,32.159,31.579,30.966,32.362,30.581,30.255,30.491,31.422,32.226,30.012,31.557,31.744,33.132,32.089,32.221,30.828,30.161,30.532,32.037,31.903,32.935,33.669,32.478,30.313,30.175,32.493,32.365,31.272,31.554,30.369,31.735,32.181,31.944,31.958,31.055,30.964,30.818,31.292,33.520,34.905,32.554,33.492,30.876,30.854,32.967,30.503,31.281,32.233,33.310,32.399,33.255,32.483,33.616,33.484,31.690,33.683,33.215,32.217,31.484,31.309,34.546,32.423,31.281,30.880,31.125,33.852,33.156,33.514,31.945,31.237,33.060,31.459,33.437,32.374,31.867,31.971,33.334,32.531,33.782,33.006,33.831,31.889,34.668,33.414,33.400
39,32.017,31.351,29.735,29.533,0,30.349,30.997,31.619,31.540,32.901,31.664,31.840,32.954,31.307,31.954,31.223,30.639,31.876,31.412,31.905,33.039,32.601,31.615,34.200,31.336,31.149,32.097,33.869,33.034,32.451,32.004,31.334,33.437,30.769,30.509,32.390,31.732,32.245,33.009,32.249,33.259,31.270,32.069,31.876,32.041,32.639,33.859,30.967,33.252,31.267,32.390,32.536,31.112,30.579,31.362,32.156,33.185,32.403,30.992,32.355,30.659,33.465,33.376,32.128,30.909,32.855,31.130,32.415,31.410,32.885,31.873,31.485,31.763,32.645,33.601,30.946,31.290,32.357,35.118,33.074,32.267,31.799,32.279,32.239,31.162,32.857,31.982,34.175,32.116,32.245,30.921,31.911,34.141,31.951,32.598,31.815,32.440,33.585,34.189,33.078
21,31.359,32.837,30.311,30.120,30.349,0,30.279,32.160,31.983,32.705,32.370,31.407,31.693,31.114,32.032,31.332,31.175,30.972,33.826,32.531,31.719,32.789,32.813,33.045,30.836,31.240,31.012,32.557,31.124,32.428,31.615,33.528,30.853,33.077,33.030,32.798,32.480,33.138,32.233,32.206,33.368,33.495,31.522,31.917,31.378,32.088,33.641,32.915,32.481,31.489,34.463,31.170,33.221,31.868,33.091,33.078,34.228,31.605,31.571,34.083,32.300,33.746,32.146,33.247,33.959,32.571,34.773,33.870,31.674,30.817,31.652,32.007,32.749,32.783,32.755,32.632,31.139,32.763,30.867,31.774,34.689,31.993,32.185,32.725,31.995,33.686,33.885,32.983,32.865,33.813,32.513,33.451,32.739,34.325,32.591,31.645,31.007,34.114,33.951,31.987
80,31.938,33.232,30.373,31.527,30.997,30.279,0,29.901,31.570,34.810,31.964,30.771,32.974,32.401,31.587,32.726,31.876,32.323,32.170,31.924,31.808,32.629,33.158,34.309,32.463,31.726,31.965,33.763,33.193,33.634,33.078,32.774,32.572,32.364,32.883,34.140,33.931,33.391,34.213,32.748,32.991,31.793,31.096,33.748,32.113,32.243,33.166,32.357,31.369,33.444,32.785,32.207,31.487,31.485,32.209,33.654,34.785,34.642,34.010,34.038,31.955,32.754,32.944,31.701,31.163,31.436,31.797,33.800,30.511,33.223,33.696,34.526,31.292,32.019,32.734,32.843,31.991,31.486,30.972,32.985,31.844,32.660,32.609,32.498,31.604,30.128,32.377,32.271,32.063,32.791,33.600,32.010,33.899,36.145,32.801,34.259,34.959,33.332,33.041,33.401
78,30.896,33.508,31.526,32.193,31.619,32.160,29.901,0,30.140,32.019,32.433,32.201,33.868,31.625,33.869,30.443,31.277,31.648,30.905,31.815,32.921,35.493,32.919,33.431,32.718,33.477,32.180,33.413,32.404,32.345,31.863,31.170,31.202,32.798,33.218,33.429,32.791,33.767,32.027,33.366,34.056,33.357,31.895,32.006,31.901,30.522,33.428,34.232,32.813,32.814,34.056,31.000,31.575,32.597,33.426,32.800,33.345,33.702,31.360,34.000,31.763,32.062,33.757,34.443,31.707,32.317,33.528,31.149,32.834,33.483,32.107,32.017,33.690,34.723,33.495,33.264,33.544,32.092,30.547,32.633,33.043,33.363,30.348,32.932,33.099,33.493,31.727,32.550,32.334,31.955,34.000,34.199,33.640,33.976,33.877,35.377,33.569,32.048,32.768,32.609
67,33.648,32.566,30.192,30.077,31.540,31.983,31.570,30.140,0,29.591,31.935,30.520,33.257,32.197,33.714,33.053,31.249,32.601,32.962,31.982,31.361,33.069,32.386,33.846,32.743,32.297,32.803,34.181,32.972,32.504,32.718,30.438,31.606,32.371,33.158,34.321,31.023,33.728,32.069,33.266,32.061,32.148,32.309,31.023,33.179,32.574,30.001,31.584,32.965,31.973,33.402,31.455,31.405,32.896,33.279,34.089,34.208,31.930,31.141,33.776,34.926,34.434,33.044,33.178,31.610,31.656,31.865,32.547,30.707,32.801,32.652,33.268,33.213,32.476,33.141,32.156,31.971,34.215,31.326,31.592,32.559,33.183,32.215,32.189,32.500,32.910,32.003,32.257,31.890,32.027,33.026,33.491,34.015,35.378,33.109,33.039,31.536,34.172,33.245,33.291
60,33.190,30.788,30.909,31.697,32.901,32.705,34.810,32.019,29.591,0,48.158,46.738,48.904,46.987,48.675,48.190,47.316,47.295,48.024,48.179,47.275,48.643,48.651,49.297,47.662,47.664,47.736,49.588,47.844,48.371,47.701,46.944,47.674,48.486,48.573,48.456,47.860,48.780,47.366,48.233,48.975,48.527,47.943,47.147,47.517,48.075,47.967,49.175,48.504,48.132,49.535,47.593,47.873,48.790,49.768,48.572,49.823,48.613,47.792,49.980,48.199,48.608,48.535,49.165,48.076,47.549,48.731,49.129,48.174,48.412,47.706,48.268,49.361,49.185,48.774,48.547,48.119,49.062,47.275,47.759,49.607,49.320,47.798,48.643,48.060,49.266,48.368,49.006,48.379,48.579,48.518,48.698,49.317,50.053,48.878,48.823,48.395,49.564,48.921,49.235
26,32.382,31.652,30.829,33.380,31.664,32.370,31.964,32.433,31.935,48.158,0,3.276,5.067,4.000,3.489,5.162,4.589,4.487,4.638,5.013,5.345,6.503,3.947,5.136,5.394,3.349,3.592,4.584,4.566,3.410,5.470,5.705,6.162,3.251,4.218,5.611,4.772,4.340,6.580,5.911,4.401,2.917,4.252,4.287,5.287,4.786,6.281,5.740,3.977,4.527,5.939,4.826,3.914,3.574,3.433,4.260,4.115,6.255,6.500,4.150,7.388,6.309,4.582,3.063,3.901,3.562,6.071,5.183,3.810,4.773,3.709,5.270,4.460,5.096,4.861,2.708,3.276,6.961,8.114,5.437,4.051,4.314,4.460,3.735,4.658,5.172,5.933,4.974,2.481,4.147,4.011,3.571,5.615,6.364,2.588,5.248,6.020,4.428,4.053,4.138
81,32.478,30.407,29.069,31.665,31.840,31.407,30.771,32.201,30.520,46.738,3.276,0,5.625,4.542,4.512,6.791,4.805,4.294,5.284,5.509,4.384,5.230,4.754,5.369,5.756,3.201,3.839,5.584,5.004,4.664,6.287,6.101,5.979,4.600,5.731,7.046,5.837,5.366,6.232,6.210,4.886,4.168,4.916,4.251,4.884,5.932,6.239,6.833,3.948,5.133,6.083,4.888,4.515,5.361,6.158,5.574,5.482,6.394,7.310,5.931,7.542,6.645,5.132,4.152,5.611,4.326,7.558,7.539,4.958,4.391,5.315,7.206,5.524,4.956,4.245,4.787,4.724,7.877,6.860,5.837,5.519,6.349,6.051,3.932,3.970,6.014,7.398,5.248,4.119,5.445,5.268,4.642,4.764,8.255,3.756,6.659,6.597,6.716,4.443,4.614
41,32.248,32.462,32.497,31.595,32.954,31.693,32.974,33.868,33.257,48.904,5.067,5.625,0,3.432,3.745,5.441,5.925,3.978,7.283,4.626,3.398,5.146,4.009,3.561,2.516,3.859,4.068,2.755,3.629,3.649,4.451,5.799,4.115,4.855,5.375,5.218,7.740,4.966,4.866,2.965,4.840,4.839,4.061,5.563,4.632,4.399,5.843,5.781,3.922,3.931,5.291,4.052,5.810,6.235,6.414,4.635,5.001,4.106,6.750,4.688,7.338,5.181,2.688,4.733,6.232,5.784,6.592,6.529,6.249,3.635,5.840,5.408,4.598,4.106,3.144,6.830,3.583,4.901,7.826,2.906,6.440,3.567,7.211,5.149,5.478,5.607,5.573,5.138,3.963,4.580,4.016,5.208,5.547,6.307,3.640,5.427,5.053,6.201,5.149,5.588
44,31.070,30.387,30.285,30.897,31.307,31.114,32.401,31.625,32.197,46.987,4.000,4.542,3.432,0,3.930,4.369,4.861,1.999,5.120,4.603,3.856,5.736,3.620,3.147,2.880,3.372,2.806,3.200,2.352,2.233,3.526,4.645,4.393,4.153,4.494,3.915,6.374,3.978,3.533,3.617,5.217,4.593,4.183,3.512,3.166,3.624,6.343,6.942,4.015,3.586,5.678,3.647,4.914,5.808,6.410,2.578,3.597,4.749,5.993,4.623,6.045,4.150,3.364,5.031,5.566,4.892,7.042,5.784,6.697,3.662,3.641,3.905,5.601,5.597,3.456,5.712,4.218,5.768,7.634,3.681,6.389,4.767,5.434,4.666,4.897,6.668,5.646,5.495,3.673,4.108,3.388,4.660,4.730,5.051,3.372,5.616,5.214,5.178,4.050,4.753
43,31.987,31.574,31.191,32.734,31.954,32.032,31.587,33.869,33.714,48.675,3.489,4.512,3.745,3.930,0,6.097,6.033,4.403,6.040,5.454,4.767,5.078,4.632,4.881,4.272,2.498,3.390,4.057,4.324,4.423,5.370,6.866,6.576,4.183,4.335,4.773,7.009,3.815,6.832,4.471,4.864,3.535,4.088,5.950,4.652,5.501,7.246,6.213,3.256,5.159,5.508,5.719,5.363,4.665,4.779,3.909,4.929,6.639,7.986,4.518,6.654,5.438,3.492,2.162,5.272,4.442,6.336,7.005,5.349,4.543,5.065,6.032,3.820,4.346,4.095,5.059,3.130,5.943,8.667,5.375,5.466,4.214,6.486,4.773,4.659,4.582,6.446,5.831,3.802,5.301,3.671,2.438,5.655,6.441,2.253,4.905,6.922,5.354,4.640,5.425
72,32.859,32.697,32.209,32.159,31.223,31.332,32.726,30.443,33.053,48.190,5.162,6.791,5.441,4.369,6.097,0,4.099,4.248,5.321,5.038,7.087,8.564,4.524,5.686,4.982,5.920,4.943,4.599,5.386,4.285,5.467,6.243,4.902,4.687,5.719,6.942,7.757,6.705,6.149,6.279,7.413,6.039,5.186,5.898,5.346,3.184,8.520,7.003,6.084,4.446,6.851,3.844,5.294,4.739,5.607,5.292,4.841,5.698,5.328,5.561,5.840,6.226,6.556,6.877,5.979,7.380,7.958,4.852,6.692,5.554,5.549,4.290,5.863,7.239,6.033,6.230,5.834,5.109,8.363,6.153,6.155,4.361,5.554,5.721,5.840,7.369,6.235,5.914,4.881,4.791,5.687,7.213,6.304,5.770,5.928,7.958,6.303,5.785,6.408,4.371
73,34.127,31.253,31.235,31.579,30.639,31.175,31.876,31.277,31.249,47.316,4.589,4.805,5.925,4.861,6.033,4.099,0,4.047,4.935,5.757,6.745,7.073,4.236,6.366,5.749,4.660,5.361,5.426,6.264,5.084,7.189,6.145,5.749,3.672,6.128,8.263,7.668,7.319,6.124,7.128,7.456,5.102,6.199,5.348,5.755,5.371,7.774,6.493,6.316,4.251,6.461,4.414,4.769,3.994,5.611,6.206,5.184,5.252,6.187,6.330,6.012,7.446,7.115,6.091,6.006,7.497,7.833,7.070,5.562,5.176,6.007,5.667,5.898,6.525,5.667,4.848,5.826,6.350,8.699,6.807,5.093,5.141,7.105,5.258,3.461,7.145,7.682,5.055,5.132,5.351,5.451,6.578,5.290,6.805,5.816,8.003,6.544,7.703,6.398,3.800
63,32.419,30.573,30.311,30.966,31.876,30.972,32.323,31.648,32.601,47.295,4.487,4.294,3.978,1.999,4.403,4.248,4.047,0,4.756,4.988,4.438,5.564,3.902,3.292,3.536,3.462,2.795,3.197,3.005,3.203,4.674,5.632,4.197,4.425,5.345,5.445,7.192,5.008,3.677,4.569,6.126,5.220,4.712,3.978,2.649,3.977,7.242,7.560,4.206,3.827,5.820,3.397,5.153,5.622,6.805,3.539,3.711,4.827,6.357,5.444,5.105,4.454,4.482,5.505,6.421,5.888,8.195,6.831,7.002,3.107,4.424,4.787,5.862,5.878,3.161,5.984,5.183,5.770,7.088,4.855,6.520,5.372,6.018,4.683,3.958,7.061,6.933,5.166,4.529,4.923,4.363,5.357,3.240,5.724,4.075,6.799,5.788,6.116,4.294,3.669
52,33.603,31.511,30.083,32.362,31.412,33.826,32.170,30.905,32.962,48.024,4.638,5.284,7.283,5.120,6.040,5.321,4.935,4.756,0,5.462,7.112,7.383,4.686,5.904,6.632,5.594,5.105,6.200,6.416,5.004,6.495,5.753,7.192,4.063,5.055,7.186,7.150,5.733,6.633,6.931,6.956,4.874,5.943,5.367,4.883,5.297,8.733,8.018,5.509,5.857,5.624,5.679,3.778,5.349,6.332,4.675,3.992,7.676,7.055,5.442,4.909,5.370,7.205,5.912,4.940,6.539,7.832,6.352,7.427,6.533,5.917,6.655,6.240,7.169,5.615,5.655,7.090,7.083,8.633,7.708,5.138,7.113,5.564,4.789,4.655,7.225,6.988,6.680,4.979,4.830,5.809,5.771,5.327,6.419,5.574,8.933,8.382,5.801,4.981,4.871
55,32.463,33.727,30.774,30.581,31.905,32.531,31.924,31.815,31.982,48.179,5.013,5.509,4.626,4.603,5.454,5.038,5.757,4.988,5.462,0,4.515,5.928,2.736,4.713,3.748,5.072,4.243,5.521,5.531,3.886,3.666,4.445,4.298,4.078,3.975,6.946,6.614,4.841,6.031,3.798,4.049,4.327,2.440,5.151,4.135,3.730,6.858,4.695,3.736,3.619,3.332,3.201,2.662,5.774,6.271,5.466,5.275,5.083,4.354,3.501,6.421,5.173,5.215,5.419,4.463,6.106,6.357,4.918,6.099,4.929,6.989,7.117,3.575,3.797,4.080,7.095,4.886,5.637,6.441,4.876,5.650,5.352,5.559,2.911,5.196,5.751,3.922,6.537,3.145,3.070,5.009,6.466,6.177,7.550,4.729,7.646,5.669,5.936,5.832,5.436
92,31.170,31.243,30.381,30.255,33.039,31.719,31.808,32.921,31.361,47.275,5.345,4.384,3.398,3.856,4.767,7.087,6.745,4.438,7.112,4.515,0,4.572,4.676,3.670,3.859,4.309,4.205,4.619,3.936,4.107,4.470,4.933,4.204,5.667,5.979,5.800,7.245,4.879,4.482,3.298,3.887,5.040,4.068,4.857,4.402,5.008,4.665,6.720,3.226,4.949,5.261,4.195,5.432,7.585,7.857,5.225,5.772,5.251,7.169,5.535,8.158,4.881,2.813,5.153,6.190,4.683,6.931,7.165,6.765,4.286,6.356,7.092,5.609,4.124,2.642,7.568,4.719,6.583,6.299,2.797,6.950,6.066,7.004,4.838,5.856,5.920,5.610,5.579,4.071,4.669,5.164,5.455,5.608,8.029,4.016,6.526,5.816,6.581,4.453,6.416
70,33.886,32.054,30.236,30.491,32.601,32.789,32.629,35.493,33.069,48.643,6.503,5.230,5.146,5.736,5.078,8.564,7.073,5.564,7.383,5.928,4.572,0,4.907,5.485,4.903,3.831,5.401,6.412,6.391,6.092,6.629,7.074,7.203,5.508,5.640,7.448,8.303,5.363,6.565,4.694,5.491,5.220,6.036,6.213,4.971,7.790,7.746,6.735,5.075,5.332,4.310,6.608,6.077,7.428,8.282,6.206,6.348,5.886,8.197,5.824,7.054,6.643,5.539,4.999,7.513,7.354,8.121,9.586,7.845,4.780,7.972,8.763,5.565,3.712,3.819,7.680,5.877,7.907,8.898,6.560,7.502,7.322,9.175,5.006,4.320,7.178,8.150,7.766,6.074,6.674,4.823,5.551,5.284,8.238,4.872,7.106,7.127,8.943,6.612,6.779
10,33.429,32.985,31.231,31.422,31.615,32.813,33.158,32.919,32.386,48.651,3.947,4.754,4.009,3.620,4.632,4.524,4.236,3.902,4.686,2.736,4.676,4.907,0,4.061,3.336,3.588,3.860,4.530,4.934,2.834,4.222,4.198,4.861,2.203,2.975,6.141,5.920,4.224,5.084,3.948,4.248,3.220,3.835,3.867,3.969,4.319,6.525,4.365,4.254,1.868,3.169,3.527,2.747,4.671,5.348,4.287,3.517,3.647,4.264,2.598,5.776,5.423,4.873,4.484,4.486,6.109,6.122,5.246,5.743,3.897,5.648,5.600,3.748,3.732,3.583,5.323,4.129,5.845,7.921,4.856,4.901,4.459,5.893,2.564,3.667,6.119,5.001,5.926,2.952,2.972,2.948,5.277,4.908,5.591,3.660,6.277,4.688,6.035,5.258,4.222
93,32.880,32.500,31.576,32.226,34.200,33.045,34.309,33.431,33.846,49.297,5.136,5.369,3.561,3.147,4.881,5.686,6.366,3.292,5.904,4.713,3.670,5.485,4.061,0,3.822,4.650,3.380,2.904,2.561,2.558,3.670,5.456,4.110,5.379,5.399,4.586,6.788,3.975,3.482,3.612,4.654,5.567,4.533,3.977,3.326,4.120,6.398,7.632,3.678,4.304,5.376,3.879,5.611,7.154,7.515,3.334,3.266,4.778,6.426,4.481,6.902,3.674,3.171,5.666,6.702,5.422,8.104,6.220,7.808,3.404,4.955,5.532,6.086,5.416,2.393,7.059,5.397,6.523,6.766,3.834,7.076,5.914,5.886,4.529,5.749,7.200,6.138,5.698,4.310,4.504,4.578,5.633,3.717,5.815,3.633,6.455,5.250,5.245,3.509,4.721
85,31.572,32.105,30.774,30.012,31.336,30.836,32.463,32.718,32.743,47.662,5.394,5.756,2.516,2.880,4.272,4.982,5.749,3.536,6.632,3.748,3.859,4.903,3.336,3.822,0,3.729,3.481,4.145,3.846,3.537,3.175,5.450,4.250,4.574,4.244,5.206,7.273,4.349,4.752,2.077,5.034,5.038,3.589,4.963,3.307,4.420,7.131,5.767,4.230,2.954,4.727,3.826,5.179,6.155,6.871,4.313,5.066,3.888,5.446,4.299,5.996,4.941,3.776,5.375,6.257,6.398,7.179,6.498,6.970,3.440,5.927,5.627,4.600,4.311,3.532,7.080,4.014,5.368,7.698,3.897,7.122,4.612,6.738,4.531,5.034,6.695,5.535,6.708,4.311,4.686,3.520,5.786,5.556,6.144,4.097,5.868,4.748,6.600,5.969,5.552
13,32.484,30.980,30.065,31.557,31.149,31.240,31.726,33.477,32.297,47.664,3.349,3.201,3.859,3.372,2.498,5.920,4.660,3.462,5.594,5.072,4.309,3.831,3.588,4.650,3.729,0,3.001,4.444,4.249,3.972,5.282,6.205,6.008,3.439,4.027,5.556,6.210,4.025,5.880,4.512,4.756,3.403,4.380,4.492,3.976,5.741,6.936,5.739,3.822,3.717,5.068,4.977,4.718,4.434,5.323,4.197,4.638,5.189,6.819,4.543,6.180,6.021,4.080,2.984,5.614,5.132,6.908,7.361,5.259,3.253,4.854,5.957,4.218,3.899,3.623,4.484,3.144,6.669,8.279,5.311,5.666,4.733,6.586,3.817,3.058,5.810,6.946,5.889,3.926,5.237,2.860,3.450,4.580,6.404,2.472,4.864,5.702,6.565,5.021,4.502
94,31.903,31.769,29.623,31.744,32.097,31.012,31.965,32.180,32.803,47.736,3.592,3.839,4.068,2.806,3.390,4.943,5.361,2.795,5.105,4.243,4.205,5.401,3.860,3.380,3.481,3.001,0,3.944,2.678,2.972,3.471,6.291,4.698,4.583,4.225,4.944,5.591,3.333,5.477,4.167,4.446,4.764,2.986,3.910,2.337,4.209,7.498,6.845,2.781,3.839,5.576,3.748,4.686,5.093,5.940,3.549,4.251,5.531,5.926,4.345,5.921,4.841,3.669,4.461,5.963,4.558,8.052,6.235,6.146,2.606,4.198,5.802,4.733,4.813,3.378,5.559,3.925,6.682,6.269,4.931,6.559,5.335,4.470,3.296,4.479,6.478,6.481,6.108,3.734,5.011,4.143,4.835,4.053,6.640,2.679,5.713,5.341,5.086,4.355,3.627
42,33.038,32.178,33.042,33.132,33.869,32.557,33.763,33.413,34.181,49.588,4.584,5.584,2.755,3.200,4.057,4.599,5.426,3.197,6.200,5.521,4.619,6.412,4.530,2.904,4.145,4.444,3.944,0,2.962,3.203,5.094,6.116,4.364,4.973,5.968,4.843,7.757,5.237,4.431,4.600,5.814,5.270,4.931,5.307,4.638,3.712,6.350,7.345,4.184,4.709,6.222,4.097,6.071,6.018,6.201,3.702,3.556,5.105,7.310,5.117,6.960,4.542,3.393,5.132,6.369,5.536,7.403,6.117,6.724,3.976,4.603,4.203,5.685,5.822,3.402,6.213,4.784,5.025,7.855,3.934,6.070,4.011,6.445,5.550,5.588,6.120,6.300,4.009,4.180,4.616,4.648,5.058,4.471,5.275,3.744,6.149,5.899,5.027,3.707,4.491
49,31.193,31.099,30.655,32.089,33.034,31.124,33.193,32.404,32.972,47.844,4.566,5.004,3.629,2.352,4.324,5.386,6.264,3.005,6.416,5.531,3.936,6.391,4.934,2.561,3.846,4.249,2.678,2.962,0,2.686,3.597,6.164,4.334,5.790,5.693,3.725,6.269,4.109,4.176,4.265,5.105,5.875,4.456,3.934,3.717,4.159,6.597,7.990,3.956,4.632,6.885,4.132,6.265,6.782,7.107,3.296,4.262,5.392,6.742,5.319,7.443,4.669,2.648,5.624,6.902,4.522,8.353,6.275,7.242,3.305,3.440,4.664,6.434,6.116,3.734,6.426,4.563,6.919,6.892,3.644,7.527,5.509,5.181,5.206,6.181,7.316,6.586,5.757,4.433,5.304,4.627,5.353,4.664,6.072,3.385,5.353,5.070,4.919,3.879,4.832
25,32.117,32.122,31.156,32.221,32.451,32.428,33.634,32.345,32.504,48.371,3.410,4.664,3.649,2.233,4.423,4.285,5.084,3.203,5.004,3.886,4.107,6.092,2.834,2.558,3.537,3.972,2.972,3.203,2.686,0,3.070,4.285,4.158,3.879,4.011,4.226,5.081,3.498,3.977,3.939,4.006,4.265,3.802,2.716,3.800,3.260,5.792,6.204,3.858,3.005,5.265,3.216,4.256,5.604,5.766,2.871,2.711,4.248,4.897,3.300,6.874,4.606,3.346,4.893,5.058,4.555,6.770,4.335,6.216,3.565,3.522,4.059,5.237,5.147,3.523,5.254,3.958,6.340,7.292,3.497,5.827,4.557,4.370,3.648,5.288,6.595,4.929,5.356,2.716,3.148,3.357,4.997,4.721,4.986,2.896,5.351,4.176,4.253,3.710,4.121
22,30.596,32.720,30.026,30.828,32.004,31.615,33.078,31.863,32.718,47.701,5.470,6.287,4.451,3.526,5.370,5.467,7.189,4.674,6.495,3.666,4.470,6.629,4.222,3.670,3.175,5.282,3.471,5.094,3.597,3.070,0,5.359,4.642,5.670,4.233,4.478,5.828,3.404,5.288,3.061,4.248,5.824,3.255,4.387,3.640,4.082,7.367,6.849,4.263,4.111,5.651,4.192,5.245,7.136,7.374,4.085,5.088,5.407,4.871,3.975,7.207,4.685,3.917,6.229,6.214,5.520,7.793,5.097,7.709,4.517,5.427,5.991,5.678,5.532,4.572,7.509,4.828,6.995,6.946,4.154,7.848,6.014,4.713,4.419,6.779,7.567,4.854,7.669,4.237,4.599,4.627,6.475,6.347,6.606,4.336,6.190,4.825,5.112,5.643,6.021
45,31.437,31.287,31.083,30.161,31.334,33.528,32.774,31.170,30.438,46.944,5.705,6.101,5.799,4.645,6.866,6.243,6.145,5.632,5.753,4.445,4.933,7.074,4.198,5.456,5.450,6.205,6.291,6.116,6.164,4.285,5.359,0,5.612,4.680,5.575,6.644,7.238,6.056,4.561,5.153,5.535,4.778,5.726,4.823,6.072,4.780,4.853,6.420,5.873,5.083,5.139,4.849,4.185,7.623,7.663,5.478,5.212,5.664,6.006,5.236,8.079,5.483,5.817,6.578,4.412,6.233,5.336,5.202,7.399,6.823,6.717,6.187,6.559,6.238,5.255,7.318,6.306,6.585,8.705,4.542,5.876,6.404,6.873,5.570,6.593,6.931,3.849,6.297,4.120,2.671,5.364,6.539,7.302,6.705,5.879,8.074,6.599,6.471,5.452,7.241
28,32.322,32.737,31.587,30.532,33.437,30.853,32.572,31.202,31.606,47.674,6.162,5.979,4.115,4.393,6.576,4.902,5.749,4.197,7.192,4.298,4.204,7.203,4.861,4.110,4.250,6.008,4.698,4.364,4.334,4.158,4.642,5.612,0,6.261,7.040,7.325,7.950,6.765,4.378,4.948,5.961,6.721,4.416,5.277,4.757,3.267,6.323,7.262,4.860,4.516,6.506,1.749,5.837,7.361,8.014,6.249,5.945,4.379,5.569,6.285,7.811,5.700,5.031,7.284,7.135,6.717,8.532,6.208,7.202,4.265,6.695,6.452,6.367,5.976,4.184,8.197,5.920,5.908,5.067,3.702,7.483,5.778,6.437,5.398,6.460,7.329,6.042,5.222,4.886,4.878,6.539,7.883,5.609,8.120,5.817,8.157,5.113,6.810,5.763,5.251
34,33.446,32.213,31.439,32.037,30.769,33.077,32.364,32.798,32.371,48.486,3.251,4.600,4.855,4.153,4.183,4.687,3.672,4.425,4.063,4.078,5.667,5.508,2.203,5.379,4.574,3.439,4.583,4.973,5.790,3.879,5.670,4.680,6.261,0,3.143,6.432,6.427,4.851,6.163,5.176,5.209,2.029,4.682,4.884,5.022,4.972,6.850,4.436,4.777,3.468,3.849,4.786,2.727,3.470,4.099,4.459,3.802,5.224,5.785,3.393,5.682,5.979,5.586,3.636,3.458,6.013,5.196,5.599,4.957,5.136,5.603,5.497,3.604,4.448,4.583,4.098,4.208,5.658,9.134,5.862,3.418,4.094,6.323,3.614,3.238,5.325,5.425,5.630,3.075,3.334,3.081,4.276,5.628,5.435,3.859,6.426,6.236,6.023,5.321,4.660
90,32.381,32.963,30.329,31.903,30.509,33.030,32.883,33.218,33.158,48.573,4.218,5.731,5.375,4.494,4.335,5.719,6.128,5.345,5.055,3.975,5.979,5.640,2.975,5.399,4.244,4.027,4.225,5.968,5.693,4.011,4.233,5.575,7.040,3.143,0,5.423,5.389,2.958,6.968,4.418,4.411,3.445,4.183,4.939,4.632,5.702,8.078,4.945,4.833,3.772,4.051,5.728,3.651,4.840,5.107,4.070,4.481,5.949,5.333,2.122,6.042,5.965,5.379,4.208,4.481,6.003,6.197,5.578,6.381,5.303,5.706,6.276,3.905,4.555,5.230,5.287,4.170,7.078,9.317,6.251,5.809,5.344,5.646,3.395,4.940,6.580,5.367,7.911,3.810,4.398,2.724,4.749,6.492,5.657,3.704,5.674,5.971,5.731,6.157,5.706
1,30.082,30.857,31.221,32.935,32.390,32.798,34.140,33.429,34.321,48.456,5.611,7.046,5.218,3.915,4.773,6.942,8.263,5.445,7.186,6.946,5.800,7.448,6.141,4.586,5.206,5.556,4.944,4.843,3.725,4.226,4.478,6.644,7.325,6.432,5.423,0,6.886,3.610,5.907,4.798,5.905,6.170,6.031,5.623,5.634,5.955,7.581,8.694,5.612,6.305,7.503,6.906,7.321,7.895,7.526,2.724,4.862,7.344,8.259,5.341,8.338,5.048,3.667,5.919,6.923,5.051,7.703,6.530,8.614,6.144,4.057,4.780,7.320,7.349,5.752,6.988,5.429,7.796,9.953,5.140,8.194,6.329,6.271,6.816,7.833,7.937,6.489,7.811,5.445,6.004,4.479,4.807,7.119,4.944,4.238,4.910,6.903,4.658,4.995,7.352
96,32.016,32.854,29.120,33.669,31.732,32.480,33.931,32.791,31.023,47.860,4.772,5.837,7.740,6.374,7.009,7.757,7.668,7.192,7.150,6.614,7.245,8.303,5.920,6.788,7.273,6.210,5.591,7.757,6.269,5.081,5.828,7.238,7.950,6.427,5.389,6.886,0,5.064,8.156,7.620,4.802,6.282,6.237,4.139,7.044,7.395,8.002,7.331,6.716,5.732,7.996,6.863,6.091,6.919,6.690,6.430,6.355,7.268,5.781,5.388,9.965,8.797,6.622,6.584,6.843,5.555,8.841,6.191,6.809,6.248,5.086,7.427,7.356,7.070,7.423,5.315,5.507,10.766,8.956,7.212,7.955,7.706,4.383,4.886,7.661,9.087,7.648,8.858,5.466,6.619,5.817,7.035,7.715,8.190,5.177,5.660,5.364,6.436,6.941,6.322
91,31.624,32.390,30.009,32.478,32.245,33.138,33.391,33.767,33.728,48.780,4.340,5.366,4.966,3.978,3.815,6.705,7.319,5.008,5.733,4.841,4.879,5.363,4.224,3.975,4.349,4.025,3.333,5.237,4.109,3.498,3.404,6.056,6.765,4.851,2.958,3.610,5.064,0,6.284,3.835,3.518,4.445,4.126,4.428,4.024,5.705,7.535,6.778,3.820,4.756,5.111,5.871,5.064,6.389,6.374,2.973,4.226,6.448,6.583,3.058,7.063,4.937,3.689,4.223,5.650,4.529,7.202,6.118,7.241,4.722,4.775,6.340,5.161,4.930,4.397,5.994,4.332,7.781,8.440,5.427,6.937,6.174,5.167,3.915,5.919,6.895,5.881,7.737,4.045,5.010,3.351,4.160,5.804,5.965,2.589,4.928,5.973,4.788,4.767,5.887
56,32.213,30.467,31.226,30.313,33.009,32.233,34.213,32.027,32.069,47.366,6.580,6.232,4.866,3.533,6.832,6.149,6.124,3.677,6.633,6.031,4.482,6.565,5.084,3.482,4.752,5.880,5.477,4.431,4.176,3.977,5.288,4.561,4.378,6.163,6.968,5.907,8.156,6.284,0,4.963,6.753,6.731,6.545,4.251,4.845,4.998,6.071,8.654,6.033,4.988,6.651,4.445,6.575,8.488,9.103,4.793,4.617,4.585,6.861,6.529,7.544,4.879,5.089,7.529,7.585,7.019,8.568,7.266,8.976,5.062,5.820,5.309,7.970,7.174,4.156,8.065,6.916,6.962,8.003,4.173,8.022,6.967,7.564,6.417,6.496,8.666,6.888,6.023,5.780,5.180,5.591,7.099,5.053,6.047,5.865,7.831,5.863,7.249,5.004,6.231
16,31.271,32.425,31.009,30.175,32.249,32.206,32.748,33.366,33.266,48.233,5.911,6.210,2.965,3.617,4.471,6.279,7.128,4.569,6.931,3.798,3.298,4.694,3.948,3.612,2.077,4.512,4.167,4.600,4.265,3.939,3.061,5.153,4.948,5.176,4.418,4.798,7.620,3.835,4.963,0,4.408,5.050,3.700,5.500,3.733,4.812,6.731,6.202,3.836,4.279,4.194,4.711,5.357,7.278,7.572,4.257,5.269,5.031,6.426,4.146,6.739,4.046,3.279,5.327,6.103,6.035,6.712,6.597,7.674,4.566,6.593,6.521,4.851,4.163,3.286,7.910,4.684,5.624,7.825,3.701,7.300,5.504,7.069,4.853,5.947,6.395,4.850,7.103,4.350,4.494,4.039,5.569,6.123,6.554,4.162,6.289,5.767,6.296,5.580,6.677
61,32.072,33.566,30.756,32.493,33.259,33.368,32.991,34.056,32.061,48.975,4.401,4.886,4.840,5.217,4.864,7.413,7.456,6.126,6.956,4.049,3.887,5.491,4.248,4.654,5.034,4.756,4.446,5.814,5.105,4.006,4.248,5.535,5.961,5.209,4.411,5.905,4.802,3.518,6.753,4.408,0,4.206,3.592,4.750,5.481,5.739,5.555,5.250,3.565,4.822,4.900,5.259,4.572,6.750,6.332,5.444,5.594,5.947,6.184,3.509,8.947,6.282,3.746,4.273,5.173,4.106,6.339,5.760,5.788,4.991,6.207,7.573,4.605,3.394,4.420,6.430,3.869,8.024,7.248,4.515,6.302,6.000,5.589,3.363,6.412,5.875,4.999,6.929,3.199,4.409,4.716,5.274,6.632,8.007,3.233,5.472,5.297,5.532,5.130,6.292
38,32.763,32.073,31.351,32.365,31.270,33.495,31.793,33.357,32.148,48.527,2.917,4.168,4.839,4.593,3.535,6.039,5.102,5.220,4.874,4.327,5.040,5.220,3.220,5.567,5.038,3.403,4.764,5.270,5.875,4.265,5.824,4.778,6.721,2.029,3.445,6.170,6.282,4.445,6.731,5.050,4.206,0,4.407,5.336,5.537,5.425,5.982,4.306,4.085,4.551,3.897,5.427,3.002,4.246,4.081,4.699,4.552,6.136,6.845,3.493,6.956,5.976,4.915,2.248,2.685,4.813,4.097,5.811,4.359,5.619,5.853,6.326,3.255,3.751,4.509,4.297,3.704,6.072,9.057,5.538,3.069,4.363,6.428,3.779,4.137,4.043,4.979,5.547,2.499,3.377,3.466,3.143,6.291,6.418,3.246,6.000,6.781,5.645,4.826,5.659
77,31.421,33.158,30.375,31.272,32.069,31.522,31.096,31.895,32.309,47.943,4.252,4.916,4.061,4.183,4.088,5.186,6.199,4.712,5.943,2.440,4.068,6.036,3.835,4.533,3.589,4.380,2.986,4.931,4.456,3.802,3.255,5.726,4.416,4.682,4.183,6.031,6.237,4.126,6.545,3.700,3.592,4.407,0,5.363,3.848,3.644,6.985,5.353,2.400,4.291,4.720,3.548,3.828,5.373,5.674,5.035,5.564,5.911,5.556,3.905,6.842,5.087,4.034,4.545,4.774,4.708,6.680,5.203,5.397,4.371,6.131,6.915,3.252,3.762,3.996,6.644,3.747,5.791,5.883,4.532,5.968,4.874,4.751,3.236,5.481,5.046,4.533,6.277,2.877,4.058,5.004,5.601,6.135,7.832,3.689,6.607,5.809,4.996,5.283,5.241
14,32.246,31.176,29.396,31.554,31.876,31.917,33.748,32.006,31.023,47.147,4.287,4.251,5.563,3.512,5.950,5.898,5.348,3.978,5.367,5.151,4.857,6.213,3.867,3.977,4.963,4.492,3.910,5.307,3.934,2.716,4.387,4.823,5.277,4.884,4.939,5.623,4.139,4.428,4.251,5.500,4.750,5.336,5.363,0,4.453,5.318,6.356,7.200,5.291,3.570,6.272,4.315,4.908,6.589,7.151,4.351,3.984,4.616,4.876,4.842,7.639,6.236,4.988,6.076,6.342,5.381,8.231,6.028,7.066,3.962,3.926,5.436,6.799,6.102,4.655,5.448,5.218,8.508,7.502,5.015,7.077,6.620,4.949,3.979,5.508,8.334,6.738,6.667,4.414,4.839,4.270,6.088,4.794,6.232,4.168,5.959,4.132,6.181,4.858,4.560
12,32.242,31.662,29.252,30.369,32.041,31.378,32.113,31.901,33.179,47.517,5.287,4.884,4.632,3.166,4.652,5.346,5.755,2.649,4.883,4.135,4.402,4.971,3.969,3.326,3.307,3.976,2.337,4.638,3.717,3.800,3.640,6.072,4.757,5.022,4.632,5.634,7.044,4.024,4.845,3.733,5.481,5.537,3.848,4.453,0,4.543,8.243,7.598,3.545,4.165,4.924,3.968,4.855,6.318,7.508,3.830,4.470,5.602,6.095,4.921,4.581,3.896,4.710,5.691,6.644,6.125,8.671,7.109,7.792,3.371,5.680,6.582,5.457,5.316,3.067,7.128,5.615,6.439,6.360,5.537,7.329,6.519,5.785,3.895,4.402,7.347,6.784,6.924,4.842,5.281,4.732,5.842,3.719,6.750,4.233,7.336,6.203,6.258,5.000,4.504
7,31.737,32.522,31.894,31.735,32.639,32.088,32.243,30.522,32.574,48.075,4.786,5.932,4.399,3.624,5.501,3.184,5.371,3.977,5.297,3.730,5.008,7.790,4.319,4.120,4.420,5.741,4.209,3.712,4.159,3.260,4.082,4.780,3.267,4.972,5.702,5.955,7.395,5.705,4.998,4.812,5.739,5.425,3.644,5.318,4.543,0,6.589,6.952,4.173,4.766,5.959,2.583,4.601,6.030,6.289,4.624,4.561,5.767,5.749,5.027,6.750,4.231,4.787,6.190,5.043,5.529,6.968,3.960,6.535,5.257,5.510,5.038,5.440,6.222,4.465,6.956,5.436,4.549,6.432,4.135,5.809,4.677,4.761,5.065,6.243,6.011,4.342,4.792,3.459,3.215,5.773,6.477,5.972,6.557,5.012,7.813,6.239,4.253,4.522,5.007
57,31.661,31.453,32.809,32.181,33.859,33.641,33.166,33.428,30.001,47.967,6.281,6.239,5.843,6.343,7.246,8.520,7.774,7.242,8.733,6.858,4.665,7.746,6.525,6.398,7.131,6.936,7.498,6.350,6.597,5.792,7.367,4.853,6.323,6.850,8.078,7.581,8.002,7.535,6.071,6.731,5.555,5.982,6.985,6.356,8.243,6.589,0,7.223,6.441,6.953,7.502,6.282,6.873,8.908,8.276,7.379,7.105,6.636,8.570,7.154,11.234,7.641,5.328,6.703,6.329,5.600,5.909,7.067,6.794,7.387,7.391,7.458,7.671,6.537,6.041,7.852,6.233,8.126,8.969,3.979,6.710,6.694,8.409,7.202,8.236,6.608,5.865,5.264,5.127,5.133,6.939,6.845,8.335,8.855,6.188,7.490,7.014,7.419,5.652,8.371
6,33.594,34.726,32.564,31.944,30.967,32.915,32.357,34.232,31.584,49.175,5.740,6.833,5.781,6.942,6.213,7.003,6.493,7.560,8.018,4.695,6.720,6.735,4.365,7.632,5.767,5.739,6.845,7.345,7.990,6.204,6.849,6.420,7.262,4.436,4.945,8.694,7.331,6.778,8.654,6.202,5.250,4.306,5.353,7.200,7.598,6.952,7.223,0,6.444,4.775,5.003,6.269,4.759,5.409,5.146,7.734,7.304,5.748,5.961,4.650,8.871,8.755,6.873,5.293,5.070,7.652,5.179,6.565,4.618,6.718,8.417,8.136,3.549,3.823,6.708,6.539,4.395,7.188,9.938,6.590,5.426,4.732,8.157,5.020,6.132,5.792,5.608,7.625,4.676,5.187,5.287,6.904,8.616,8.494,5.867,6.914,6.218,8.154,8.259,7.236
18,32.049,32.431,30.599,31.958,33.252,32.481,31.369,32.813,32.965,48.504,3.977,3.948,3.922,4.015,3.256,6.084,6.316,4.206,5.509,3.736,3.226,5.075,4.254,3.678,4.230,3.822,2.781,4.184,3.956,3.858,4.263,5.873,4.860,4.777,4.833,5.612,6.716,3.820,6.033,3.836,3.565,4.085,2.400,5.291,3.545,4.173,6.441,6.444,0,5.066,4.614,4.140,4.277,5.823,6.096,4.408,4.917,6.400,7.118,4.388,6.804,4.131,3.252,3.666,5.035,3.824,6.807,6.251,5.789,4.194,5.842,7.064,3.901,3.758,2.647,6.484,4.289,5.899,5.864,4.534,5.608,5.427,5.416,3.532,5.006,4.512,5.421,5.357,3.047,4.284,5.040,4.383,4.961,7.698,2.878,6.672,6.662,4.814,3.607,5.072
86,33.167,32.828,30.918,31.055,31.267,31.489,33.444,32.814,31.973,48.132,4.527,5.133,3.931,3.586,5.159,4.446,4.251,3.827,5.857,3.619,4.949,5.332,1.868,4.304,2.954,3.717,3.839,4.709,4.632,3.005,4.111,5.083,4.516,3.468,3.772,6.305,5.732,4.756,4.988,4.279,4.822,4.551,4.291,3.570,4.165,4.766,6.953,4.775,5.066,0,4.687,3.424,4.182,5.041,5.920,4.840,4.309,2.466,3.508,3.628,6.324,6.375,5.032,5.425,5.871,6.683,7.283,5.804,6.066,3.110,5.436,5.336,4.673,4.379,4.239,5.583,3.979,6.599,7.926,4.805,6.276,4.578,6.091,3.304,4.231,7.269,5.965,6.480,3.949,4.276,3.134,6.179,5.071,5.833,4.134,5.763,3.236,6.802,6.149,4.112
65,34.120,33.921,31.554,30.964,32.390,34.463,32.785,34.056,33.402,49.535,5.939,6.083,5.291,5.678,5.508,6.851,6.461,5.820,5.624,3.332,5.261,4.310,3.169,5.376,4.727,5.068,5.576,6.222,6.885,5.265,5.651,5.139,6.506,3.849,4.051,7.503,7.996,5.111,6.651,4.194,4.900,3.897,4.720,6.272,4.924,5.959,7.502,5.003,4.614,4.687,0,5.507,3.477,6.405,6.932,5.743,5.303,5.838,6.488,3.739,5.995,5.408,6.026,4.969,5.011,7.256,6.094,7.011,7.189,5.866,8.144,8.151,3.802,3.439,4.063,7.488,5.944,6.017,8.596,6.309,5.457,6.282,7.835,3.830,4.552,5.831,5.383,7.259,4.492,4.126,4.780,5.886,6.125,7.350,5.126,8.166,7.236,7.329,6.251,6.453
75,32.561,32.571,31.051,30.818,32.536,31.170,32.207,31.000,31.455,47.593,4.826,4.888,4.052,3.647,5.719,3.844,4.414,3.397,5.679,3.201,4.195,6.608,3.527,3.879,3.826,4.977,3.748,4.097,4.132,3.216,4.192,4.849,1.749,4.786,5.728,6.906,6.863,5.871,4.445,4.711,5.259,5.427,3.548,4.315,3.968,2.583,6.282,6.269,4.140,3.424,5.507,0,4.277,5.882,6.689,5.396,4.894,4.100,4.610,5.150,6.732,5.341,4.900,6.207,5.831,6.029,7.690,5.309,6.114,3.727,5.852,5.842,5.260,5.230,3.723,6.810,5.094,5.571,5.334,4.006,6.178,5.047,5.373,4.022,5.158,6.580,5.451,4.833,3.709,3.812,5.519,6.900,4.920,7.318,4.889,7.593,4.821,6.032,5.123,4.034
31,32.993,32.813,30.343,31.292,31.112,33.221,31.487,31.575,31.405,47.873,3.914,4.515,5.810,4.914,5.363,5.294,4.769,5.153,3.778,2.662,5.432,6.077,2.747,5.611,5.179,4.718,4.686,6.071,6.265,4.256,5.245,4.185,5.837,2.727,3.651,7.321,6.091,5.064,6.575,5.357,4.572,3.002,3.828,4.908,4.855,4.601,6.873,4.759,4.277,4.182,3.477,4.277,0,4.686,5.263,5.395,4.821,6.013,5.171,3.713,6.200,5.800,6.071,4.652,3.003,5.760,5.693,5.109,5.287,5.682,6.579,7.059,3.770,4.412,4.727,5.576,5.140,6.299,7.576,6.047,3.976,5.626,5.447,2.713,4.246,5.411,4.686,6.201,2.902,2.925,4.837,5.579,6.107,7.296,4.640,7.800,6.651,5.902,5.435,5.138
99,34.015,32.942,31.619,33.520,30.579,31.868,31.485,32.597,32.896,48.790,3.574,5.361,6.235,5.808,4.665,4.739,3.994,5.622,5.349,5.774,7.585,7.428,4.671,7.154,6.155,4.434,5.093,6.018,6.782,5.604,7.136,7.623,7.361,3.470,4.840,7.895,6.919,6.389,8.488,7.278,6.750,4.246,5.373,6.589,6.318,6.030,8.908,5.409,5.823,5.041,6.405,5.882,4.686,0,2.486,6.192,5.719,6.925,6.803,5.246,6.413,7.977,7.014,4.438,5.133,6.824,7.156,6.586,3.993,5.788,6.075,6.468,4.035,5.844,6.494,3.541,4.578,6.725,9.475,7.672,4.368,4.277,6.331,4.795,4.199,5.884,7.448,6.361,4.675,5.808,5.144,5.514,6.611,7.145,4.965,6.933,7.230,6.659,6.866,4.311
29,33.639,33.624,32.875,34.905,31.362,33.091,32.209,33.426,33.279,49.768,3.433,6.158,6.414,6.410,4.779,5.607,5.611,6.805,6.332,6.271,7.857,8.282,5.348,7.515,6.871,5.323,5.940,6.201,7.107,5.766,7.374,7.663,8.014,4.099,5.107,7.526,6.690,6.374,9.103,7.572,6.332,4.081,5.674,7.151,7.508,6.289,8.276,5.146,6.096,5.920,6.932,6.689,5.263,2.486,0,6.385,6.005,7.620,7.487,5.002,8.195,8.330,6.770,4.120,4.494,6.187,6.018,5.743,3.454,6.809,6.080,6.407,4.251,6.098,7.130,3.440,4.257,7.095,10.260,7.473,3.919,3.801,6.274,5.521,5.957,5.239,6.754,6.394,4.342,5.604,5.387,5.191,7.866,7.160,4.894,6.316,7.513,5.781,6.778,5.646
83,31.767,31.128,30.959,32.554,32.156,33.078,33.654,32.800,34.089,48.572,4.260,5.574,4.635,2.578,3.909,5.292,6.206,3.539,4.675,5.466,5.225,6.206,4.287,3.334,4.313,4.197,3.549,3.702,3.296,2.871,4.085,5.478,6.249,4.459,4.070,2.724,6.430,2.973,4.793,4.257,5.444,4.699,5.035,4.351,3.830,4.624,7.379,7.734,4.408,4.840,5.743,5.396,5.395,6.192,6.385,0,2.585,6.245,7.035,4.078,6.035,3.672,3.884,4.860,5.635,4.978,7.196,5.822,7.653,4.890,3.563,4.228,6.000,6.289,4.181,5.707,5.098,6.495,8.891,5.135,6.472,5.563,5.415,5.089,5.632,7.012,6.008,6.491,4.221,4.546,3.390,3.965,5.033,3.902,3.273,5.714,6.476,4.223,3.674,5.324
84,33.916,32.404,32.143,33.492,33.185,34.228,34.785,33.345,34.208,49.823,4.115,5.482,5.001,3.597,4.929,4.841,5.184,3.711,3.992,5.275,5.772,6.348,3.517,3.266,5.066,4.638,4.251,3.556,4.262,2.711,5.088,5.212,5.945,3.802,4.481,4.862,6.355,4.226,4.617,5.269,5.594,4.552,5.564,3.984,4.470,4.561,7.105,7.304,4.917,4.309,5.303,4.894,4.821,5.719,6.005,2.585,0,5.452,6.381,3.792,6.094,4.583,4.942,5.167,5.561,5.848,7.328,5.466,7.330,4.755,4.147,4.349,5.980,6.206,4.095,5.185,5.627,6.584,8.797,5.582,5.517,5.463,5.614,4.540,5.032,7.165,6.283,5.659,4.107,3.987,3.800,4.849,4.102,3.733,3.789,6.538,6.086,4.751,3.630,4.107
71,33.875,33.172,32.147,30.876,32.403,31.605,34.642,33.702,31.930,48.613,6.255,6.394,4.106,4.749,6.639,5.698,5.252,4.827,7.676,5.083,5.251,5.886,3.647,4.778,3.888,5.189,5.531,5.105,5.392,4.248,5.407,5.664,4.379,5.224,5.949,7.344,7.268,6.448,4.585,5.031,5.947,6.136,5.911,4.616,5.602,5.767,6.636,5.748,6.400,2.466,5.838,4.100,6.013,6.925,7.620,6.245,5.452,0,4.579,5.346,7.844,7.331,5.651,6.937,7.499,7.977,8.189,7.046,7.296,3.847,6.677,5.952,6.295,5.332,4.840,7.180,5.313,7.179,8.463,4.707,7.542,5.412,7.875,5.185,5.625,8.370,6.932,6.663,5.435,5.364,4.613,7.595,5.705,6.608,5.600,6.572,2.991,8.259,7.059,5.389
95,33.100,34.369,30.488,30.854,30.992,31.571,34.010,31.360,31.141,47.792,6.500,7.310,6.750,5.993,7.986,5.328,6.187,6.357,7.055,4.354,7.169,8.197,4.264,6.426,5.446,6.819,5.926,7.310,6.742,4.897,4.871,6.006,5.569,5.785,5.333,8.259,5.781,6.583,6.861,6.426,6.184,6.845,5.556,4.876,6.095,5.749,8.570,5.961,7.118,3.508,6.488,4.610,5.171,6.803,7.487,7.035,6.381,4.579,0,5.130,7.991,8.135,7.433,8.055,7.038,8.312,8.869,5.466,7.609,5.710,7.166,7.074,6.590,6.635,6.873,7.480,6.290,8.540,8.136,6.637,8.041,6.812,5.903,4.697,6.910,9.322,6.474,8.648,5.680,5.546,5.977,8.922,7.439,7.756,6.715,7.956,4.042,7.784,8.221,5.834
11,33.226,34.155,31.863,32.967,32.355,34.083,34.038,34.000,33.776,49.980,4.150,5.931,4.688,4.623,4.518,5.561,6.330,5.444,5.442,3.501,5.535,5.824,2.598,4.481,4.299,4.543,4.345,5.117,5.319,3.300,3.975,5.236,6.285,3.393,2.122,5.341,5.388,3.058,6.529,4.146,3.509,3.493,3.905,4.842,4.921,5.027,7.154,4.650,4.388,3.628,3.739,5.150,3.713,5.246,5.002,4.078,3.792,5.346,5.130,0,6.879,5.606,4.719,4.210,4.412,5.708,5.902,4.614,6.215,5.034,5.719,6.050,3.752,4.114,4.638,5.564,4.094,6.709,8.783,5.422,5.371,4.804,5.439,3.145,5.456,6.145,4.599,7.087,3.104,3.508,3.128,4.988,6.172,5.505,3.356,5.643,5.361,4.950,5.453,5.362
47,34.261,32.075,30.282,30.503,30.659,32.300,31.955,31.763,34.926,48.199,7.388,7.542,7.338,6.045,6.654,5.840,6.012,5.105,4.909,6.421,8.158,7.054,5.776,6.902,5.996,6.180,5.921,6.960,7.443,6.874,7.207,8.079,7.811,5.682,6.042,8.338,9.965,7.063,7.544,6.739,8.947,6.956,6.842,7.639,4.581,6.750,11.234,8.871,6.804,6.324,5.995,6.732,6.200,6.413,8.195,6.035,6.094,7.844,7.991,6.879,0,6.041,8.320,7.458,7.779,9.383,9.780,8.993,9.421,6.674,8.161,7.946,6.660,7.695,6.260,8.241,8.171,6.449,9.716,8.957,7.809,7.788,8.433,6.456,4.698,8.677,8.817,8.677,7.332,7.201,6.535,7.507,5.821,7.125,7.189,10.026,9.258,8.545,7.767,6.103
48,31.709,31.663,31.307,31.281,33.465,33.746,32.754,32.062,34.434,48.608,6.309,6.645,5.181,4.150,5.438,6.226,7.446,4.454,5.370,5.173,4.881,6.643,5.423,3.674,4.941,6.021,4.841,4.542,4.669,4.606,4.685,5.483,5.700,5.979,5.965,5.048,8.797,4.937,4.879,4.046,6.282,5.976,5.087,6.236,3.896,4.231,7.641,8.755,4.131,6.375,5.408,5.341,5.800,7.977,8.330,3.672,4.583,7.331,8.135,5.606,6.041,0,4.754,6.325,6.240,6.031,7.692,6.693,8.954,6.163,6.560,6.621,6.519,6.678,3.813,8.456,6.985,5.389,7.692,5.337,7.155,6.947,6.729,6.038,6.599,6.763,5.654,6.566,5.145,4.713,5.969,5.805,5.663,6.460,5.287,8.557,8.228,5.174,4.005,6.743
76,31.006,31.730,31.476,32.233,33.376,32.146,32.944,33.757,33.044,48.535,4.582,5.132,2.688,3.364,3.492,6.556,7.115,4.482,7.205,5.215,2.813,5.539,4.873,3.171,3.776,4.080,3.669,3.393,2.648,3.346,3.917,5.817,5.031,5.586,5.379,3.667,6.622,3.689,5.089,3.279,3.746,4.915,4.034,4.988,4.710,4.787,5.328,6.873,3.252,5.032,6.026,4.900,6.071,7.014,6.770,3.884,4.942,5.651,7.433,4.719,8.320,4.754,0,4.408,6.111,3.783,6.743,6.328,6.588,4.199,4.846,5.689,5.462,4.729,3.410,6.676,3.639,6.535,7.544,2.686,6.889,4.961,6.202,5.188,6.443,5.825,5.516,5.678,3.740,4.801,4.279,4.360,5.840,6.636,2.700,4.661,5.521,4.969,3.917,6.144
