Head,Tail,Difference
0,0,0
0,1,0
0,2,0
0,3,-3.55271e-15
0,4,7.10543e-15
0,5,0
0,6,-7.10543e-15
0,7,-3.55271e-15
0,8,0
0,9,0
0,10,0
0,11,0
0,12,0
0,13,0
0,14,0
0,15,0
0,16,3.55271e-15
0,17,0
0,18,0
0,19,0
0,20,0
0,21,0
0,22,0
0,23,0
0,24,3.55271e-15
0,25,0
0,26,0
0,27,0
0,28,-7.10543e-15
0,29,0
0,30,0
0,31,0
0,32,3.55271e-15
0,33,-7.10543e-15
0,34,0
0,35,-7.10543e-15
0,36,0
0,37,0
0,38,0
0,39,0
0,40,0
0,41,0
0,42,7.10543e-15
0,43,0
0,44,0
0,45,0
0,46,0
0,47,0
0,48,3.55271e-15
0,49,3.55271e-15
0,50,0
0,51,-3.55271e-15
0,52,0
0,53,-3.55271e-15
0,54,0
0,55,0
0,56,0
0,57,0
0,58,-7.10543e-15
0,59,0
0,60,7.10543e-15
0,61,0
0,62,0
0,63,0
0,64,7.10543e-15
0,65,-7.10543e-15
0,66,0
0,67,0
0,68,0
0,69,-3.55271e-15
0,70,0
0,71,0
0,72,0
0,73,-7.10543e-15
0,74,0
0,75,0
0,76,-3.55271e-15
0,77,0
0,78,3.55271e-15
0,79,0
0,80,0
0,81,0
0,82,0
0,83,0
0,84,7.10543e-15
0,85,3.55271e-15
0,86,0
0,87,0
0,88,0
0,89,0
0,90,-7.10543e-15
0,91,0
0,92,-7.10543e-15
0,93,0
0,94,-3.55271e-15
0,95,0
0,96,0
0,97,0
0,98,0
0,99,-7.10543e-15
1,0,0
1,1,0
1,2,28.3717
1,3,27.9274
1,4,29.1486
1,5,26.8838
1,6,26.3829
1,7,28.5897
1,8,28.899
1,9,24.372
1,10,29.1344
1,11,28.8161
1,12,28.294
1,13,26.993
1,14,28.2359
1,15,26.5053
1,16,27.7764
1,17,30.5255
1,18,28.5171
1,19,25.6627
1,20,27.8218
1,21,-7.10543e-15
1,22,27.5516
1,23,29.2544
1,24,27.3249
1,25,27.8036
1,26,27.7121
1,27,-7.10543e-15
1,28,26.9061
1,29,24.7187
1,30,25.5476
1,31,27.9562
1,32,29.571
1,33,26.315
1,34,28.6877
1,35,28.4802
1,36,28.2795
1,37,27.0106
1,38,26.4774
1,39,0
1,40,29.6535
1,41,27.3182
1,42,29.8721
1,43,28.4254
1,44,26.4943
1,45,25.4534
1,46,26.1801
1,47,24.4968
1,48,28.2606
1,49,29.0087
1,50,25.8647
1,51,30.153
1,52,26.0839
1,53,27.5593
1,54,28.3878
1,55,27.1771
1,56,27.055
1,57,27.4168
1,58,26.6349
1,59,26.9054
1,60,0
1,61,28.6638
1,62,30.1718
1,63,28.4996
1,64,27.9309
1,65,25.0589
1,66,26.0813
1,67,0
1,68,27.886
1,69,28.4884
1,70,27.745
1,71,26.3996
1,72,28.7008
1,73,24.3353
1,74,31.5569
1,75,26.2395
1,76,30.5354
1,77,26.9577
1,78,0
1,79,26.7616
1,80,-7.10543e-15
1,81,26.4647
1,82,27.2429
1,83,31.3656
1,84,27.5906
1,85,27.517
1,86,27.6946
1,87,26.0652
1,88,26.3134
1,89,-3.55271e-15
1,90,25.8079
1,91,30.235
1,92,27.4888
1,93,30.2485
1,94,26.4697
1,95,25.5606
1,96,24.0827
1,97,25.6056
1,98,0
1,99,26.5044
2,0,0
2,1,28.3717
2,2,0
2,3,27.1453
2,4,27.5101
2,5,27.5396
2,6,27.7052
2,7,27.704
2,8,27.3768
2,9,25.5403
2,10,27.4238
2,11,29.9776
2,12,26.0393
2,13,27.212
2,14,29.02
2,15,26.6468
2,16,27.835
2,17,25.5012
2,18,27.4507
2,19,25.241
2,20,27.3862
2,21,7.10543e-15
2,22,26.4252
2,23,27.4889
2,24,25.4346
2,25,28.1533
2,26,24.6535
2,27,3.55271e-15
2,28,27.4278
2,29,26.4551
2,30,26.577
2,31,27.0365
2,32,25.4456
2,33,28.4779
2,34,27.9657
2,35,27.1735
2,36,28.0075
2,37,25.788
2,38,26.7091
2,39,0
2,40,26.7646
2,41,29.6221
2,42,28.583
2,43,27.0471
2,44,27.9148
2,45,26.3361
2,46,25.2845
2,47,26.6567
2,48,25.156
2,49,27.923
2,50,26.83
2,51,27.6236
2,52,26.864
2,53,28.1432
2,54,28.5224
2,55,29.1613
2,56,27.5717
2,57,26.1132
2,58,26.3161
2,59,27.9312
2,60,0
2,61,28.7741
2,62,29.3357
2,63,27.5223
2,64,25.2412
2,65,25.7355
2,66,25.6923
2,67,7.10543e-15
2,68,28.0472
2,69,24.873
2,70,27.9267
2,71,29.7502
2,72,27.4
2,73,25.1739
2,74,28.8831
2,75,28.5671
2,76,28.1335
2,77,28.5766
2,78,0
2,79,24.5799
2,80,0
2,81,27.319
2,82,29.0051
2,83,28.8044
2,84,28.756
2,85,29.1378
2,86,30.0197
2,87,25.9121
2,88,27.7062
2,89,7.10543e-15
2,90,28.755
2,91,28.0707
2,92,27.9553
2,93,28.4352
2,94,28.8139
2,95,30.3242
2,96,27.3287
2,97,23.784
2,98,3.55271e-15
2,99,26.084
3,0,-3.55271e-15
3,1,27.9274
3,2,27.1453
3,3,0
3,4,27.9693
3,5,26.8754
3,6,25.9716
3,7,26.4879
3,8,29.7637
3,9,26.1809
3,10,25.2602
3,11,28.4154
3,12,26.9899
3,13,28.0842
3,14,27.8444
3,15,25.2816
3,16,27.5029
3,17,26.7386
3,18,26.357
3,19,26.6471
3,20,26.4328
3,21,-3.55271e-15
3,22,27.1554
3,23,27.1169
3,24,24.8013
3,25,27.7747
3,26,28.7266
3,27,0
3,28,25.8493
3,29,27.3855
3,30,26.145
3,31,25.8264
3,32,27.243
3,33,28.5209
3,34,26.9361
3,35,26.9033
3,36,27.8819
3,37,25.8244
3,38,27.5154
3,39,-3.55271e-15
3,40,27.8498
3,41,27.3881
3,42,26.9013
3,43,28.3231
3,44,27.7941
3,45,25.8656
3,46,25.672
3,47,22.2967
3,48,25.6406
3,49,30.273
3,50,27.3429
3,51,29.3462
3,52,24.4397
3,53,26.0402
3,54,28.8368
3,55,25.4191
3,56,25.2538
3,57,24.996
3,58,26.648
3,59,26.1471
3,60,0
3,61,26.0942
3,62,28.3306
3,63,28.377
3,64,28.4418
3,65,24.8187
3,66,26.1481
3,67,0
3,68,28.856
3,69,25.7588
3,70,28.0723
3,71,28.0715
3,72,23.5774
3,73,24.5176
3,74,27.0118
3,75,26.4164
3,76,28.4545
3,77,26.0322
3,78,0
3,79,22.9091
3,80,0
3,81,26.1007
3,82,25.8218
3,83,29.3018
3,84,28.9063
3,85,25.9222
3,86,26.7239
3,87,25.2053
3,88,26.3171
3,89,0
3,90,26.3192
3,91,27.9149
3,92,26.0831
3,93,26.9852
3,94,26.586
3,95,24.9698
3,96,25.996
3,97,22.5777
3,98,-3.55271e-15
3,99,26.4825
4,0,7.10543e-15
4,1,29.1486
4,2,27.5101
4,3,27.9693
4,4,0
4,5,31.6675
4,6,27.2415
4,7,29.1215
4,8,28.7923
4,9,27.4577
4,10,29.8998
4,11,30.8227
4,12,28.2623
4,13,31.1357
4,14,29.1822
4,15,27.8762
4,16,31.2656
4,17,26.484
4,18,28.8869
4,19,28.8975
4,20,29.815
4,21,0
4,22,27.8267
4,23,26.3788
4,24,29.269
4,25,30.1481
4,26,30.3219
4,27,0
4,28,27.5241
4,29,28.7931
4,30,31.2108
4,31,29.36
4,32,30.0911
4,33,30.7306
4,34,29.4386
4,35,29.4942
4,36,30.1459
4,37,29.3883
4,38,32.391
4,39,0
4,40,27.1631
4,41,27.6145
4,42,30.6689
4,43,26.8993
4,44,27.5377
4,45,28.8295
4,46,28.5412
4,47,26.55
4,48,29.3199
4,49,28.8801
4,50,30.9171
4,51,31.6876
4,52,27.2923
4,53,26.3663
4,54,28.9996
4,55,28.2837
4,56,27.4817
4,57,27.9191
4,58,30.9231
4,59,30.4535
4,60,0
4,61,29.9718
4,62,27.0312
4,63,28.6489
4,64,28.8707
4,65,27.7818
4,66,29.313
4,67,3.55271e-15
4,68,29.2643
4,69,28.7455
4,70,28.1453
4,71,26.8893
4,72,26.5605
4,73,27.6785
4,74,29.5787
4,75,29.6017
4,76,31.7488
4,77,30.1543
4,78,7.10543e-15
4,79,28.0098
4,80,7.10543e-15
4,81,26.5681
4,82,27.88
4,83,28.7623
4,84,29.6295
4,85,28.065
4,86,27.1371
4,87,24.9574
4,88,30.2338
4,89,0
4,90,28.5449
4,91,29.5227
4,92,29.2774
4,93,28.8285
4,94,30.1177
4,95,27.1422
4,96,28.5204
4,97,25.6939
4,98,3.55271e-15
4,99,27.5933
5,0,0
5,1,26.8838
5,2,27.5396
5,3,26.8754
5,4,31.6675
5,5,0
5,6,25.7802
5,7,28.8694
5,8,28.7604
5,9,26.545
5,10,27.9325
5,11,32.1273
5,12,30.9079
5,13,28.1318
5,14,27.8577
5,15,25.055
5,16,26.8962
5,17,26.0207
5,18,28.1647
5,19,27.8981
5,20,27.9545
5,21,-7.10543e-15
5,22,27.3473
5,23,28.4495
5,24,25.1332
5,25,29.0151
5,26,27.3394
5,27,-3.55271e-15
5,28,27.6385
5,29,29.2295
5,30,26.1138
5,31,29.6569
5,32,29.7327
5,33,29.1302
5,34,27.6457
5,35,29.3815
5,36,26.9581
5,37,27.3117
5,38,26.7139
5,39,0
5,40,27.4943
5,41,27.6829
5,42,29.63
5,43,28.7236
5,44,26.9194
5,45,27.3014
5,46,28.6194
5,47,26.8283
5,48,25.5225
5,49,26.677
5,50,30.4841
5,51,28.5574
5,52,27.2175
5,53,27.9848
5,54,27.8431
5,55,28.7107
5,56,26.3476
5,57,26.0834
5,58,27.1948
5,59,28.2165
5,60,0
5,61,28.7786
5,62,30.3247
5,63,27.013
5,64,29.8796
5,65,30.1589
5,66,26.5673
5,67,0
5,68,28.8322
5,69,27.3036
5,70,28.5458
5,71,27.0179
5,72,24.9547
5,73,26.5837
5,74,30.9563
5,75,29.1283
5,76,27.0508
5,77,27.6493
5,78,0
5,79,27.7749
5,80,0
5,81,27.85
5,82,27.3842
5,83,26.1599
5,84,27.3561
5,85,27.4525
5,86,28.4684
5,87,27.5341
5,88,30.6996
5,89,0
5,90,30.3231
5,91,29.6716
5,92,27.3926
5,93,28.4235
5,94,29.9438
5,95,28.4046
5,96,27.2985
5,97,25.0555
5,98,0
5,99,27.6933
6,0,-7.10543e-15
6,1,26.3829
6,2,27.7052
6,3,25.9716
6,4,27.2415
6,5,25.7802
6,6,0
6,7,25.2091
6,8,27.7499
6,9,24.4682
6,10,27.8643
6,11,26.7097
6,12,26.1958
6,13,27.5128
6,14,25.673
6,15,27.1355
6,16,26.8988
6,17,26.2658
6,18,22.9166
6,19,27.4244
6,20,29.7249
6,21,-7.10543e-15
6,22,25.9813
6,23,24.7181
6,24,24.5683
6,25,25.6919
6,26,24.9404
6,27,-3.55271e-15
6,28,27.333
6,29,29.0413
6,30,27.942
6,31,27.7537
6,32,26.9428
6,33,28.6325
6,34,27.5093
6,35,28.4972
6,36,25.5895
6,37,27.0086
6,38,27.209
6,39,-3.55271e-15
6,40,26.5353
6,41,25.7694
6,42,26.1591
6,43,26.4939
6,44,25.6156
6,45,26.2881
6,46,28.4808
6,47,22.5733
6,48,22.4964
6,49,24.5142
6,50,27.5795
6,51,27.7146
6,52,25.9081
6,53,24.065
6,54,25.6899
6,55,26.3004
6,56,23.0296
6,57,24.0838
6,58,25.4127
6,59,28.1152
6,60,0
6,61,28.2892
6,62,26.4463
6,63,27.3978
6,64,25.2547
6,65,27.3277
6,66,27.5282
6,67,0
6,68,24.8661
6,69,24.5481
6,70,27.234
6,71,27.0366
6,72,25.2028
6,73,26.5762
6,74,27.3328
6,75,26.9224
6,76,26.8441
6,77,26.0316
6,78,-7.10543e-15
6,79,27.3655
6,80,0
6,81,24.3305
6,82,23.079
6,83,25.9277
6,84,26.1442
6,85,25.915
6,86,26.8313
6,87,25.362
6,88,29.3275
6,89,0
6,90,27.1217
6,91,27.4658
6,92,28.0108
6,93,24.696
6,94,24.9741
6,95,25.9846
6,96,27.65
6,97,23.6694
6,98,0
6,99,27.5114
7,0,-3.55271e-15
7,1,28.5897
7,2,27.704
7,3,26.4879
7,4,29.1215
7,5,28.8694
7,6,25.2091
7,7,0
7,8,27.7381
7,9,25.9815
7,10,26.6891
7,11,26.7996
7,12,24.9734
7,13,27.6146
7,14,28.0033
7,15,24.4145
7,16,27.8873
7,17,26.6436
7,18,29.2599
7,19,24.4876
7,20,27.1233
7,21,0
7,22,27.8725
7,23,26.0846
7,24,27.2395
7,25,29.0725
7,26,27.6444
7,27,-3.55271e-15
7,28,30.0193
7,29,28.5098
7,30,27.3991
7,31,27.4887
7,32,28.9086
7,33,28.1129
7,34,28.547
7,35,28.6997
7,36,28.8177
7,37,26.9684
7,38,28.0673
7,39,0
7,40,28.458
7,41,29.7042
7,42,27.7122
7,43,26.5245
7,44,27.8207
7,45,27.955
7,46,26.4767
7,47,25.2513
7,48,27.9472
7,49,29.2411
7,50,27.3834
7,51,28.8854
7,52,28.374
7,53,27.143
7,54,26.595
7,55,31.5091
7,56,27.807
7,57,24.0682
7,58,28.6727
7,59,29.4187
7,60,0
7,61,28.4345
7,62,26.7736
7,63,29.6567
7,64,27.1264
7,65,26.2663
7,66,26.3088
7,67,0
7,68,29.0009
7,69,27.5353
7,70,25.521
7,71,27.1679
7,72,29.4107
7,73,27.4441
7,74,28.733
7,75,28.7893
7,76,28.6468
7,77,28.4757
7,78,-7.10543e-15
7,79,26.6551
7,80,0
7,81,26.0818
7,82,27.2716
7,83,27.7604
7,84,30.5644
7,85,27.0111
7,86,29.0917
7,87,28.8185
7,88,26.2146
7,89,-7.10543e-15
7,90,27.8892
7,91,28.082
7,92,27.9296
7,93,29.1665
7,94,28.8179
7,95,28.7435
7,96,24.5209
7,97,25.9357
7,98,0
7,99,25.9108
8,0,0
8,1,28.899
8,2,27.3768
8,3,29.7637
8,4,28.7923
8,5,28.7604
8,6,27.7499
8,7,27.7381
8,8,0
8,9,29.2528
8,10,30.8009
8,11,30.7138
8,12,26.516
8,13,28.1586
8,14,28.6581
8,15,27.6491
8,16,28.5929
8,17,27.9599
8,18,29.0379
8,19,25.8173
8,20,29.5153
8,21,0
8,22,26.7871
8,23,28.4446
8,24,27.4445
8,25,29.0465
8,26,28.0916
8,27,-3.55271e-15
8,28,26.1971
8,29,27.945
8,30,27.2176
8,31,27.0221
8,32,27.2179
8,33,27.5285
8,34,29.2018
8,35,27.7977
8,36,27.8198
8,37,28.1921
8,38,30.1343
8,39,-3.55271e-15
8,40,28.6588
8,41,27.71
8,42,27.4396
8,43,29.1488
8,44,29.825
8,45,28.4212
8,46,26.9936
8,47,25.5187
8,48,25.5751
8,49,26.2047
8,50,28.7108
8,51,29.4747
8,52,26.2565
8,53,28.088
8,54,29.0412
8,55,26.3008
8,56,26.9173
8,57,25.8194
8,58,26.3907
8,59,27.5017
8,60,0
8,61,29.4289
8,62,28.0546
8,63,29.338
8,64,28.0513
8,65,26.6549
8,66,27.1536
8,67,0
8,68,28.3017
8,69,25.9523
8,70,27.1175
8,71,28.8549
8,72,26.5384
8,73,26.5782
8,74,30.1019
8,75,26.0824
8,76,29.4324
8,77,27.6306
8,78,0
8,79,25.0177
8,80,0
8,81,26.5162
8,82,27.1393
8,83,28.401
8,84,29.0449
8,85,27.5577
8,86,26.9577
8,87,27.0551
8,88,28.4837
8,89,-3.55271e-15
8,90,30.7109
8,91,28.9439
8,92,26.7751
8,93,28.1403
8,94,28.1482
8,95,28.0949
8,96,25.2091
8,97,22.7019
8,98,-3.55271e-15
8,99,26.6304
9,0,0
9,1,24.372
9,2,25.5403
9,3,26.1809
9,4,27.4577
9,5,26.545
9,6,24.4682
9,7,25.9815
9,8,29.2528
9,9,0
9,10,26.8963
9,11,28.0566
9,12,27.7053
9,13,29.2856
9,14,27.6218
9,15,25.7608
9,16,25.615
9,17,27.5149
9,18,27.1863
9,19,26.989
9,20,27.8145
9,21,0
9,22,25.5806
9,23,26.4434
9,24,25.3869
9,25,27.6325
9,26,27.2964
9,27,-3.55271e-15
9,28,28.3814
9,29,29.1156
9,30,26.7298
9,31,28.9917
9,32,26.6741
9,33,27.9801
9,34,31.2738
9,35,27.5996
9,36,27.5951
9,37,25.8896
9,38,28.4352
9,39,0
9,40,26.389
9,41,27.3705
9,42,30.3022
9,43,27.2065
9,44,25.4918
9,45,27.858
9,46,27.102
9,47,26.8226
9,48,25.0062
9,49,25.661
9,50,28.1625
9,51,27.3586
9,52,28.3154
9,53,24.6257
9,54,29.6463
9,55,25.5495
9,56,26.8208
9,57,25.2029
9,58,27.508
9,59,29.6498
9,60,0
9,61,27.1041
9,62,27.8272
9,63,29.5313
9,64,28.3853
9,65,27.0387
9,66,24.8756
9,67,0
9,68,28.3609
9,69,24.9879
9,70,28.9629
9,71,26.8808
9,72,26.4913
9,73,26.9353
9,74,29.1659
9,75,27.9828
9,76,26.2533
9,77,26.6628
9,78,0
9,79,28.7619
9,80,3.55271e-15
9,81,27.1181
9,82,28.0819
9,83,27.3474
9,84,26.3474
9,85,26.4821
9,86,27.6027
9,87,25.9586
9,88,29.7141
9,89,-3.55271e-15
9,90,28.1202
9,91,27.691
9,92,28.8023
9,93,26.3189
9,94,29.3929
9,95,25.2568
9,96,24.4006
9,97,23.4438
9,98,0
9,99,27.3153
10,0,0
10,1,29.1344
10,2,27.4238
10,3,25.2602
10,4,29.8998
10,5,27.9325
10,6,27.8643
10,7,26.6891
10,8,30.8009
10,9,26.8963
10,10,0
10,11,31.7545
10,12,27.0012
10,13,27.8234
10,14,28.838
10,15,24.691
10,16,27.9198
10,17,24.5887
10,18,27.4403
10,19,27.0756
10,20,30.0946
10,21,0
10,22,28.9877
10,23,27.5433
10,24,25.9757
10,25,29.2341
10,26,29.3444
10,27,-3.55271e-15
10,28,26.8664
10,29,27.1862
10,30,27.8243
10,31,29.2162
10,32,27.1509
10,33,29.0178
10,34,28.4367
10,35,30.7444
10,36,27.698
10,37,26.4431
10,38,28.5628
10,39,-3.55271e-15
10,40,26.7875
10,41,30.4271
10,42,28.4313
10,43,26.2706
10,44,28.8913
10,45,27.3853
10,46,26.597
10,47,26.2463
10,48,25.6405
10,49,28.2189
10,50,30.4493
10,51,27.9668
10,52,28.1905
10,53,26.7241
10,54,27.294
10,55,30.2849
10,56,26.8382
10,57,26.7457
10,58,26.5844
10,59,27.7778
10,60,0
10,61,26.8014
10,62,28.2817
10,63,28.9335
10,64,28.0209
10,65,28.9029
10,66,26.8379
10,67,0
10,68,27.4178
10,69,27.854
10,70,26.0717
10,71,27.8402
10,72,25.1459
10,73,28.6854
10,74,29.3522
10,75,28.483
10,76,25.9422
10,77,26.9848
10,78,0
10,79,25.3034
10,80,0
10,81,25.7284
10,82,28.0198
10,83,25.9783
10,84,28.0292
10,85,26.5536
10,86,30.6453
10,87,26.4064
10,88,29.5085
10,89,0
10,90,28.2803
10,91,27.81
10,92,27.3468
10,93,25.6462
10,94,28.2258
10,95,28.5678
10,96,25.5146
10,97,26.4927
10,98,0
10,99,25.6791
11,0,0
11,1,28.8161
11,2,29.9776
11,3,28.4154
11,4,30.8227
11,5,32.1273
11,6,26.7097
11,7,26.7996
11,8,30.7138
11,9,28.0566
11,10,31.7545
11,11,0
11,12,27.0067
11,13,28.4423
11,14,28.3433
11,15,27.0568
11,16,28.9154
11,17,28.8587
11,18,28.1349
11,19,25.8952
11,20,27.4374
11,21,0
11,22,30.2606
11,23,27.9691
11,24,26.9859
11,25,28.5497
11,26,27.9547
11,27,-7.10543e-15
11,28,27.8991
11,29,27.6907
11,30,29.8818
11,31,29.9028
11,32,29.3346
11,33,29.9891
11,34,30.8194
11,35,29.1111
11,36,27.0627
11,37,27.5262
11,38,32.0434
11,39,-7.10543e-15
11,40,27.7706
11,41,27.8594
11,42,27.9963
11,43,28.1032
11,44,28.6989
11,45,27.2634
11,46,26.6593
11,47,23.8263
11,48,26.7498
11,49,29.3382
11,50,28.9467
11,51,27.1012
11,52,27.7433
11,53,24.883
11,54,29.3114
11,55,29.241
11,56,26.382
11,57,26.5927
11,58,27.3126
11,59,28.4549
11,60,0
11,61,30.7435
11,62,29.3036
11,63,28.3042
11,64,27.7151
11,65,31.3829
11,66,28.2303
11,67,0
11,68,26.4723
11,69,27.8514
11,70,28.2854
11,71,25.9566
11,72,27.2627
11,73,27.5789
11,74,29.9851
11,75,25.7481
11,76,26.9619
11,77,28.5101
11,78,-7.10543e-15
11,79,25.8586
11,80,0
11,81,27.0964
11,82,26.9586
11,83,28.9169
11,84,28.7069
11,85,28.3899
11,86,28.4501
11,87,27.099
11,88,29.495
11,89,0
11,90,31.9686
11,91,31.4098
11,92,26.6127
11,93,30.7583
11,94,28.1471
11,95,24.6448
11,96,27.3541
11,97,25.0353
11,98,-3.55271e-15
11,99,27.8394
12,0,0
12,1,28.294
12,2,26.0393
12,3,26.9899
12,4,28.2623
12,5,30.9079
12,6,26.1958
12,7,24.9734
12,8,26.516
12,9,27.7053
12,10,27.0012
12,11,27.0067
12,12,0
12,13,27.7485
12,14,26.525
12,15,24.0917
12,16,29.0021
12,17,26.8349
12,18,30.4288
12,19,24.0172
12,20,26.922
12,21,0
12,22,28.674
12,23,28.4616
12,24,27.7179
12,25,27.7526
12,26,28.8763
12,27,-3.55271e-15
12,28,26.7397
12,29,25.9774
12,30,26.2621
12,31,29.4554
12,32,27.6759
12,33,27.3189
12,34,28.9103
12,35,28.2531
12,36,26.7995
12,37,24.8488
12,38,27.6958
12,39,7.10543e-15
12,40,27.7151
12,41,28.2595
12,42,27.2133
12,43,25.9853
12,44,29.5176
12,45,25.9397
12,46,25.1654
12,47,25.6074
12,48,26.4591
12,49,29.7194
12,50,26.571
12,51,26.2899
12,52,28.1346
12,53,27.3945
12,54,27.1538
12,55,29.0579
12,56,28.1952
12,57,25.648
12,58,25.1382
12,59,27.8392
12,60,0
12,61,26.6907
12,62,27.8667
12,63,30.1619
12,64,26.8618
12,65,27.3805
12,66,25.7804
12,67,0
12,68,29.991
12,69,25.7943
12,70,27.8397
12,71,27.5589
12,72,25.8811
12,73,26.0351
12,74,29.4642
12,75,28.6529
12,76,29.0542
12,77,26.859
12,78,0
12,79,26.3828
12,80,7.10543e-15
12,81,24.8463
12,82,30.0363
12,83,27.6711
12,84,29.626
12,85,27.4371
12,86,28.7369
12,87,26.101
12,88,26.0771
12,89,0
12,90,28.8214
12,91,27.6105
12,92,28.2677
12,93,30.0265
12,94,30.1975
12,95,27.315
12,96,24.9317
12,97,26.6269
12,98,0
12,99,27.6592
13,0,0
13,1,26.993
13,2,27.212
13,3,28.0842
13,4,31.1357
13,5,28.1318
13,6,27.5128
13,7,27.6146
13,8,28.1586
13,9,29.2856
13,10,27.8234
13,11,28.4423
13,12,27.7485
13,13,0
13,14,26.6099
13,15,26.8156
13,16,28.579
13,17,25.9305
13,18,29.5137
13,19,26.2363
13,20,27.2179
13,21,0
13,22,27.1276
13,23,26.8145
13,24,28.0782
13,25,27.5481
13,26,27.3887
13,27,-3.55271e-15
13,28,26.0802
13,29,26.8981
13,30,25.4844
13,31,27.3117
13,32,27.657
13,33,28.4099
13,34,28.2822
13,35,26.3737
13,36,27.3789
13,37,25.1691
13,38,29.149
13,39,3.55271e-15
13,40,27.5646
13,41,27.9962
13,42,26.1263
13,43,30.3802
13,44,29.5507
13,45,25.4796
13,46,26.8531
13,47,26.0624
13,48,26.3091
13,49,28.7278
13,50,28.8852
13,51,29.0108
13,52,27.0015
13,53,27.6007
13,54,25.7749
13,55,28.9072
13,56,25.7398
13,57,25.961
13,58,25.1551
13,59,29.8883
13,60,0
13,61,28.8209
13,62,29.5009
13,63,30.9662
13,64,28.8221
13,65,27.383
13,66,28.0689
13,67,7.10543e-15
13,68,28.0247
13,69,26.4401
13,70,30.1345
13,71,25.4879
13,72,25.5398
13,73,26.4661
13,74,29.1595
13,75,25.6506
13,76,27.3684
13,77,27.3581
13,78,7.10543e-15
13,79,25.4519
13,80,-3.55271e-15
13,81,28.9631
13,82,29.2206
13,83,27.7868
13,84,27.9533
13,85,25.4473
13,86,29.1852
13,87,26.4949
13,88,30.0499
13,89,3.55271e-15
13,90,28.2227
13,91,28.3546
13,92,27.5243
13,93,28.5616
13,94,26.9935
13,95,25.7738
13,96,26.8105
13,97,24.8009
13,98,0
13,99,27.8455
14,0,0
14,1,28.2359
14,2,29.02
14,3,27.8444
14,4,29.1822
14,5,27.8577
14,6,25.673
14,7,28.0033
14,8,28.6581
14,9,27.6218
14,10,28.838
14,11,28.3433
14,12,26.525
14,13,26.6099
14,14,0
14,15,25.4321
14,16,25.4933
14,17,27.8362
14,18,27.1097
14,19,26.3083
14,20,26.4597
14,21,3.55271e-15
14,22,28.0892
14,23,29.7367
14,24,28.2129
14,25,28.5399
14,26,28.0286
14,27,-3.55271e-15
14,28,27.7035
14,29,26.954
14,30,26.9324
14,31,26.4113
14,32,28.1411
14,33,26.3539
14,34,29.3516
14,35,29.9833
14,36,26.7063
14,37,26.1965
14,38,26.4028
14,39,0
14,40,27.1634
14,41,26.8184
14,42,29.4937
14,43,25.7994
14,44,29.0139
14,45,27.3133
14,46,27.0018
14,47,24.3196
14,48,24.954
14,49,27.7356
14,50,25.1767
14,51,27.6302
14,52,28.7082
14,53,26.6337
14,54,26.7646
14,55,25.4266
14,56,26.0293
14,57,25.2934
14,58,26.1345
14,59,29.8197
14,60,0
14,61,29.2582
14,62,28.0821
14,63,26.561
14,64,27.1226
14,65,26.9987
14,66,24.2114
14,67,0
14,68,28.5413
14,69,28.2982
14,70,27.3729
14,71,27.6087
14,72,26.119
14,73,26.6904
14,74,28.7091
14,75,27.6457
14,76,28.3297
14,77,23.7183
14,78,0
14,79,24.2977
14,80,0
14,81,28.2513
14,82,27.9853
14,83,26.85
14,84,28.0119
14,85,26.9915
14,86,28.4815
14,87,26.1685
14,88,27.3512
14,89,0
14,90,27.4995
14,91,26.9826
14,92,25.9846
14,93,28.9441
14,94,27.9389
14,95,26.3864
14,96,28.9989
14,97,25.4255
14,98,0
14,99,25.1994
15,0,0
15,1,26.5053
15,2,26.6468
15,3,25.2816
15,4,27.8762
15,5,25.055
15,6,27.1355
15,7,24.4145
15,8,27.6491
15,9,25.7608
15,10,24.691
15,11,27.0568
15,12,24.0917
15,13,26.8156
15,14,25.4321
15,15,0
15,16,27.5708
15,17,26.2021
15,18,25.5506
15,19,25.64
15,20,27.4167
15,21,7.10543e-15
15,22,26.2533
15,23,22.931
15,24,23.1398
15,25,26.3937
15,26,27.8623
15,27,0
15,28,23.2622
15,29,27.5956
15,30,29.1427
15,31,26.8076
15,32,25.2196
15,33,28.5832
15,34,26.225
15,35,28.43
15,36,26.369
15,37,27.9378
15,38,28.8502
15,39,0
15,40,26.8462
15,41,26.4942
15,42,25.9519
15,43,26.2082
15,44,26.4167
15,45,26.3997
15,46,26.9276
15,47,22.0056
15,48,23.8791
15,49,25.8979
15,50,28.0902
15,51,28.6897
15,52,25.5864
15,53,24.4367
15,54,25.4991
15,55,25.8358
15,56,23.4192
15,57,27.348
15,58,24.589
15,59,24.7635
15,60,0
15,61,25.8458
15,62,22.5755
15,63,26.2488
15,64,27.456
15,65,28.5521
15,66,27.4175
15,67,3.55271e-15
15,68,25.4643
15,69,24.5548
15,70,24.244
15,71,24.8693
15,72,24.3521
15,73,24.0745
15,74,27.369
15,75,25.0611
15,76,25.1542
15,77,24.7444
15,78,0
15,79,26.3782
15,80,-3.55271e-15
15,81,24.365
15,82,25.0948
15,83,24.9616
15,84,26.6151
15,85,25.3364
15,86,24.7157
15,87,25.1866
15,88,26.7139
15,89,0
15,90,25.3324
15,91,25.1957
15,92,23.5837
15,93,24.0187
15,94,25.7219
15,95,23.9745
15,96,24.5353
15,97,23.4989
15,98,0
15,99,24.6502
16,0,3.55271e-15
16,1,27.7764
16,2,27.835
16,3,27.5029
16,4,31.2656
16,5,26.8962
16,6,26.8988
16,7,27.8873
16,8,28.5929
16,9,25.615
16,10,27.9198
16,11,28.9154
16,12,29.0021
16,13,28.579
16,14,25.4933
16,15,27.5708
16,16,0
16,17,26.0576
16,18,28.4999
16,19,26.4675
16,20,27.3266
16,21,0
16,22,29.7726
16,23,27.615
16,24,26.298
16,25,27.9198
16,26,26.0342
16,27,0
16,28,26.9539
16,29,25.5487
16,30,26.4811
16,31,29.0527
16,32,27.2939
16,33,28.4842
16,34,26.8561
16,35,28.2798
16,36,25.7133
16,37,28.0489
16,38,26.7966
16,39,0
16,40,27.6375
16,41,30.991
16,42,28.7206
16,43,26.3725
16,44,28.862
16,45,26.3651
16,46,24.5325
16,47,25.1909
16,48,27.2854
16,49,27.176
16,50,28.4389
16,51,27.1839
16,52,24.557
16,53,27.6062
16,54,24.2
16,55,28.9794
16,56,25.2971
16,57,26.8289
16,58,28.4801
16,59,27.9441
16,60,0
16,61,26.2379
16,62,27.6121
16,63,27.8821
16,64,29.0633
16,65,29.0817
16,66,26.2373
16,67,7.10543e-15
16,68,29.4141
16,69,27.9341
16,70,27.4455
16,71,28.863
16,72,25.4537
16,73,25.68
16,74,29.5568
16,75,28.6906
16,76,27.9749
16,77,27.2299
16,78,0
16,79,27.736
16,80,0
16,81,25.6806
16,82,28.4542
16,83,27.531
16,84,28.2942
16,85,29.4326
16,86,27.9813
16,87,26.534
16,88,27.1401
16,89,0
16,90,28.2155
16,91,28.3248
16,92,28.3058
16,93,28.516
16,94,27.1178
16,95,25.848
16,96,23.9221
16,97,24.7583
16,98,-3.55271e-15
16,99,26.3285
17,0,0
17,1,30.5255
17,2,25.5012
17,3,26.7386
17,4,26.484
17,5,26.0207
17,6,26.2658
17,7,26.6436
17,8,27.9599
17,9,27.5149
17,10,24.5887
17,11,28.8587
17,12,26.8349
17,13,25.9305
17,14,27.8362
17,15,26.2021
17,16,26.0576
17,17,0
17,18,25.0812
17,19,23.0993
17,20,29.9147
17,21,0
17,22,25.2644
17,23,27.8401
17,24,28.5808
17,25,27.2662
17,26,26.7157
17,27,-7.10543e-15
17,28,25.2286
17,29,26.1994
17,30,26.722
17,31,24.1601
17,32,27.2402
17,33,25.0776
17,34,26.8459
17,35,27.0313
17,36,28.4383
17,37,25.9216
17,38,27.131
17,39,-3.55271e-15
17,40,26.0729
17,41,27.8162
17,42,28.8207
17,43,25.764
17,44,27.1795
17,45,26.3584
17,46,25.3533
17,47,25.5999
17,48,26.3899
17,49,27.4341
17,50,26.9954
17,51,25.6078
17,52,27.8659
17,53,30.9942
17,54,25.3329
17,55,27.7421
17,56,28.9206
17,57,24.5981
17,58,25.2179
17,59,27.5451
17,60,0
17,61,25.0058
17,62,26.7149
17,63,27.9868
17,64,28.27
17,65,27.3238
17,66,24.3417
17,67,7.10543e-15
17,68,27.4647
17,69,26.5347
17,70,25.8706
17,71,26.4984
17,72,27.3104
17,73,26.6455
17,74,26.7296
17,75,25.7006
17,76,26.4811
17,77,26.4441
17,78,-7.10543e-15
17,79,24.4177
17,80,0
17,81,24.0469
17,82,25.6831
17,83,27.5093
17,84,30.4498
17,85,27.7114
17,86,27.1479
17,87,26.7217
17,88,28.1037
17,89,-3.55271e-15
17,90,26.9772
17,91,28.935
17,92,24.6404
17,93,27.3243
17,94,24.9203
17,95,26.4677
17,96,27.0019
17,97,23.1118
17,98,-7.10543e-15
17,99,23.7141
18,0,0
18,1,28.5171
18,2,27.4507
18,3,26.357
18,4,28.8869
18,5,28.1647
18,6,22.9166
18,7,29.2599
18,8,29.0379
18,9,27.1863
18,10,27.4403
18,11,28.1349
18,12,30.4288
18,13,29.5137
18,14,27.1097
18,15,25.5506
18,16,28.4999
18,17,25.0812
18,18,0
18,19,26.5405
18,20,26.5702
18,21,0
18,22,29.0311
18,23,27.2205
18,24,26.6104
18,25,29.1132
18,26,27.418
18,27,0
18,28,28.5746
18,29,26.6029
18,30,28.1872
18,31,27.6081
18,32,28.0365
18,33,30.966
18,34,26.3756
18,35,29.8233
18,36,28.0182
18,37,25.7762
18,38,29.3247
18,39,0
18,40,26.9139
18,41,28.0842
18,42,29.5636
18,43,27.3546
18,44,28.7438
18,45,26.9851
18,46,26.3056
18,47,25.6143
18,48,26.7974
18,49,27.3179
18,50,29.3083
18,51,27.3985
18,52,25.0491
18,53,24.4898
18,54,26.5987
18,55,27.0675
18,56,24.8113
18,57,26.4711
18,58,28.2911
18,59,28.3752
18,60,0
18,61,29.3427
18,62,27.8021
18,63,28.917
18,64,28.3556
18,65,28.9534
18,66,27.8437
18,67,0
18,68,30.4431
18,69,25.7466
18,70,27.8554
18,71,25.8878
18,72,25.3827
18,73,26.0277
18,74,30.5396
18,75,28.7864
18,76,29.7978
18,77,29.4388
18,78,0
18,79,26.9088
18,80,0
18,81,27.6177
18,82,28.2486
18,83,29.5504
18,84,27.6686
18,85,28.5319
18,86,25.0904
18,87,26.2957
18,88,31.4443
18,89,0
18,90,27.2155
18,91,30.0737
18,92,28.9798
18,93,29.2818
18,94,28.9644
18,95,25.8335
18,96,27.0016
18,97,27.36
18,98,0
18,99,27.1801
19,0,0
19,1,25.6627
19,2,25.241
19,3,26.6471
19,4,28.8975
19,5,27.8981
19,6,27.4244
19,7,24.4876
19,8,25.8173
19,9,26.989
19,10,27.0756
19,11,25.8952
19,12,24.0172
19,13,26.2363
19,14,26.3083
19,15,25.64
19,16,26.4675
19,17,23.0993
19,18,26.5405
19,19,0
19,20,27.9405
19,21,0
19,22,23.4223
19,23,24.768
19,24,26.1036
19,25,26.2927
19,26,27.5052
19,27,0
19,28,25.1829
19,29,28.501
19,30,27.5676
19,31,27.4644
19,32,26.1541
19,33,27.2077
19,34,26.5736
19,35,28.3566
19,36,26.9265
19,37,26.1861
19,38,28.409
19,39,-3.55271e-15
19,40,24.9394
19,41,27.2329
19,42,27.0736
19,43,24.7306
19,44,24.1946
19,45,24.6973
19,46,27.1841
19,47,21.0605
19,48,22.2296
19,49,26.1039
19,50,27.2107
19,51,27.831
19,52,26.1131
19,53,25.8649
19,54,28.0732
19,55,26.1183
19,56,23.5818
19,57,26.6415
19,58,26.0115
19,59,29.376
19,60,0
19,61,26.9211
19,62,24.0926
19,63,25.3675
19,64,27.7705
19,65,26.1112
19,66,26.7269
19,67,3.55271e-15
19,68,26.9492
19,69,23.6115
19,70,26.4455
19,71,24.1432
19,72,24.3921
19,73,27.4898
19,74,29.3802
19,75,25.4702
19,76,25.8128
19,77,27.702
19,78,0
19,79,24.5658
19,80,0
19,81,24.6554
19,82,25.3021
19,83,25.9056
19,84,25.2072
19,85,25.5888
19,86,25.5308
19,87,27.5263
19,88,29.0779
19,89,0
19,90,26.6603
19,91,26.4638
19,92,24.2669
19,93,26.3739
19,94,24.035
19,95,25.4442
19,96,26.8818
19,97,24.3375
19,98,0
19,99,28.4749
20,0,0
20,1,27.8218
20,2,27.3862
20,3,26.4328
20,4,29.815
20,5,27.9545
20,6,29.7249
20,7,27.1233
20,8,29.5153
20,9,27.8145
20,10,30.0946
20,11,27.4374
20,12,26.922
20,13,27.2179
20,14,26.4597
20,15,27.4167
20,16,27.3266
20,17,29.9147
20,18,26.5702
20,19,27.9405
20,20,0
20,21,0
20,22,27.0616
20,23,26.5137
20,24,24.1815
20,25,27.7796
20,26,28.8599
20,27,0
20,28,27.6835
20,29,27.7668
20,30,28.5187
20,31,26.7547
20,32,28.1604
20,33,29.654
20,34,29.1273
20,35,29.3518
20,36,25.6225
20,37,28.2593
20,38,30.7451
20,39,0
20,40,27.9446
20,41,30.0669
20,42,29.0435
20,43,29.8007
20,44,27.7345
20,45,25.9143
20,46,25.4875
20,47,26.5565
20,48,26.1174
20,49,27.6766
20,50,29.3289
20,51,29.7143
20,52,25.2664
20,53,28.4894
20,54,28.5057
20,55,27.7302
20,56,24.6228
20,57,26.4624
20,58,26.3331
20,59,27.833
20,60,0
20,61,26.8759
20,62,28.5233
20,63,29.2496
20,64,27.0677
20,65,28.1247
20,66,26.7154
20,67,7.10543e-15
20,68,27.93
20,69,26.4517
20,70,27.603
20,71,26.4751
20,72,29.0069
20,73,27.3827
20,74,27.9003
20,75,28.8308
20,76,28.8742
20,77,29.4369
20,78,0
20,79,27.2875
20,80,0
20,81,28.0635
20,82,26.0033
20,83,28.9923
20,84,28.372
20,85,27.6378
20,86,28.7042
20,87,27.8527
20,88,29.5846
20,89,0
20,90,27.7567
20,91,26.5508
20,92,25.5545
20,93,27.4074
20,94,27.9767
20,95,25.1513
20,96,25.5411
20,97,24.1773
20,98,0
20,99,27.33
21,0,0
21,1,-7.10543e-15
21,2,7.10543e-15
21,3,-3.55271e-15
21,4,0
21,5,-7.10543e-15
21,6,-7.10543e-15
21,7,0
21,8,0
21,9,0
21,10,0
21,11,0
21,12,0
21,13,0
21,14,3.55271e-15
21,15,7.10543e-15
21,16,0
21,17,0
21,18,0
21,19,0
21,20,0
21,21,0
21,22,-3.55271e-15
21,23,0
21,24,7.10543e-15
21,25,0
21,26,0
21,27,-7.10543e-15
21,28,-3.55271e-15
21,29,0
21,30,0
21,31,-7.10543e-15
21,32,0
21,33,-7.10543e-15
21,34,0
21,35,-7.10543e-15
21,36,0
21,37,0
21,38,0
21,39,0
21,40,-3.55271e-15
21,41,-3.55271e-15
21,42,0
21,43,0
21,44,0
21,45,0
21,46,0
21,47,7.10543e-15
21,48,0
21,49,3.55271e-15
21,50,0
21,51,-3.55271e-15
21,52,0
21,53,0
21,54,0
21,55,0
21,56,0
21,57,0
21,58,-7.10543e-15
21,59,0
21,60,0
21,61,0
21,62,0
21,63,0
21,64,0
21,65,-7.10543e-15
21,66,0
21,67,0
21,68,0
21,69,0
21,70,0
21,71,-3.55271e-15
21,72,0
21,73,-3.55271e-15
21,74,0
21,75,-3.55271e-15
21,76,0
21,77,-3.55271e-15
21,78,-7.10543e-15
21,79,0
21,80,3.55271e-15
21,81,7.10543e-15
21,82,0
21,83,7.10543e-15
21,84,7.10543e-15
21,85,3.55271e-15
21,86,3.55271e-15
21,87,0
21,88,0
21,89,-7.10543e-15
21,90,-7.10543e-15
21,91,0
21,92,-3.55271e-15
21,93,0
21,94,0
21,95,-3.55271e-15
21,96,0
21,97,0
21,98,-3.55271e-15
21,99,-3.55271e-15
22,0,0
22,1,27.5516
22,2,26.4252
22,3,27.1554
22,4,27.8267
22,5,27.3473
22,6,25.9813
22,7,27.8725
22,8,26.7871
22,9,25.5806
22,10,28.9877
22,11,30.2606
22,12,28.674
22,13,27.1276
22,14,28.0892
22,15,26.2533
22,16,29.7726
22,17,25.2644
22,18,29.0311
22,19,23.4223
22,20,27.0616
22,21,-3.55271e-15
22,22,0
22,23,27.0178
22,24,26.3012
22,25,27.5764
22,26,27.5081
22,27,-3.55271e-15
22,28,27.3338
22,29,26.4385
22,30,25.84
22,31,27.762
22,32,28.4747
22,33,26.7027
22,34,26.0257
22,35,31.1319
22,36,27.4886
22,37,28.0703
22,38,26.4545
22,39,0
22,40,27.4249
22,41,28.3819
22,42,28.8856
22,43,27.1965
22,44,29.0253
22,45,24.5528
22,46,27.0046
22,47,25.0778
22,48,29.2527
22,49,27.1336
22,50,25.9391
22,51,28.1716
22,52,27.4321
22,53,26.9536
22,54,23.5902
22,55,28.5863
22,56,26.5103
22,57,25.841
22,58,26.6265
22,59,27.6399
22,60,0
22,61,29.1948
22,62,27.7143
22,63,26.8879
22,64,27.3733
22,65,24.5298
22,66,24.1721
22,67,0
22,68,27.7785
22,69,25.9261
22,70,27.8602
22,71,26.3402
22,72,28.9905
22,73,26.0171
22,74,27.6279
22,75,27.9005
22,76,29.4187
22,77,29.2932
22,78,-3.55271e-15
22,79,28.1186
22,80,-7.10543e-15
22,81,26.8507
22,82,26.7009
22,83,29.1205
22,84,28.667
22,85,29.2929
22,86,28.2201
22,87,26.4303
22,88,29.6253
22,89,0
22,90,27.3948
22,91,28.352
22,92,28.8771
22,93,28.4736
22,94,28.2004
22,95,28.5733
22,96,24.3885
22,97,25.8811
22,98,0
22,99,25.2088
23,0,0
23,1,29.2544
23,2,27.4889
23,3,27.1169
23,4,26.3788
23,5,28.4495
23,6,24.7181
23,7,26.0846
23,8,28.4446
23,9,26.4434
23,10,27.5433
23,11,27.9691
23,12,28.4616
23,13,26.8145
23,14,29.7367
23,15,22.931
23,16,27.615
23,17,27.8401
23,18,27.2205
23,19,24.768
23,20,26.5137
23,21,0
23,22,27.0178
23,23,0
23,24,27.4859
23,25,29.5233
23,26,28.3837
23,27,0
23,28,26.9446
23,29,26.5476
23,30,25.1495
23,31,24.5821
23,32,30.6813
23,33,25.5164
23,34,26.7757
23,35,27.9249
23,36,29.4323
23,37,24.6064
23,38,29.5303
23,39,3.55271e-15
23,40,27.196
23,41,27.0655
23,42,29.9405
23,43,27.3421
23,44,26.5174
23,45,27.121
23,46,25.0213
23,47,24.9457
23,48,27.2333
23,49,29.0491
23,50,27.434
23,51,28.2686
23,52,26.8754
23,53,27.4342
23,54,29.5072
23,55,26.8801
23,56,28.0407
23,57,23.9559
23,58,28.8081
23,59,29.0387
23,60,0
23,61,28.1563
23,62,26.2811
23,63,29.4638
23,64,27.3119
23,65,26.0683
23,66,24.6404
23,67,7.10543e-15
23,68,28.25
23,69,26.0523
23,70,27.318
23,71,26.2896
23,72,25.7881
23,73,27.1655
23,74,29.947
23,75,27.3339
23,76,29.7138
23,77,26.6136
23,78,0
23,79,25.4452
23,80,-7.10543e-15
23,81,26.4052
23,82,26.966
23,83,30.329
23,84,28.2477
23,85,26.1327
23,86,28.342
23,87,25.6435
23,88,28.6614
23,89,0
23,90,27.2474
23,91,27.7753
23,92,25.11
23,93,25.4767
23,94,27.5868
23,95,24.6875
23,96,26.5761
23,97,23.8446
23,98,3.55271e-15
23,99,27.2241
24,0,3.55271e-15
24,1,27.3249
24,2,25.4346
24,3,24.8013
24,4,29.269
24,5,25.1332
24,6,24.5683
24,7,27.2395
24,8,27.4445
24,9,25.3869
24,10,25.9757
24,11,26.9859
24,12,27.7179
24,13,28.0782
24,14,28.2129
24,15,23.1398
24,16,26.298
24,17,28.5808
24,18,26.6104
24,19,26.1036
24,20,24.1815
24,21,7.10543e-15
24,22,26.3012
24,23,27.4859
24,24,0
24,25,27.2624
24,26,28.7067
24,27,0
24,28,25.6729
24,29,26.9796
24,30,27.0505
24,31,26.9065
24,32,29.3562
24,33,24.9883
24,34,26.619
24,35,28.2673
24,36,26.4055
24,37,27.2219
24,38,27.8019
24,39,0
24,40,26.2927
24,41,26.1887
24,42,27.5054
24,43,27.0322
24,44,25.8083
24,45,25.4756
24,46,26.0528
24,47,23.0464
24,48,25.5662
24,49,27.3663
24,50,25.6342
24,51,27.0329
24,52,26.4644
24,53,25.0635
24,54,26.1973
24,55,27.5294
24,56,23.5525
24,57,24.8494
24,58,28.6498
24,59,29.234
24,60,0
24,61,28.0939
24,62,27.3948
24,63,26.7877
24,64,28.3525
24,65,25.0051
24,66,24.8231
24,67,7.10543e-15
24,68,26.2739
24,69,28.2454
24,70,25.3
24,71,25.6409
24,72,23.853
24,73,26.2635
24,74,29.2638
24,75,28.7001
24,76,26.2461
24,77,26.7636
24,78,3.55271e-15
24,79,25.6784
24,80,0
24,81,27.4881
24,82,25.5746
24,83,28.7459
24,84,28.4498
24,85,24.9185
24,86,25.1065
24,87,27.2379
24,88,25.4264
24,89,0
24,90,27.0021
24,91,26.6873
24,92,23.8189
24,93,27.0619
24,94,29.8711
24,95,27.7623
24,96,26.6552
24,97,24.5837
24,98,0
24,99,27.1492
25,0,0
25,1,27.8036
25,2,28.1533
25,3,27.7747
25,4,30.1481
25,5,29.0151
25,6,25.6919
25,7,29.0725
25,8,29.0465
25,9,27.6325
25,10,29.2341
25,11,28.5497
25,12,27.7526
25,13,27.5481
25,14,28.5399
25,15,26.3937
25,16,27.9198
25,17,27.2662
25,18,29.1132
25,19,26.2927
25,20,27.7796
25,21,0
25,22,27.5764
25,23,29.5233
25,24,27.2624
25,25,0
25,26,28.4179
25,27,0
25,28,28.4791
25,29,27.352
25,30,26.6044
25,31,27.3926
25,32,29.31
25,33,28.0591
25,34,28.3449
25,35,31.3444
25,36,27.6531
25,37,28.6277
25,38,28.5824
25,39,0
25,40,28.6139
25,41,28.3912
25,42,30.559
25,43,29.0308
25,44,29.4526
25,45,27.7081
25,46,26.8357
25,47,25.5774
25,48,26.0916
25,49,28.0188
25,50,26.7191
25,51,27.8116
25,52,26.8865
25,53,28.5055
25,54,27.6193
25,55,30.0833
25,56,29.306
25,57,26.0833
25,58,26.2244
25,59,28.3689
25,60,0
25,61,29.2816
25,62,27.9645
25,63,29.2938
25,64,28.5756
25,65,27.4551
25,66,25.0349
25,67,0
25,68,27.8837
25,69,27.7666
25,70,27.9568
25,71,28.409
25,72,27.9319
25,73,28.1167
25,74,29.9199
25,75,29.0137
25,76,28.612
25,77,27.6774
25,78,0
25,79,25.7835
25,80,0
25,81,27.0632
25,82,29.8001
25,83,29.8211
25,84,30.6052
25,85,27.9267
25,86,28.7739
25,87,27.0677
25,88,29.176
25,89,0
25,90,28.6372
25,91,28.5419
25,92,27.7442
25,93,31.4376
25,94,30.4419
25,95,27.6184
25,96,27.2949
25,97,24.7714
25,98,0
25,99,27.5615
26,0,0
26,1,27.7121
26,2,24.6535
26,3,28.7266
26,4,30.3219
26,5,27.3394
26,6,24.9404
26,7,27.6444
26,8,28.0916
26,9,27.2964
26,10,29.3444
26,11,27.9547
26,12,28.8763
26,13,27.3887
26,14,28.0286
26,15,27.8623
26,16,26.0342
26,17,26.7157
26,18,27.418
26,19,27.5052
26,20,28.8599
26,21,0
26,22,27.5081
26,23,28.3837
26,24,28.7067
26,25,28.4179
26,26,0
26,27,0
26,28,27.379
26,29,28.5261
26,30,26.0962
26,31,29.311
26,32,28.9841
26,33,28.6834
26,34,27.2858
26,35,29.7741
26,36,28.671
26,37,25.7591
26,38,28.9689
26,39,0
26,40,26.1116
26,41,23.8308
26,42,28.1674
26,43,26.5518
26,44,26.6029
26,45,26.5901
26,46,28.9124
26,47,25.7739
26,48,26.2306
26,49,26.6324
26,50,28.5736
26,51,27.2238
26,52,28.0795
26,53,29.3022
26,54,30.6865
26,55,28.3149
26,56,24.999
26,57,25.5279
26,58,27.8028
26,59,28.8985
26,60,0
26,61,28.7076
26,62,26.9747
26,63,26.7402
26,64,26.4762
26,65,27.7306
26,66,27.0601
26,67,7.10543e-15
26,68,27.1065
26,69,26.0796
26,70,26.581
26,71,27.9946
26,72,26.6461
26,73,27.4411
26,74,30.4446
26,75,27.8147
26,76,29.435
26,77,28.5449
26,78,0
26,79,26.068
26,80,0
26,81,24.9129
26,82,25.9845
26,83,28.2405
26,84,28.8505
26,85,26.2014
26,86,27.8346
26,87,27.5556
26,88,29.4379
26,89,0
26,90,27.9466
26,91,28.9833
26,92,27.4182
26,93,26.8881
26,94,26.898
26,95,27.7265
26,96,27.5363
26,97,25.8459
26,98,-3.55271e-15
26,99,27.3631
27,0,0
27,1,-7.10543e-15
27,2,3.55271e-15
27,3,0
27,4,0
27,5,-3.55271e-15
27,6,-3.55271e-15
27,7,-3.55271e-15
27,8,-3.55271e-15
27,9,-3.55271e-15
27,10,-3.55271e-15
27,11,-7.10543e-15
27,12,-3.55271e-15
27,13,-3.55271e-15
27,14,-3.55271e-15
27,15,0
27,16,0
27,17,-7.10543e-15
27,18,0
27,19,0
27,20,0
27,21,-7.10543e-15
27,22,-3.55271e-15
27,23,0
27,24,0
27,25,0
27,26,0
27,27,0
27,28,-7.10543e-15
27,29,-7.10543e-15
27,30,0
27,31,-1.06581e-14
27,32,0
27,33,-3.55271e-15
27,34,-7.10543e-15
27,35,-7.10543e-15
27,36,0
27,37,-7.10543e-15
27,38,-7.10543e-15
27,39,0
27,40,-3.55271e-15
27,41,0
27,42,0
27,43,-7.10543e-15
27,44,3.55271e-15
27,45,0
27,46,0
27,47,0
27,48,-3.55271e-15
27,49,0
27,50,-7.10543e-15
27,51,0
27,52,0
27,53,-7.10543e-15
27,54,0
27,55,-3.55271e-15
27,56,-3.55271e-15
27,57,-7.10543e-15
27,58,-1.42109e-14
27,59,0
27,60,0
27,61,0
27,62,0
27,63,0
27,64,0
27,65,-3.55271e-15
27,66,0
27,67,3.55271e-15
27,68,-3.55271e-15
27,69,0
27,70,-7.10543e-15
27,71,3.55271e-15
27,72,0
27,73,-3.55271e-15
27,74,-7.10543e-15
27,75,0
27,76,-7.10543e-15
27,77,-3.55271e-15
27,78,0
27,79,-3.55271e-15
27,80,0
27,81,-3.55271e-15
27,82,0
27,83,0
27,84,0
27,85,-3.55271e-15
27,86,-3.55271e-15
27,87,0
27,88,-7.10543e-15
27,89,0
27,90,-3.55271e-15
27,91,0
27,92,-7.10543e-15
27,93,0
27,94,-3.55271e-15
27,95,-7.10543e-15
27,96,-7.10543e-15
27,97,-3.55271e-15
27,98,3.55271e-15
27,99,-7.10543e-15
28,0,-7.10543e-15
28,1,26.9061
28,2,27.4278
28,3,25.8493
28,4,27.5241
28,5,27.6385
28,6,27.333
28,7,30.0193
28,8,26.1971
28,9,28.3814
28,10,26.8664
28,11,27.8991
28,12,26.7397
28,13,26.0802
28,14,27.7035
28,15,23.2622
28,16,26.9539
28,17,25.2286
28,18,28.5746
28,19,25.1829
28,20,27.6835
28,21,-3.55271e-15
28,22,27.3338
28,23,26.9446
28,24,25.6729
28,25,28.4791
28,26,27.379
28,27,-7.10543e-15
28,28,0
28,29,23.3662
28,30,27.2748
28,31,27.8502
28,32,26.6326
28,33,27.769
28,34,24.4128
28,35,27.6711
28,36,27.5879
28,37,26.9329
28,38,25.5824
28,39,0
28,40,28.4217
28,41,26.5436
28,42,27.3561
28,43,25.872
28,44,28.4773
28,45,24.0686
28,46,24.2638
28,47,24.9647
28,48,26.6022
28,49,27.6911
28,50,26.8676
28,51,27.336
28,52,24.5251
28,53,27.0428
28,54,23.304
28,55,28.0278
28,56,29.8552
28,57,25.5107
28,58,25.8526
28,59,27.2789
28,60,0
28,61,25.708
28,62,29.4144
28,63,25.8879
28,64,26.1718
28,65,25.5561
28,66,25.4668
28,67,3.55271e-15
28,68,27.6454
28,69,27.1663
28,70,23.8338
28,71,28.2074
28,72,27.7027
28,73,24.6988
28,74,27.847
28,75,30.2122
28,76,27.9608
28,77,28.9197
28,78,-3.55271e-15
28,79,26.5949
28,80,0
28,81,25.3521
28,82,28.295
28,83,25.6174
28,84,27.3957
28,85,26.0233
28,86,27.4387
28,87,26.7565
28,88,26.2124
28,89,-7.10543e-15
28,90,24.8767
28,91,25.5548
28,92,26.305
28,93,28.6248
28,94,27.7878
28,95,27.1147
28,96,24.0332
28,97,27.6398
28,98,0
28,99,23.8548
29,0,0
29,1,24.7187
29,2,26.4551
29,3,27.3855
29,4,28.7931
29,5,29.2295
29,6,29.0413
29,7,28.5098
29,8,27.945
29,9,29.1156
29,10,27.1862
29,11,27.6907
29,12,25.9774
29,13,26.8981
29,14,26.954
29,15,27.5956
29,16,25.5487
29,17,26.1994
29,18,26.6029
29,19,28.501
29,20,27.7668
29,21,0
29,22,26.4385
29,23,26.5476
29,24,26.9796
29,25,27.352
29,26,28.5261
29,27,-7.10543e-15
29,28,23.3662
29,29,0
29,30,28.6361
29,31,28.5782
29,32,28.299
29,33,27.6416
29,34,27.444
29,35,28.8244
29,36,26.0278
29,37,27.779
29,38,29.6207
29,39,-3.55271e-15
29,40,24.9742
29,41,26.012
29,42,26.7919
29,43,27.3547
29,44,25.5688
29,45,24.0206
29,46,28.1783
29,47,23.6606
29,48,23.5445
29,49,27.6092
29,50,27.5864
29,51,27.3685
29,52,25.4805
29,53,26.1955
29,54,30.6062
29,55,25.0868
29,56,24.6942
29,57,26.0665
29,58,26.9538
29,59,29.289
29,60,0
29,61,25.9963
29,62,26.039
29,63,26.4493
29,64,26.2885
29,65,26.3297
29,66,28.5369
29,67,0
29,68,25.3697
29,69,27.3807
29,70,26.4098
29,71,25.013
29,72,26.602
29,73,28.0738
29,74,28.0358
29,75,25.936
29,76,27.333
29,77,27.4061
29,78,0
29,79,26.0437
29,80,0
29,81,27.118
29,82,27.2785
29,83,25.0244
29,84,27.7476
29,85,25.7447
29,86,27.7852
29,87,26.6868
29,88,30.4887
29,89,0
29,90,27.909
29,91,27.8219
29,92,24.1821
29,93,27.0125
29,94,25.0566
29,95,25.6646
29,96,25.2073
29,97,25.66
29,98,0
29,99,28.1982
30,0,0
30,1,25.5476
30,2,26.577
30,3,26.145
30,4,31.2108
30,5,26.1138
30,6,27.942
30,7,27.3991
30,8,27.2176
30,9,26.7298
30,10,27.8243
30,11,29.8818
30,12,26.2621
30,13,25.4844
30,14,26.9324
30,15,29.1427
30,16,26.4811
30,17,26.722
30,18,28.1872
30,19,27.5676
30,20,28.5187
30,21,0
30,22,25.84
30,23,25.1495
30,24,27.0505
30,25,26.6044
30,26,26.0962
30,27,0
30,28,27.2748
30,29,28.6361
30,30,0
30,31,30.2001
30,32,28.0157
30,33,27.7288
30,34,28.1498
30,35,32.2742
30,36,28.9439
30,37,27.4399
30,38,29.4862
30,39,0
30,40,27.1089
30,41,24.916
30,42,28.3249
30,43,27.632
30,44,26.4219
30,45,29.2631
30,46,30.6544
30,47,25.9473
30,48,26.5915
30,49,26.5797
30,50,30.6545
30,51,28.5203
30,52,28.4755
30,53,27.8978
30,54,29.7922
30,55,29.1674
30,56,25.7704
30,57,26.4833
30,58,25.0691
30,59,28.8466
30,60,0
30,61,28.4884
30,62,24.8127
30,63,27.091
30,64,26.4743
30,65,29.5456
30,66,28.5216
