Head,Tail,Difference
0,0,0
0,1,0
0,2,0
0,3,-3.55271e-15
0,4,7.10543e-15
0,5,0
0,6,-7.10543e-15
0,7,0
0,8,0
0,9,0
0,10,0
0,11,0
0,12,0
0,13,0
0,14,0
0,15,3.55271e-15
0,16,0
0,17,7.10543e-15
0,18,0
0,19,0
0,20,0
0,21,-3.55271e-15
0,22,0
0,23,0
0,24,3.55271e-15
0,25,0
0,26,0
0,27,0
0,28,0
0,29,0
0,30,-3.55271e-15
0,31,0
0,32,0
0,33,0
0,34,-7.10543e-15
0,35,0
0,36,0
0,37,0
0,38,0
0,39,0
0,40,-3.55271e-15
0,41,0
0,42,7.10543e-15
0,43,0
0,44,-3.55271e-15
0,45,0
0,46,0
0,47,0
0,48,0
0,49,0
0,50,0
0,51,0
0,52,0
0,53,0
0,54,0
0,55,0
0,56,0
0,57,0
0,58,0
0,59,0
0,60,0
0,61,0
0,62,0
0,63,7.10543e-15
0,64,7.10543e-15
0,65,-7.10543e-15
0,66,0
0,67,0
0,68,0
0,69,-3.55271e-15
0,70,0
0,71,0
0,72,7.10543e-15
0,73,0
0,74,0
0,75,0
0,76,0
0,77,3.55271e-15
0,78,0
0,79,0
0,80,0
0,81,0
0,82,0
0,83,0
0,84,0
0,85,0
0,86,0
0,87,0
0,88,0
0,89,0
0,90,0
0,91,0
0,92,-3.55271e-15
0,93,0
0,94,0
0,95,0
0,96,0
0,97,0
0,98,0
0,99,0
1,0,0
1,1,0
1,2,30.817
1,3,31.2567
1,4,31.7593
1,5,28.1429
1,6,29.4352
1,7,31.3094
1,8,29.9981
1,9,25.7122
1,10,30.2319
1,11,29.7467
1,12,28.9609
1,13,28.5354
1,14,29.74
1,15,30.7691
1,16,28.1501
1,17,31.6049
1,18,30.7499
1,19,31.1262
1,20,30.5018
1,21,27.973
1,22,28.0291
1,23,30.8856
1,24,29.7714
1,25,29.1159
1,26,30.4446
1,27,-7.10543e-15
1,28,29.3791
1,29,28.5361
1,30,29.8755
1,31,30.3529
1,32,31.9162
1,33,28.3081
1,34,30.6855
1,35,30.7942
1,36,30.5414
1,37,29.3132
1,38,29.2008
1,39,0
1,40,31.6115
1,41,28.6182
1,42,31.1861
1,43,30.8503
1,44,27.4068
1,45,27.9413
1,46,29.9016
1,47,26.1742
1,48,30.0673
1,49,30.7527
1,50,28.3474
1,51,33.229
1,52,28.291
1,53,29.674
1,54,31.1726
1,55,28.6081
1,56,28.1629
1,57,31.8795
1,58,30.0659
1,59,28.6392
1,60,27.7733
1,61,30.6264
1,62,31.5249
1,63,29.611
1,64,30.2239
1,65,26.2019
1,66,30.8068
1,67,27.9146
1,68,29.0076
1,69,31.6147
1,70,28.9415
1,71,27.7684
1,72,31.8148
1,73,26.8722
1,74,32.9975
1,75,28.4976
1,76,32.4139
1,77,28.8308
1,78,29.9304
1,79,28.8922
1,80,29.8634
1,81,28.8752
1,82,28.0222
1,83,31.824
1,84,28.2803
1,85,28.1563
1,86,28.9152
1,87,29.3527
1,88,29.1429
1,89,-3.55271e-15
1,90,27.083
1,91,30.6043
1,92,29.531
1,93,31.1185
1,94,27.7486
1,95,27.5622
1,96,26.1348
1,97,29.7018
1,98,0
1,99,29.9536
2,0,0
2,1,30.817
2,2,0
2,3,28.6769
2,4,31.4048
2,5,30.6059
2,6,32.2404
2,7,31.9707
2,8,30.2865
2,9,28.4162
2,10,30.6726
2,11,34.209
2,12,29.7173
2,13,29.8825
2,14,30.1467
2,15,31.7306
2,16,31.3388
2,17,28.5556
2,18,32.6938
2,19,30.1268
2,20,30.0726
2,21,29.0052
2,22,28.8626
2,23,28.3999
2,24,28.0033
2,25,30.4939
2,26,27.2895
2,27,0
2,28,30.5132
2,29,30.5207
2,30,32.5202
2,31,32.2629
2,32,28.7777
2,33,33.493
2,34,31.9194
2,35,31.5837
2,36,31.5732
2,37,29.6345
2,38,31.3898
2,39,0
2,40,28.3953
2,41,32.1085
2,42,31.0693
2,43,31.1483
2,44,29.8867
2,45,29.9889
2,46,30.405
2,47,32.1617
2,48,31.1194
2,49,30.0396
2,50,33.1071
2,51,30.3269
2,52,31.6358
2,53,29.574
2,54,30.5862
2,55,33.2131
2,56,29.4457
2,57,29.2216
2,58,29.0037
2,59,30.2113
2,60,29.6302
2,61,32.3595
2,62,31.4186
2,63,29.9112
2,64,28.946
2,65,30.7444
2,66,32.0922
2,67,28.5577
2,68,31.9438
2,69,28.3436
2,70,31.729
2,71,30.0476
2,72,31.859
2,73,27.6167
2,74,31.7063
2,75,31.9249
2,76,30.807
2,77,32.7439
2,78,30.9159
2,79,28.9752
2,80,33.6913
2,81,29.8054
2,82,31.4164
2,83,32.1277
2,84,31.696
2,85,31.6519
2,86,31.7726
2,87,28.9711
2,88,32.2122
2,89,0
2,90,33.438
2,91,31.5477
2,92,31.2523
2,93,32.0764
2,94,31.7736
2,95,32.2397
2,96,28.146
2,97,29.6753
2,98,3.55271e-15
2,99,30.611
3,0,-3.55271e-15
3,1,31.2567
3,2,28.6769
3,3,0
3,4,31.5177
3,5,28.8198
3,6,27.8256
3,7,31.126
3,8,30.9549
3,9,27.8275
3,10,27.053
3,11,30.6305
3,12,29.6757
3,13,29.3085
3,14,30.1804
3,15,29.3614
3,16,29.2189
3,17,30.0201
3,18,30.2654
3,19,31.3597
3,20,28.6157
3,21,26.8876
3,22,29.4064
3,23,29.926
3,24,29.2763
3,25,30.7443
3,26,32.1141
3,27,0
3,28,29.219
3,29,31.4166
3,30,31.5756
3,31,29.3165
3,32,32.8869
3,33,30.1572
3,34,29.5016
3,35,30.689
3,36,32.8337
3,37,29.2905
3,38,30.6845
3,39,0
3,40,30.0541
3,41,28.8744
3,42,29.8386
3,43,31.4585
3,44,30.07
3,45,29.4608
3,46,30.2515
3,47,26.1109
3,48,30.8965
3,49,33.6903
3,50,30.0566
3,51,30.9742
3,52,29.1395
3,53,29.078
3,54,31.1925
3,55,27.9172
3,56,28.0186
3,57,28.9527
3,58,30.9293
3,59,28.8895
3,60,27.7401
3,61,28.4494
3,62,29.9061
3,63,30.9332
3,64,31.6208
3,65,27.1681
3,66,31.4006
3,67,27.0265
3,68,31.4896
3,69,30.5979
3,70,29.3527
3,71,28.9869
3,72,28.1138
3,73,27.1676
3,74,29.3607
3,75,29.6309
3,76,31.1443
3,77,28.8371
3,78,32.0731
3,79,26.3859
3,80,30.532
3,81,28.5483
3,82,28.2215
3,83,33.0957
3,84,32.174
3,85,27.1214
3,86,27.8787
3,87,29.1524
3,88,29.5395
3,89,0
3,90,28.5839
3,91,30.41
3,92,28.6174
3,93,30.325
3,94,29.2161
3,95,27.2513
3,96,27.841
3,97,28.1372
3,98,-3.55271e-15
3,99,30.1066
4,0,7.10543e-15
4,1,31.7593
4,2,31.4048
4,3,31.5177
4,4,0
4,5,31.7847
4,6,28.9391
4,7,31.284
4,8,31.3934
4,9,27.997
4,10,30.4789
4,11,32.1192
4,12,30.1384
4,13,32.5102
4,14,30.9182
4,15,29.7774
4,16,33.0599
4,17,29.7431
4,18,30.9321
4,19,31.8895
4,20,31.1679
4,21,30.1081
4,22,29.5483
4,23,27.8175
4,24,30.4633
4,25,32.263
4,26,30.5716
4,27,0
4,28,29.8171
4,29,30.5361
4,30,33.717
4,31,29.8922
4,32,31.091
4,33,32.1247
4,34,30.2997
4,35,30.241
4,36,31.55
4,37,29.9229
4,38,33.544
4,39,0
4,40,28.5769
4,41,29.4063
4,42,32.427
4,43,29.3307
4,44,28.927
4,45,30.2622
4,46,29.6076
4,47,29.4406
4,48,32.9527
4,49,31.824
4,50,32.398
4,51,34.2905
4,52,28.8498
4,53,28.6271
4,54,29.972
4,55,28.4213
4,56,29.6507
4,57,30.2636
4,58,31.4383
4,59,31.7844
4,60,28.3505
4,61,31.2709
4,62,29.4207
4,63,30.2057
4,64,30.2708
4,65,28.6526
4,66,31.8298
4,67,27.9049
4,68,30.8426
4,69,30.3258
4,70,30.2108
4,71,28.8096
4,72,29.949
4,73,28.7639
4,74,30.9552
4,75,31.1535
4,76,34.1812
4,77,30.9057
4,78,30.0086
4,79,29.3428
4,80,30.0827
4,81,27.025
4,82,29.3542
4,83,31.2564
4,84,31.1967
4,85,29.7913
4,86,28.6207
4,87,25.8938
4,88,31.9941
4,89,0
4,90,30.588
4,91,31.6504
4,92,31.1343
4,93,31.9241
4,94,31.8191
4,95,29.1401
4,96,29.7693
4,97,29.4525
4,98,3.55271e-15
4,99,29.8018
5,0,0
5,1,28.1429
5,2,30.6059
5,3,28.8198
5,4,31.7847
5,5,0
5,6,27.4259
5,7,30.0171
5,8,30.0501
5,9,27.06
5,10,28.2664
5,11,32.8951
5,12,32.6774
5,13,28.9439
5,14,29.3523
5,15,26.4846
5,16,27.8059
5,17,28.0396
5,18,29.4136
5,19,30.1503
5,20,28.5718
5,21,29.485
5,22,28.3069
5,23,29.1916
5,24,26.246
5,25,29.6707
5,26,27.5223
5,27,-3.55271e-15
5,28,29.3169
5,29,30.5838
5,30,27.5889
5,31,31.009
5,32,30.353
5,33,30.5045
5,34,28.3726
5,35,29.9304
5,36,27.8349
5,37,27.8382
5,38,27.5296
5,39,0
5,40,28.0906
5,41,28.3607
5,42,30.3621
5,43,29.8391
5,44,27.4674
5,45,28.4912
5,46,29.8295
5,47,30.0235
5,48,27.778
5,49,28.0335
5,50,31.8226
5,51,29.4747
5,52,29.179
5,53,29.1759
5,54,28.6582
5,55,28.9217
5,56,27.8032
5,57,27.6795
5,58,27.569
5,59,29.5647
5,60,28.5518
5,61,29.7252
5,62,32.4291
5,63,27.9784
5,64,30.6822
5,65,31.1912
5,66,28.2894
5,67,29.4383
5,68,29.8658
5,69,28.4331
5,70,30.6097
5,71,28.4042
5,72,27.1569
5,73,27.6755
5,74,31.3841
5,75,30.3496
5,76,27.8993
5,77,28.1332
5,78,28.6751
5,79,28.7559
5,80,30.3791
5,81,28.3853
5,82,28.7046
5,83,27.3584
5,84,28.2979
5,85,28.3036
5,86,29.5696
5,87,28.3167
5,88,31.7723
5,89,0
5,90,32.1689
5,91,30.9745
5,92,28.5114
5,93,30.13
5,94,31.0781
5,95,30.8417
5,96,28.5282
5,97,30.0772
5,98,0
5,99,29.8356
6,0,-7.10543e-15
6,1,29.4352
6,2,32.2404
6,3,27.8256
6,4,28.9391
6,5,27.4259
6,6,0
6,7,29.5208
6,8,29.624
6,9,25.5962
6,10,29.9749
6,11,29.2782
6,12,29.9486
6,13,28.8009
6,14,28.2816
6,15,28.3767
6,16,30.4624
6,17,29.9365
6,18,26.2998
6,19,28.5409
6,20,31.0342
6,21,30.3094
6,22,29.4563
6,23,26.7125
6,24,27.2259
6,25,28.6552
6,26,25.807
6,27,0
6,28,32.4725
6,29,29.8496
6,30,29.858
6,31,29.7707
6,32,29.7028
6,33,30.9991
6,34,28.655
6,35,31.3931
6,36,28.7562
6,37,29.3382
6,38,28.1319
6,39,0
6,40,29.3723
6,41,28.7704
6,42,29.5129
6,43,28.517
6,44,28.0764
6,45,29.173
6,46,29.9842
6,47,27.0409
6,48,28.0375
6,49,28.1402
6,50,29.8981
6,51,28.6849
6,52,28.9478
6,53,26.7242
6,54,26.0492
6,55,29.1483
6,56,27.0635
6,57,26.9181
6,58,27.0007
6,59,30.9081
6,60,25.7295
6,61,30.5182
6,62,29.8987
6,63,30.3969
6,64,26.6037
6,65,30.308
6,66,30.1874
6,67,28.0747
6,68,28.5703
6,69,27.6412
6,70,29.9151
6,71,30.325
6,72,29.708
6,73,28.1811
6,74,29.1075
6,75,30.9604
6,76,29.7955
6,77,28.6351
6,78,30.9656
6,79,30.6038
6,80,29.7285
6,81,25.5323
6,82,26.4829
6,83,29.1234
6,84,29.2997
6,85,28.9178
6,86,29.2689
6,87,27.8527
6,88,30.5424
6,89,0
6,90,29.1446
6,91,30.1419
6,92,31.217
6,93,29.5436
6,94,27.7626
6,95,29.5969
6,96,28.9453
6,97,30.2412
6,98,0
6,99,29.0382
7,0,0
7,1,31.3094
7,2,31.9707
7,3,31.126
7,4,31.284
7,5,30.0171
7,6,29.5208
7,7,0
7,8,31.5783
7,9,27.3087
7,10,28.4894
7,11,29.363
7,12,26.1338
7,13,30.1422
7,14,29.7702
7,15,29.387
7,16,30.9817
7,17,29.8886
7,18,31.4485
7,19,28.6493
7,20,29.8673
7,21,29.664
7,22,29.3736
7,23,27.152
7,24,27.4085
7,25,30.7486
7,26,29.037
7,27,0
7,28,31.5039
7,29,31.2668
7,30,31.282
7,31,29.2304
7,32,29.3479
7,33,31.6962
7,34,30.9168
7,35,31.2254
7,36,30.0558
7,37,29.073
7,38,31.4184
7,39,0
7,40,31.1734
7,41,32.9848
7,42,29.0521
7,43,29.7284
7,44,29.0743
7,45,30.8284
7,46,29.0737
7,47,27.3719
7,48,31.0939
7,49,31.2083
7,50,30.5932
7,51,32.7778
7,52,29.3719
7,53,28.9644
7,54,28.5996
7,55,32.4167
7,56,29.6285
7,57,28.5257
7,58,30.1532
7,59,29.9521
7,60,30.8441
7,61,31.4466
7,62,28.9896
7,63,30.4136
7,64,30.0079
7,65,28.746
7,66,30.8549
7,67,28.5477
7,68,31.0598
7,69,28.9262
7,70,29.1176
7,71,29.8941
7,72,31.3138
7,73,28.5495
7,74,31.0765
7,75,29.4657
7,76,31.9769
7,77,29.7435
7,78,28.2276
7,79,27.9937
7,80,29.7644
7,81,27.5137
7,82,28.1437
7,83,29.8513
7,84,31.862
7,85,29.5276
7,86,31.3051
7,87,29.8889
7,88,29.6513
7,89,0
7,90,30.9722
7,91,30.7315
7,92,31.1027
7,93,31.5594
7,94,30.004
7,95,30.6952
7,96,26.4954
7,97,28.3271
7,98,0
7,99,28.4855
8,0,0
8,1,29.9981
8,2,30.2865
8,3,30.9549
8,4,31.3934
8,5,30.0501
8,6,29.624
8,7,31.5783
8,8,0
8,9,30.5029
8,10,31.8853
8,11,31.2901
8,12,28.9018
8,13,29.628
8,14,30.9981
8,15,30.4067
8,16,29.7846
8,17,29.5998
8,18,32.6692
8,19,30.4447
8,20,31.1161
8,21,29.3672
8,22,28.0838
8,23,29.7156
8,24,29.827
8,25,31.6079
8,26,30.0382
8,27,0
8,28,30.1974
8,29,30.2903
8,30,31.1517
8,31,29.8318
8,32,29.3296
8,33,29.5094
8,34,31.1744
8,35,30.6831
8,36,31.3344
8,37,30.0685
8,38,33.1811
8,39,0
8,40,30.8696
8,41,29.4875
8,42,29.9546
8,43,31.5661
8,44,31.5731
8,45,31.4767
8,46,30.5971
8,47,28.6679
8,48,30.2533
8,49,29.3104
8,50,30.9287
8,51,31.1503
8,52,29.6569
8,53,29.8317
8,54,30.3559
8,55,27.9948
8,56,29.8843
8,57,29.9916
8,58,28.58
8,59,30.0537
8,60,30.8847
8,61,31.3003
8,62,30.7605
8,63,32.0059
8,64,29.6019
8,65,28.1301
8,66,31.5683
8,67,29.7872
8,68,31.4775
8,69,28.5124
8,70,28.9486
8,71,30.4927
8,72,30.8625
8,73,29.2881
8,74,31.5433
8,75,29.7442
8,76,31.6631
8,77,29.704
8,78,30.4092
8,79,27.5815
8,80,30.9666
8,81,29.0771
8,82,29.4998
8,83,30.3904
8,84,31.0303
8,85,28.5532
8,86,28.1112
8,87,30.7774
8,88,30.9431
8,89,0
8,90,31.3247
8,91,29.8078
8,92,30.0163
8,93,32.0008
8,94,30.4306
8,95,30.1277
8,96,26.4108
8,97,28.6472
8,98,0
8,99,29.7661
9,0,0
9,1,25.7122
9,2,28.4162
9,3,27.8275
9,4,27.997
9,5,27.06
9,6,25.5962
9,7,27.3087
9,8,30.5029
9,9,0
9,10,27.7084
9,11,28.7877
9,12,29.2719
9,13,29.7952
9,14,30.1693
9,15,27.2178
9,16,26.565
9,17,29.8603
9,18,28.1457
9,19,28.5555
9,20,28.0408
9,21,27.0104
9,22,26.6284
9,23,27.5172
9,24,26.5449
9,25,28.9039
9,26,27.6134
9,27,-3.55271e-15
9,28,30.5593
9,29,29.6649
9,30,28.0834
9,31,30.2373
9,32,27.4762
9,33,28.8966
9,34,32.0171
9,35,28.8131
9,36,29.2551
9,37,26.7899
9,38,29.2189
9,39,0
9,40,27.6575
9,41,28.0926
9,42,31.2965
9,43,27.578
9,44,26.3831
9,45,30.1768
9,46,28.3821
9,47,30.3894
9,48,27.4676
9,49,27.2751
9,50,28.3767
9,51,27.8706
9,52,30.8292
9,53,26.1129
9,54,30.3726
9,55,26.0649
9,56,29.7909
9,57,27.9437
9,58,28.2738
9,59,31.1512
9,60,28.65
9,61,28.3046
9,62,29.8664
9,63,31.0284
9,64,28.9771
9,65,28.1624
9,66,26.0569
9,67,30.1773
9,68,30.1042
9,69,26.3638
9,70,31.9394
9,71,29.1212
9,72,28.365
9,73,28.8636
9,74,29.6691
9,75,29.6592
9,76,27.3459
9,77,26.9247
9,78,26.5672
9,79,29.3376
9,80,26.8787
9,81,28.2602
9,82,30.8897
9,83,28.7084
9,84,28.0351
9,85,27.1703
9,86,28.9291
9,87,27.3557
9,88,30.2612
9,89,0
9,90,28.998
9,91,28.7473
9,92,30.5574
9,93,28.6111
9,94,30.1405
9,95,27.3985
9,96,25.9242
9,97,27.3422
9,98,0
9,99,28.2154
10,0,0
10,1,30.2319
10,2,30.6726
10,3,27.053
10,4,30.4789
10,5,28.2664
10,6,29.9749
10,7,28.4894
10,8,31.8853
10,9,27.7084
10,10,0
10,11,32.0691
10,12,28.9577
10,13,28.992
10,14,30.0124
10,15,26.605
10,16,29.2641
10,17,26.2203
10,18,29.645
10,19,30.0477
10,20,30.963
10,21,30.2264
10,22,29.7945
10,23,28.0484
10,24,26.853
10,25,29.9001
10,26,29.7222
10,27,-3.55271e-15
10,28,29.8587
10,29,28.5649
10,30,29.7282
10,31,30.8831
10,32,27.8494
10,33,31.6309
10,34,29.245
10,35,31.7099
10,36,29.1807
10,37,27.1383
10,38,29.8742
10,39,0
10,40,27.9587
10,41,31.845
10,42,29.6991
10,43,27.884
10,44,29.4932
10,45,28.9653
10,46,28.4855
10,47,29.6257
10,48,28.8211
10,49,29.9269
10,50,32.5662
10,51,29.1795
10,52,29.952
10,53,27.6473
10,54,27.9
10,55,30.8731
10,56,28.8075
10,57,29.3417
10,58,27.4524
10,59,29.1826
10,60,28.4909
10,61,28.083
10,62,30.9738
10,63,30.31
10,64,29.0998
10,65,30.6093
10,66,29.8141
10,67,30.565
10,68,29.9969
10,69,28.8172
10,70,28.9852
10,71,29.8013
10,72,27.8837
10,73,30.0755
10,74,30.0662
10,75,31.0032
10,76,27.3774
10,77,28.0289
10,78,28.967
10,79,26.945
10,80,30.78
10,81,26.9126
10,82,29.7292
10,83,27.0272
10,84,28.7962
10,85,27.7129
10,86,32.1095
10,87,28.1587
10,88,31.1158
10,89,0
10,90,29.2091
10,91,28.7559
10,92,29.6288
10,93,28.2207
10,94,29.4965
10,95,30.2461
10,96,26.2
10,97,31.5489
10,98,0
10,99,27.8314
11,0,0
11,1,29.7467
11,2,34.209
11,3,30.6305
11,4,32.1192
11,5,32.8951
11,6,29.2782
11,7,29.363
11,8,31.2901
11,9,28.7877
11,10,32.0691
11,11,0
11,12,28.569
11,13,29.461
11,14,29.7729
11,15,28.9477
11,16,29.8498
11,17,30.1794
11,18,30.7615
11,19,30.2128
11,20,28.9412
11,21,31.1402
11,22,31.359
11,23,28.8807
11,24,28.8133
11,25,29.7464
11,26,28.9166
11,27,-7.10543e-15
11,28,31.1595
11,29,30.0163
11,30,32.187
11,31,31.4133
11,32,30.5156
11,33,32.2689
11,34,31.449
11,35,30.361
11,36,28.7481
11,37,28.4546
11,38,33.157
11,39,0
11,40,29.3383
11,41,29.4057
11,42,29.6081
11,43,29.7556
11,44,29.4397
11,45,28.6348
11,46,28.8397
11,47,26.1907
11,48,29.4097
11,49,31.4677
11,50,31.687
11,51,29.042
11,52,29.3456
11,53,26.1667
11,54,30.3527
11,55,30.2128
11,56,28.104
11,57,29.5118
11,58,28.5941
11,59,30.5099
11,60,28.2307
11,61,32.831
11,62,31.8226
11,63,29.6689
11,64,28.5117
11,65,32.0893
11,66,31.7098
11,67,29.8749
11,68,28.2274
11,69,29.9398
11,70,29.9804
11,71,27.7655
11,72,30.5355
11,73,29.2542
11,74,30.9015
11,75,28.3684
11,76,28.6631
11,77,30.3038
11,78,31.3892
11,79,27.5404
11,80,32.3169
11,81,28.56
11,82,28.5847
11,83,29.7161
11,84,29.4334
11,85,29.4003
11,86,29.6283
11,87,29.3906
11,88,31.1617
11,89,0
11,90,32.4989
11,91,32.0916
11,92,28.7123
11,93,33.2336
11,94,29.8023
11,95,27.0435
11,96,28.625
11,97,30.9233
11,98,0
11,99,30.6281
12,0,0
12,1,28.9609
12,2,29.7173
12,3,29.6757
12,4,30.1384
12,5,32.6774
12,6,29.9486
12,7,26.1338
12,8,28.9018
12,9,29.2719
12,10,28.9577
12,11,28.569
12,12,0
12,13,29.8082
12,14,29.3414
12,15,27.5072
12,16,29.7301
12,17,28.56
12,18,31.8244
12,19,28.2595
12,20,28.5106
12,21,28.7814
12,22,29.1905
12,23,29.336
12,24,28.9829
12,25,28.9398
12,26,30.6419
12,27,-3.55271e-15
12,28,28.5834
12,29,28.6025
12,30,29.7168
12,31,33.0005
12,32,28.2526
12,33,30.1476
12,34,31.5078
12,35,30.3147
12,36,27.7623
12,37,26.6103
12,38,30.6498
12,39,0
12,40,29.021
12,41,29.1147
12,42,27.443
12,43,27.4038
12,44,30.0431
12,45,29.0584
12,46,28.132
12,47,27.7241
12,48,27.5833
12,49,30.3611
12,50,28.9936
12,51,28.6744
12,52,30.4491
12,53,28.709
12,54,29.5178
12,55,30.5082
12,56,29.636
12,57,29.1446
12,58,26.4782
12,59,28.9851
12,60,31.6779
12,61,29.0111
12,62,29.7305
12,63,30.5682
12,64,28.4841
12,65,29.4258
12,66,28.7639
12,67,31.2394
12,68,31.0076
12,69,27.7868
12,70,30.7818
12,71,29.9007
12,72,28.0677
12,73,28.5189
12,74,30.6235
12,75,30.6111
12,76,30.017
12,77,27.9261
12,78,27.5538
12,79,27.276
12,80,29.6971
12,81,27.2325
12,82,30.3049
12,83,28.2413
12,84,30.4385
12,85,28.2472
12,86,31.1629
12,87,27.7577
12,88,28.441
12,89,0
12,90,31.4251
12,91,28.7648
12,92,30.439
12,93,30.7949
12,94,30.7662
12,95,30.4705
12,96,27.4427
12,97,30.6276
12,98,0
12,99,30.7161
13,0,0
13,1,28.5354
13,2,29.8825
13,3,29.3085
13,4,32.5102
13,5,28.9439
13,6,28.8009
13,7,30.1422
13,8,29.628
13,9,29.7952
13,10,28.992
13,11,29.461
13,12,29.8082
13,13,0
13,14,30.0867
13,15,29.0587
13,16,29.3896
13,17,28.7857
13,18,31.1884
13,19,28.8243
13,20,27.7612
13,21,27.4505
13,22,28.419
13,23,28.3532
13,24,30.2216
13,25,29.5575
13,26,28.5446
13,27,-3.55271e-15
13,28,28.6544
13,29,28.343
13,30,28.4576
13,31,29.791
13,32,29.3278
13,33,28.9892
13,34,30.1248
13,35,28.6077
13,36,30.0442
13,37,26.7956
13,38,31.003
13,39,0
13,40,28.8747
13,41,28.3955
13,42,27.3751
13,43,30.8846
13,44,31.0921
13,45,28.7098
13,46,29.3723
13,47,29.3765
13,48,29.9701
13,49,30.8744
13,50,29.6146
13,51,29.3507
13,52,31.1601
13,53,29.7304
13,54,27.1011
13,55,30.0111
13,56,28.8492
13,57,29.0833
13,58,26.3758
13,59,31.7498
13,60,31.6189
13,61,30.0065
13,62,31.1777
13,63,33.3645
13,64,29.7507
13,65,28.675
13,66,30.2218
13,67,29.2301
13,68,29.8472
13,69,28.8546
13,70,31.4261
13,71,27.0876
13,72,28.7895
13,73,28.8578
13,74,29.5574
13,75,28.0422
13,76,28.3424
13,77,28.0879
13,78,28.8242
13,79,26.844
13,80,28.4541
13,81,30.7647
13,82,31.1365
13,83,30.1038
13,84,30.3326
13,85,25.963
13,86,30.4666
13,87,28.5713
13,88,30.9548
13,89,3.55271e-15
13,90,29.6684
13,91,29.5653
13,92,29.38
13,93,31.2529
13,94,28.2732
13,95,28.2033
13,96,28.5299
13,97,29.187
13,98,0
13,99,29.9845
14,0,0
14,1,29.74
14,2,30.1467
14,3,30.1804
14,4,30.9182
14,5,29.3523
14,6,28.2816
14,7,29.7702
14,8,30.9981
14,9,30.1693
14,10,30.0124
14,11,29.7729
14,12,29.3414
14,13,30.0867
14,14,0
14,15,28.4576
14,16,27.106
14,17,29.745
14,18,30.4351
14,19,30.5578
14,20,28.3226
14,21,28.2429
14,22,28.8196
14,23,30.3196
14,24,29.4237
14,25,29.0743
14,26,30.1621
14,27,-3.55271e-15
14,28,29.1696
14,29,30.1101
14,30,30.4169
14,31,29.2357
14,32,29.5214
14,33,29.1119
14,34,31.9659
14,35,31.3903
14,36,28.7426
14,37,27.4712
14,38,29.6919
14,39,0
14,40,27.7529
14,41,28.3368
14,42,30.8669
14,43,29.4627
14,44,30.1856
14,45,28.6104
14,46,30.2955
14,47,28.7543
14,48,28.319
14,49,29.383
14,50,28.4634
14,51,30.0253
14,52,32.5714
14,53,27.5574
14,54,28.9584
14,55,26.7287
14,56,26.6356
14,57,27.1381
14,58,27.8538
14,59,31.6703
14,60,27.8774
14,61,30.8621
14,62,30.3988
14,63,28.5609
14,64,30.299
14,65,29.3009
14,66,28.4199
14,67,27.8
14,68,30.7825
14,69,29.3956
14,70,30.7261
14,71,28.0935
14,72,28.8072
14,73,28.9236
14,74,30.8516
14,75,29.0817
14,76,29.9776
14,77,25.763
14,78,27.5088
14,79,26.7967
14,80,30.8509
14,81,31.3177
14,82,29.7559
14,83,28.9747
14,84,29.1715
14,85,28.4803
14,86,29.4081
14,87,28.1282
14,88,31.1367
14,89,3.55271e-15
14,90,30.2813
14,91,29.1817
14,92,28.0637
14,93,30.5317
14,94,30.8071
14,95,27.1759
14,96,29.4951
14,97,29.6173
14,98,0
14,99,29.345
15,0,3.55271e-15
15,1,30.7691
15,2,31.7306
15,3,29.3614
15,4,29.7774
15,5,26.4846
15,6,28.3767
15,7,29.387
15,8,30.4067
15,9,27.2178
15,10,26.605
15,11,28.9477
15,12,27.5072
15,13,29.0587
15,14,28.4576
15,15,0
15,16,31.0428
15,17,31.1045
15,18,28.5343
15,19,28.1854
15,20,31.6268
15,21,30.5587
15,22,29.7737
15,23,26.2444
15,24,25.9488
15,25,30.003
15,26,29.4403
15,27,0
15,28,28.577
15,29,29.4912
15,30,29.965
15,31,27.7367
15,32,28.1452
15,33,30.3622
15,34,27.4725
15,35,30.7883
15,36,29.6141
15,37,29.637
15,38,29.4925
15,39,0
15,40,31.6908
15,41,31.3319
15,42,31.017
15,43,29.18
15,44,29.9332
15,45,28.7368
15,46,27.8304
15,47,25.6552
15,48,29.0351
15,49,30.904
15,50,29.7793
15,51,31.6071
15,52,27.6789
15,53,29.5133
15,54,26.9324
15,55,27.5697
15,56,28.1468
15,57,31.9038
15,58,26.4308
15,59,28.0771
15,60,28.7888
15,61,27.754
15,62,26.6739
15,63,29.9864
15,64,28.9659
15,65,29.6222
15,66,30.2906
15,67,26.1647
15,68,28.8518
15,69,27.8535
15,70,26.6102
15,71,28.8794
15,72,29.7804
15,73,26.635
15,74,29.8115
15,75,29.078
15,76,29.5832
15,77,27.204
15,78,30.1269
15,79,30.3117
15,80,27.3974
15,81,25.9741
15,82,28.5391
15,83,28.6354
15,84,29.8022
15,85,29.0152
15,86,27.68
15,87,28.8208
15,88,28.1906
15,89,0
15,90,27.0014
15,91,27.7084
15,92,27.1241
15,93,28.8757
15,94,28.98
15,95,27.2105
15,96,26.4507
15,97,28.8728
15,98,0
15,99,27.0865
16,0,0
16,1,28.1501
16,2,31.3388
16,3,29.2189
16,4,33.0599
16,5,27.8059
16,6,30.4624
16,7,30.9817
16,8,29.7846
16,9,26.565
16,10,29.2641
16,11,29.8498
16,12,29.7301
16,13,29.3896
16,14,27.106
16,15,31.0428
16,16,0
16,17,27.8224
16,18,29.7232
16,19,30.3839
16,20,29.3717
16,21,31.0015
16,22,30.6971
16,23,28.58
16,24,28.1135
16,25,29.1586
16,26,27.3914
16,27,-3.55271e-15
16,28,30.7572
16,29,28.0789
16,30,29.9982
16,31,31.6198
16,32,28.3757
16,33,30.1633
16,34,28.7402
16,35,30.8632
16,36,26.6642
16,37,30.5569
16,38,28.7201
16,39,0
16,40,29.3111
16,41,31.9045
16,42,29.4702
16,43,27.2735
16,44,29.6599
16,45,29.9002
16,46,27.2795
16,47,27.5546
16,48,29.4393
16,49,28.2194
16,50,30.7021
16,51,29.1157
16,52,26.6345
16,53,29.4787
16,54,25.9349
16,55,30.8348
16,56,26.9722
16,57,30.1905
16,58,29.4474
16,59,29.4295
16,60,29.1258
16,61,27.4554
16,62,28.8631
16,63,28.912
16,64,29.7582
16,65,30.2244
16,66,29.5001
16,67,29.8376
16,68,29.9981
16,69,30.8083
16,70,28.217
16,71,31.0646
16,72,29.2847
16,73,28.1454
16,74,29.9086
16,75,31.7693
16,76,28.4633
16,77,28.7834
16,78,30.6139
16,79,29.8536
16,80,30.3266
16,81,26.9999
16,82,29.0137
16,83,28.0766
16,84,29.0914
16,85,30.7889
16,86,29.8656
16,87,28.6287
16,88,28.4391
16,89,-7.10543e-15
16,90,29.745
16,91,28.4827
16,92,30.0989
16,93,29.4017
16,94,27.8833
16,95,29.1812
16,96,25.5632
16,97,29.0972
16,98,-3.55271e-15
16,99,29.1299
17,0,7.10543e-15
17,1,31.6049
17,2,28.5556
17,3,30.0201
17,4,29.7431
17,5,28.0396
17,6,29.9365
17,7,29.8886
17,8,29.5998
17,9,29.8603
17,10,26.2203
17,11,30.1794
17,12,28.56
17,13,28.7857
17,14,29.745
17,15,31.1045
17,16,27.8224
17,17,0
17,18,28.9114
17,19,29.5669
17,20,33.7308
17,21,28.8407
17,22,26.2615
17,23,29.2662
17,24,30.4689
17,25,29.266
17,26,29.8687
17,27,0
17,28,29.0837
17,29,30.4056
17,30,30.988
17,31,26.9031
17,32,29.4345
17,33,28.7625
17,34,29.4454
17,35,30.0458
17,36,32.8476
17,37,28.2493
17,38,30.9785
17,39,0
17,40,29.346
17,41,31.1506
17,42,33.13
17,43,29.6089
17,44,28.7612
17,45,29.1662
17,46,31.2926
17,47,27.5598
17,48,29.7814
17,49,30.3232
17,50,30.52
17,51,29.0687
17,52,30.2241
17,53,32.72
17,54,28.2796
17,55,29.7199
17,56,31.4486
17,57,31.1556
17,58,28.6579
17,59,30.2957
17,60,30.6146
17,61,28.1031
17,62,29.6788
17,63,30.2542
17,64,31.9493
17,65,29.565
17,66,31.1019
17,67,29.9838
17,68,30.9275
17,69,28.8237
17,70,29.169
17,71,28.8618
17,72,30.5136
17,73,29.9029
17,74,29.56
17,75,28.9524
17,76,29.9431
17,77,29.0268
17,78,28.8632
17,79,27.7999
17,80,31.1082
17,81,27.7269
17,82,28.2686
17,83,28.7403
17,84,32.1346
17,85,29.2508
17,86,28.7412
17,87,33.6798
17,88,32.5632
17,89,0
17,90,28.0557
17,91,30.2647
17,92,28.5606
17,93,30.3759
17,94,27.1603
17,95,27.9675
17,96,28.7697
17,97,28.6623
17,98,0
17,99,27.7313
18,0,0
18,1,30.7499
18,2,32.6938
18,3,30.2654
18,4,30.9321
18,5,29.4136
18,6,26.2998
18,7,31.4485
18,8,32.6692
18,9,28.1457
18,10,29.645
18,11,30.7615
18,12,31.8244
18,13,31.1884
18,14,30.4351
18,15,28.5343
18,16,29.7232
18,17,28.9114
18,18,0
18,19,30.6176
18,20,28.5922
18,21,30.0542
18,22,31.0787
18,23,29.3956
18,24,28.893
18,25,32.046
18,26,29.1811
18,27,0
18,28,30.7459
18,29,29.6409
18,30,31.9007
18,31,30.2611
18,32,29.2281
18,33,32.5135
18,34,29.0125
18,35,32.1238
18,36,28.7825
18,37,27.5044
18,38,31.9376
18,39,0
18,40,28.294
18,41,29.1938
18,42,30.5703
18,43,28.8771
18,44,30.4245
18,45,29.9872
18,46,28.6422
18,47,28.4901
18,48,29.0253
18,49,29.5358
18,50,31.2533
18,51,30.462
18,52,27.6496
18,53,27.5402
18,54,29.2125
18,55,28.1956
18,56,27.0905
18,57,29.3075
18,58,28.7953
18,59,30.2439
18,60,28.8786
18,61,31.404
18,62,30.2089
18,63,30.3539
18,64,29.6298
18,65,30.2641
18,66,29.6646
18,67,29.5477
18,68,30.9244
18,69,28.9268
18,70,29.4492
18,71,28.7753
18,72,29.4404
18,73,28.4439
18,74,31.9784
18,75,30.9662
18,76,30.9855
18,77,30.123
18,78,30.1754
18,79,27.8484
18,80,30.0084
18,81,28.4756
18,82,29.137
18,83,31.9576
18,84,29.8505
18,85,30.2507
18,86,28.1069
18,87,27.2308
18,88,33.2654
18,89,0
18,90,31.167
18,91,32.5473
18,92,30.0575
18,93,31.5616
18,94,30.572
18,95,29.8597
18,96,30.0771
18,97,30.504
18,98,0
18,99,30.6791
19,0,0
19,1,31.1262
19,2,30.1268
19,3,31.3597
19,4,31.8895
19,5,30.1503
19,6,28.5409
19,7,28.6493
19,8,30.4447
19,9,28.5555
19,10,30.0477
19,11,30.2128
19,12,28.2595
19,13,28.8243
19,14,30.5578
19,15,28.1854
19,16,30.3839
19,17,29.5669
19,18,30.6176
19,19,0
19,20,29.7528
19,21,27.7866
19,22,27.5099
19,23,28.5992
19,24,29.5644
19,25,31.2249
19,26,29.6985
19,27,0
19,28,28.836
19,29,30.5319
19,30,31.0725
19,31,29.9441
19,32,30.3975
19,33,29.4261
19,34,29.3154
19,35,31.9585
19,36,31.9504
19,37,28.8539
19,38,31.3989
19,39,0
19,40,28.1476
19,41,30.5387
19,42,31.5284
19,43,28.7595
19,44,27.8735
19,45,28.4091
19,46,29.4562
19,47,25.8569
19,48,28.7135
19,49,31.3406
19,50,29.1981
19,51,30.26
19,52,30.484
19,53,30.3109
19,54,29.7257
19,55,28.3375
19,56,28.3828
19,57,30.1686
19,58,28.4902
19,59,32.6508
19,60,28.8774
19,61,30.3518
19,62,28.1452
19,63,29.0884
19,64,31.2909
19,65,29.2465
19,66,29.3555
19,67,26.2609
19,68,31.113
19,69,27.5448
19,70,30.0234
19,71,27.4468
19,72,29.1257
19,73,29.0955
19,74,33.5967
19,75,28.6001
19,76,30.2544
19,77,29.9921
19,78,29.6054
19,79,27.1708
19,80,27.732
19,81,26.0273
19,82,29.3775
19,83,31.8029
19,84,30.8064
19,85,28.8595
19,86,28.5941
19,87,29.6639
19,88,32.6613
19,89,0
19,90,30.7953
19,91,31.5325
19,92,27.734
19,93,32.6923
19,94,27.8145
19,95,28.7483
19,96,29.7256
19,97,29.123
19,98,0
19,99,30.8815
20,0,0
20,1,30.5018
20,2,30.0726
20,3,28.6157
20,4,31.1679
20,5,28.5718
20,6,31.0342
20,7,29.8673
20,8,31.1161
20,9,28.0408
20,10,30.963
20,11,28.9412
20,12,28.5106
20,13,27.7612
20,14,28.3226
20,15,31.6268
20,16,29.3717
20,17,33.7308
20,18,28.5922
20,19,29.7528
20,20,0
20,21,27.7279
20,22,28.6827
20,23,27.6161
20,24,25.5348
20,25,29.6488
20,26,29.2799
20,27,0
20,28,30.3412
20,29,28.4032
20,30,31.3902
20,31,28.1487
20,32,30.182
20,33,31.0999
20,34,30.0126
20,35,32.0881
20,36,28.5387
20,37,30.5836
20,38,32.3243
20,39,0
20,40,30.522
20,41,31.9927
20,42,31.5591
20,43,31.1216
20,44,28.9614
20,45,29.1291
20,46,27.8169
20,47,28.7955
20,48,30.629
20,49,30.0017
20,50,30.2006
20,51,30.3057
20,52,27.3513
20,53,30.704
20,54,28.848
20,55,28.6814
20,56,27.8118
20,57,31.5066
20,58,27.8707
20,59,28.6268
20,60,28.2925
20,61,28.8406
20,62,29.9052
20,63,30.518
20,64,28.7066
20,65,29.9479
20,66,30.908
20,67,27.9396
20,68,30.2103
20,69,29.022
20,70,29.7172
20,71,28.2004
20,72,31.5178
20,73,27.9032
20,74,29.0249
20,75,30.5335
20,76,31.4528
20,77,30.2034
20,78,29.8365
20,79,29.2386
20,80,28.5514
20,81,28.9348
20,82,27.6589
20,83,31.4095
20,84,30.6655
20,85,28.6645
20,86,29.4782
20,87,30.2037
20,88,31.066
20,89,0
20,90,29.0432
20,91,28.3987
20,92,28.1299
20,93,30.7662
20,94,28.9124
20,95,26.7039
20,96,26.7872
20,97,28.0021
20,98,0
20,99,27.8437
21,0,-3.55271e-15
21,1,27.973
21,2,29.0052
21,3,26.8876
21,4,30.1081
21,5,29.485
21,6,30.3094
21,7,29.664
21,8,29.3672
21,9,27.0104
21,10,30.2264
21,11,31.1402
21,12,28.7814
21,13,27.4505
21,14,28.2429
21,15,30.5587
21,16,31.0015
21,17,28.8407
21,18,30.0542
21,19,27.7866
21,20,27.7279
21,21,0
21,22,30.1278
21,23,25.8367
21,24,27.4545
21,25,29.5167
21,26,27.7743
21,27,-7.10543e-15
21,28,28.9833
21,29,27.9237
21,30,31.0328
21,31,30.8594
21,32,28.7763
21,33,30.6379
21,34,29.525
21,35,31.2497
21,36,28.9578
21,37,30.9943
21,38,30.1086
21,39,0
21,40,28.7189
21,41,28.6713
21,42,27.9776
21,43,28.1798
21,44,27.7983
21,45,30.9569
21,46,29.7
21,47,27.9923
21,48,31.1398
21,49,27.6086
21,50,30.3693
21,51,28.2228
21,52,29.0801
21,53,26.5558
21,54,26.3805
21,55,31.3698
21,56,28.1514
21,57,29.2797
21,58,27.4617
21,59,26.9525
21,60,28.1027
21,61,30.7338
21,62,27.6891
21,63,27.0904
21,64,28.2241
21,65,31.5759
21,66,29.8921
21,67,28.7838
21,68,29.7607
21,69,30.0134
21,70,28.9432
21,71,28.3573
21,72,28.3137
21,73,26.1728
21,74,28.7598
21,75,29.3271
21,76,28.8502
21,77,30.118
21,78,29.498
21,79,28.1551
21,80,28.5932
21,81,26.6323
21,82,27.1978
21,83,29.0511
21,84,29.4827
21,85,29.4235
21,86,29.1851
21,87,27.1824
21,88,29.0775
21,89,-7.10543e-15
21,90,30.6886
21,91,29.8721
21,92,29.6538
21,93,30.0467
21,94,27.9577
21,95,29.4189
21,96,27.1387
21,97,28.4471
21,98,-3.55271e-15
21,99,27.4187
22,0,0
22,1,28.0291
22,2,28.8626
22,3,29.4064
22,4,29.5483
22,5,28.3069
22,6,29.4563
22,7,29.3736
22,8,28.0838
22,9,26.6284
22,10,29.7945
22,11,31.359
22,12,29.1905
22,13,28.419
22,14,28.8196
22,15,29.7737
22,16,30.6971
22,17,26.2615
22,18,31.0787
22,19,27.5099
22,20,28.6827
22,21,30.1278
22,22,0
22,23,27.2777
22,24,27.45
22,25,27.8439
22,26,28.8308
22,27,-3.55271e-15
22,28,28.9881
22,29,29.0394
22,30,29.3726
22,31,30.0794
22,32,29.2424
22,33,29.248
22,34,27.6341
22,35,32.7647
22,36,28.3871
22,37,30.1639
22,38,28.755
22,39,0
22,40,28.4134
22,41,29.2768
22,42,29.2187
22,43,29.0162
22,44,29.1408
22,45,26.5906
22,46,29.6252
22,47,27.0105
22,48,31.0056
22,49,27.6212
22,50,28.7953
22,51,30.6261
22,52,29.0054
22,53,27.6253
22,54,25.1795
22,55,29.9897
22,56,26.9673
22,57,28.7075
22,58,28.0637
22,59,28.3816
22,60,25.6216
22,61,31.5035
22,62,28.6391
22,63,27.2139
22,64,28.9656
22,65,26.1236
22,66,27.9374
22,67,28.4
22,68,28.6177
22,69,27.8676
22,70,29.6941
22,71,27.3112
22,72,31.0116
22,73,27.5056
22,74,28.5437
22,75,29.2805
22,76,30.4985
22,77,31.7115
22,78,30.1282
22,79,29.7012
22,80,31.6417
22,81,28.3491
22,82,26.9897
22,83,29.4728
22,84,28.8694
22,85,29.9701
22,86,29.115
22,87,27.988
22,88,31.9177
22,89,0
22,90,29.4362
22,91,29.2933
22,92,30.7544
22,93,28.8628
22,94,28.9041
22,95,30.5464
22,96,25.8134
22,97,30.1669
22,98,0
22,99,27.852
23,0,0
23,1,30.8856
23,2,28.3999
23,3,29.926
23,4,27.8175
23,5,29.1916
23,6,26.7125
23,7,27.152
23,8,29.7156
23,9,27.5172
23,10,28.0484
23,11,28.8807
23,12,29.336
23,13,28.3532
23,14,30.3196
23,15,26.2444
23,16,28.58
23,17,29.2662
23,18,29.3956
23,19,28.5992
23,20,27.6161
23,21,25.8367
23,22,27.2777
23,23,0
23,24,28.3746
23,25,29.7943
23,26,30.3094
23,27,0
23,28,27.9021
23,29,29.184
23,30,28.37
23,31,26.2712
23,32,32.1717
23,33,27.4034
23,34,28.2227
23,35,29.2686
23,36,32.2016
23,37,25.9876
23,38,32.0535
23,39,0
23,40,28.0617
23,41,27.9261
23,42,30.6679
23,43,30.1177
23,44,26.7842
23,45,28.7868
23,46,28.0475
23,47,26.9731
23,48,29.7492
23,49,30.0821
23,50,29.4286
23,51,29.9938
23,52,29.0965
23,53,27.7699
23,54,31.6614
23,55,27.6195
23,56,28.8143
23,57,27.0469
23,58,31.6446
23,59,29.5598
23,60,27.4219
23,61,29.8855
23,62,27.0257
23,63,29.9707
23,64,31.0883
23,65,27.6129
23,66,28.5493
23,67,26.3585
23,68,29.6211
23,69,27.2091
23,70,29.4608
23,71,26.63
23,72,26.9595
23,73,28.1922
23,74,31.5329
23,75,28.0373
23,76,31.3301
23,77,27.6838
23,78,27.0319
23,79,26.9814
23,80,28.8258
23,81,28.4065
23,82,27.7572
23,83,31.8322
23,84,28.9641
23,85,26.5688
23,86,28.5337
23,87,27.6528
23,88,31.9178
23,89,0
23,90,28.6535
23,91,29.2668
23,92,26.9275
23,93,26.561
23,94,28.4301
23,95,25.1424
23,96,27.5703
23,97,26.916
23,98,0
23,99,29.6681
24,0,3.55271e-15
24,1,29.7714
24,2,28.0033
24,3,29.2763
24,4,30.4633
24,5,26.246
24,6,27.2259
24,7,27.4085
24,8,29.827
24,9,26.5449
24,10,26.853
24,11,28.8133
24,12,28.9829
24,13,30.2216
24,14,29.4237
24,15,25.9488
24,16,28.1135
24,17,30.4689
24,18,28.893
24,19,29.5644
24,20,25.5348
24,21,27.4545
24,22,27.45
24,23,28.3746
24,24,0
24,25,28.0126
24,26,30.073
24,27,0
24,28,26.4324
24,29,29.4489
24,30,29.3459
24,31,28.0845
24,32,30.0965
24,33,27.698
24,34,27.9663
24,35,29.0159
24,36,27.7478
24,37,28.2213
24,38,30.0798
24,39,0
24,40,27.5177
24,41,27.7743
24,42,28.4307
24,43,29.9327
24,44,26.5362
24,45,26.5883
24,46,27.8631
24,47,24.9212
24,48,27.5373
24,49,29.0162
24,50,28.0496
24,51,29.8687
24,52,27.4031
24,53,25.8422
24,54,27.9981
24,55,28.116
24,56,24.4849
24,57,27.3436
24,58,30.8597
24,59,29.7697
24,60,26.7051
24,61,31.1794
24,62,29.2364
24,63,27.437
24,64,31.1304
24,65,26.7618
24,66,27.9316
24,67,26.081
24,68,27.8165
24,69,28.7115
24,70,28.3087
24,71,26.927
24,72,24.4901
24,73,26.8399
24,74,31.5964
24,75,29.0351
24,76,28.581
24,77,28.0988
24,78,26.7516
24,79,26.6448
24,80,29.3407
24,81,29.0594
24,82,26.5879
24,83,30.4054
24,84,29.2642
24,85,26.2866
24,86,26.1783
24,87,28.1013
24,88,28.647
24,89,0
24,90,29.5909
24,91,30.033
24,92,25.9073
24,93,28.64
24,94,31.4205
24,95,28.68
24,96,29.6579
24,97,27.5561
24,98,0
24,99,29.3938
25,0,0
25,1,29.1159
25,2,30.4939
25,3,30.7443
25,4,32.263
25,5,29.6707
25,6,28.6552
25,7,30.7486
25,8,31.6079
25,9,28.9039
25,10,29.9001
25,11,29.7464
25,12,28.9398
25,13,29.5575
25,14,29.0743
25,15,30.003
25,16,29.1586
25,17,29.266
25,18,32.046
25,19,31.2249
25,20,29.6488
25,21,29.5167
25,22,27.8439
25,23,29.7943
25,24,28.0126
25,25,0
25,26,29.9181
25,27,0
25,28,30.0113
25,29,30.4256
25,30,30.9478
25,31,29.4944
25,32,30.1815
25,33,30.6058
25,34,30.4534
25,35,32.9523
25,36,29.234
25,37,29.9302
25,38,32.0072
25,39,0
25,40,29.4198
25,41,29.7845
25,42,31.4661
25,43,32.4305
25,44,29.7979
25,45,29.4527
25,46,30.0514
25,47,28.4362
25,48,29.3414
25,49,29.486
25,50,29.6969
25,51,30.7916
25,52,29.0031
25,53,29.4514
25,54,29.3589
25,55,30.8151
25,56,30.0519
25,57,29.0943
25,58,27.606
25,59,29.2742
25,60,27.3131
25,61,31.0709
25,62,29.5187
25,63,30.0838
25,64,31.1198
25,65,29.1765
25,66,29.6312
25,67,28.8157
25,68,29.4672
25,69,29.1008
25,70,30.4552
25,71,29.2808
25,72,30.7677
25,73,29.6752
25,74,31.6387
25,75,30.1903
25,76,30.4503
25,77,29.0637
25,78,29.4713
25,79,27.721
25,80,31.4533
25,81,28.6176
25,82,30.5499
25,83,31.3619
25,84,31.1475
25,85,28.8948
25,86,29.5156
25,87,28.8755
25,88,32.7257
25,89,0
25,90,30.8846
25,91,30.1034
25,92,29.8191
25,93,33.0844
25,94,31.6991
25,95,28.7229
25,96,28.1816
25,97,28.4762
25,98,3.55271e-15
25,99,31.0066
26,0,0
26,1,30.4446
26,2,27.2895
26,3,32.1141
26,4,30.5716
26,5,27.5223
26,6,25.807
26,7,29.037
26,8,30.0382
26,9,27.6134
26,10,29.7222
26,11,28.9166
26,12,30.6419
26,13,28.5446
26,14,30.1621
26,15,29.4403
26,16,27.3914
26,17,29.8687
26,18,29.1811
26,19,29.6985
26,20,29.2799
26,21,27.7743
26,22,28.8308
26,23,30.3094
26,24,30.073
26,25,29.9181
26,26,0
26,27,0
26,28,29.0505
26,29,29.6689
26,30,27.7181
26,31,29.9245
26,32,30.3537
26,33,29.6847
26,34,27.8242
26,35,30.5599
26,36,31.4098
26,37,26.4243
26,38,29.9986
26,39,0
26,40,27.2708
26,41,24.9213
26,42,29.6861
26,43,28.8295
26,44,27.7805
26,45,28.1007
26,46,30.0421
26,47,28.3809
26,48,29.4754
26,49,29.4513
26,50,29.2954
26,51,28.3049
26,52,30.2845
26,53,31.2297
26,54,31.5907
26,55,28.5433
26,56,27.2205
26,57,27.914
26,58,28.9655
26,59,30.1092
26,60,26.1875
26,61,30.0258
26,62,28.939
26,63,28.194
26,64,28.613
26,65,28.679
26,66,28.9824
26,67,27.0882
26,68,28.7155
26,69,27.325
26,70,28.6272
26,71,29.3194
26,72,28.7271
26,73,28.0948
26,74,32.2006
26,75,28.8756
26,76,31.3919
26,77,28.9976
26,78,28.289
26,79,27.0323
26,80,28.5071
26,81,25.6415
26,82,27.7635
26,83,31.2186
26,84,30.8894
26,85,27.2208
26,86,28.6479
26,87,28.6132
26,88,31.5473
26,89,0
26,90,29.4149
26,91,31.2601
26,92,29.1376
26,93,29.6318
26,94,28.4622
26,95,29.0961
26,96,28.9666
26,97,29.4121
26,98,-7.10543e-15
26,99,28.9962
27,0,0
27,1,-7.10543e-15
27,2,0
27,3,0
27,4,0
27,5,-3.55271e-15
27,6,0
27,7,0
27,8,0
27,9,-3.55271e-15
27,10,-3.55271e-15
27,11,-7.10543e-15
27,12,-3.55271e-15
27,13,-3.55271e-15
27,14,-3.55271e-15
27,15,0
27,16,-3.55271e-15
27,17,0
27,18,0
27,19,0
27,20,0
27,21,-7.10543e-15
27,22,-3.55271e-15
27,23,0
27,24,0
27,25,0
27,26,0
27,27,0
27,28,-3.55271e-15
27,29,0
27,30,-7.10543e-15
27,31,-1.06581e-14
27,32,0
27,33,-3.55271e-15
27,34,-7.10543e-15
27,35,-3.55271e-15
27,36,0
27,37,-7.10543e-15
27,38,-7.10543e-15
27,39,0
27,40,-7.10543e-15
27,41,0
27,42,0
27,43,-7.10543e-15
27,44,0
27,45,0
27,46,-7.10543e-15
27,47,0
27,48,-3.55271e-15
27,49,0
27,50,0
27,51,0
27,52,0
27,53,0
27,54,-7.10543e-15
27,55,-3.55271e-15
27,56,-3.55271e-15
27,57,-7.10543e-15
27,58,-7.10543e-15
27,59,0
27,60,-3.55271e-15
27,61,0
27,62,0
27,63,0
27,64,0
27,65,-3.55271e-15
27,66,0
27,67,0
27,68,-3.55271e-15
27,69,0
27,70,0
27,71,3.55271e-15
27,72,0
27,73,0
27,74,-7.10543e-15
27,75,3.55271e-15
27,76,-7.10543e-15
27,77,-3.55271e-15
27,78,0
27,79,0
27,80,0
27,81,-3.55271e-15
27,82,0
27,83,0
27,84,-7.10543e-15
27,85,-3.55271e-15
27,86,-7.10543e-15
27,87,0
27,88,-7.10543e-15
27,89,0
27,90,-3.55271e-15
27,91,-7.10543e-15
27,92,-3.55271e-15
27,93,0
27,94,-3.55271e-15
27,95,-3.55271e-15
27,96,-7.10543e-15
27,97,0
27,98,3.55271e-15
27,99,-7.10543e-15
28,0,0
28,1,29.3791
28,2,30.5132
28,3,29.219
28,4,29.8171
28,5,29.3169
28,6,32.4725
28,7,31.5039
28,8,30.1974
28,9,30.5593
28,10,29.8587
28,11,31.1595
28,12,28.5834
28,13,28.6544
28,14,29.1696
28,15,28.577
28,16,30.7572
28,17,29.0837
28,18,30.7459
28,19,28.836
28,20,30.3412
28,21,28.9833
28,22,28.9881
28,23,27.9021
28,24,26.4324
28,25,30.0113
28,26,29.0505
28,27,-3.55271e-15
28,28,0
28,29,26.5898
28,30,31.7734
28,31,31.2218
28,32,27.9361
28,33,31.786
28,34,28.06
28,35,31.0111
28,36,28.9167
28,37,29.9932
28,38,29.5454
28,39,0
28,40,29.7094
28,41,29.0486
28,42,28.366
28,43,28.9251
28,44,29.9494
28,45,28.1727
28,46,27.8833
28,47,29.1386
28,48,30.5134
28,49,28.6119
28,50,31.0262
28,51,30.2578
28,52,27.2721
28,53,28.9916
28,54,25.5891
28,55,30.3573
28,56,31.4447
28,57,28.6173
28,58,27.0668
28,59,27.9393
28,60,28.7078
28,61,28.2063
28,62,30.8343
28,63,26.9302
28,64,29.2735
28,65,29.8512
28,66,29.9156
28,67,28.8162
28,68,29.8536
28,69,29.3621
28,70,27.8095
28,71,30.8797
28,72,30.7401
28,73,26.5617
28,74,29.8915
28,75,30.94
28,76,29.8897
28,77,30.6334
28,78,27.7916
28,79,29.5725
28,80,29.8455
28,81,26.5976
28,82,29.0586
28,83,28.1715
28,84,29.4399
28,85,29.3666
28,86,30.21
28,87,27.6056
28,88,29.6926
28,89,0
28,90,28.9711
28,91,28.3503
28,92,28.7601
28,93,30.4653
28,94,28.9733
28,95,29.6554
28,96,25.7252
28,97,29.0847
28,98,3.55271e-15
28,99,27.2193
29,0,0
29,1,28.5361
29,2,30.5207
29,3,31.4166
29,4,30.5361
29,5,30.5838
29,6,29.8496
29,7,31.2668
29,8,30.2903
29,9,29.6649
29,10,28.5649
29,11,30.0163
29,12,28.6025
29,13,28.343
29,14,30.1101
29,15,29.4912
29,16,28.0789
29,17,30.4056
29,18,29.6409
29,19,30.5319
29,20,28.4032
29,21,27.9237
29,22,29.0394
29,23,29.184
29,24,29.4489
29,25,30.4256
29,26,29.6689
29,27,0
29,28,26.5898
29,29,0
29,30,30.5016
29,31,29.7899
29,32,31.5042
29,33,29.5738
29,34,28.186
29,35,31.0465
29,36,30.3029
29,37,29.4965
29,38,31.025
29,39,0
29,40,27.8383
29,41,28.43
29,42,30.1258
29,43,29.6871
29,44,27.6652
29,45,26.6845
29,46,29.7686
29,47,26.1325
29,48,28.0915
29,49,31.5369
29,50,28.4003
29,51,28.9176
29,52,27.8955
29,53,28.9463
29,54,31.1829
29,55,26.3091
29,56,28.4361
29,57,30.2876
29,58,29.4514
29,59,31.5772
29,60,28.4511
29,61,29.078
29,62,29.1255
29,63,28.7452
29,64,28.5533
29,65,28.1579
29,66,31.1269
29,67,27.6206
29,68,28.5352
29,69,30.0929
29,70,29.2672
29,71,27.567
29,72,29.1157
29,73,28.7982
29,74,30.7777
29,75,28.3214
29,76,30.9218
29,77,28.8303
29,78,29.4075
29,79,27.3951
29,80,28.2793
29,81,28.7002
29,82,30.4512
29,83,28.5967
29,84,31.458
29,85,27.5676
29,86,29.4471
29,87,29.2547
29,88,32.7747
29,89,0
29,90,29.5864
29,91,31.0528
29,92,27.3473
29,93,31.7274
29,94,27.4049
29,95,27.8109
29,96,27.6217
29,97,30.7168
29,98,0
29,99,28.5018
30,0,-3.55271e-15
30,1,29.8755
30,2,32.5202
30,3,31.5756
30,4,33.717
30,5,27.5889
30,6,29.858
30,7,31.282
30,8,31.1517
30,9,28.0834
30,10,29.7282
30,11,32.187
30,12,29.7168
30,13,28.4576
30,14,30.4169
30,15,29.965
30,16,29.9982
30,17,30.988
30,18,31.9007
30,19,31.0725
30,20,31.3902
30,21,31.0328
30,22,29.3726
30,23,28.37
30,24,29.3459
30,25,30.9478
30,26,27.7181
30,27,-7.10543e-15
30,28,31.7734
30,29,30.5016
30,30,0
30,31,30.5398
30,32,30.0896
30,33,30.4066
30,34,29.2987
30,35,33.8967
30,36,32.0457
30,37,28.1005
30,38,30.7587
30,39,0
30,40,30.984
30,41,29.1433
30,42,32.499
30,43,31.6236
30,44,29.8161
30,45,31.0829
30,46,30.9136
30,47,29.1161
30,48,31.4473
30,49,32.1149
30,50,32.6521
30,51,33.0285
30,52,29.8327
30,53,31.7457
30,54,31.3581
