0,0,30.08244991685351,32.83318514856577,31.40459538029427,32.00477908063106,33.528150306869,33.59427168432143,31.73716895061687,32.45536223800313,34.50492175038222,33.42891431081781,33.22602808040708,32.24197135722319,32.48364017470949,32.24560066117548,31.63935866922717,31.27073179508276,33.47911014349096,32.0491641388664,32.90875745147483,32.714312448835,31.35941705453086,30.59597045363981,31.38674624742107,31.26466801359004,32.11738178930532,32.38207275638791,32.75720020087188,32.32240015840408,33.63901808911787,31.86794425437575,32.99330789720849,31.3806840588283,33.40335123905984,33.44553696683611,32.38186793562101,32.46681302499524,30.73958288591437,32.7626310909243,32.01662538432181,30.72377069957397,32.24764788321778,33.03750278093063,31.98705136457564,31.07047193075767,31.43691925109711,34.3091204638067,34.26091735491038,31.70875573087031,31.19313527044052,33.29784167179608,31.5146594777732,33.60327897690939,31.81099869541979,33.54775612466502,32.46252105120611,32.21250904540035,31.66107480803518,30.24733725470724,34.85063284934722,33.18970017942315,32.07243372430599,33.3168320372751,32.41927835409048,32.0398247654384,34.12004866643657,32.53638775279149,33.64818846535427,33.12161757825243,31.80250821869243,33.88567245902021,33.87536399804436,32.85864826799787,34.12681965844459,32.29497722556868,32.56104648195448,31.00588727967641,31.42064283238012,30.89591141235359,32.82076738895665,31.93806686385386,32.47802127593367,35.05901905359018,31.76721333387617,33.91586475382871,31.57247611448935,33.16729692030992,33.72699177216967,32.82628413329781,29.30616900927176,32.38062970357433,31.62433075971728,31.17011793368771,32.88049669637002,31.90251505759382,33.0996315538406,32.01573717720709,32.56053809444801,31.5405726802796,34.01488994543419
89,30.08244991685351,0,4.457955745076652,1.581039113497257,2.834441408906158,5.557302984410634,5.641595917523438,3.235386865970961,3.380266989924324,6.492713619844269,5.043626104615963,4.410481015766902,4.967567953018658,4.013182687134793,4.118656844344499,3.439558932750876,4.424194851219716,3.864393584969967,3.379511418939122,3.150227823865718,3.649195455570318,4.824722557758564,4.000723070599196,2.425998787621766,3.824931184694361,2.913361823090432,2.878847691734999,32.93518905365507,4.852139330822802,3.709073400544383,2.59541830206434,4.924171173778843,2.312656632977171,5.355630240167519,4.434110305000621,3.690277133911553,2.73285741629675,4.186114911653772,3.447013237081559,48.99687824335955,3.182302840351717,3.918031771672473,3.529076402029559,2.347917256855438,3.002488263595798,4.155583301242111,4.472992370821852,6.660332192306243,3.241137082663715,1.981234395359998,4.837574776474136,2.353069726024004,4.979345270037133,2.665793177252413,4.202885107301157,5.51515758954734,4.798678458230413,3.117828876707454,1.619498515481447,5.617814638357306,4.636651549138072,3.942153875770536,4.790786504520261,4.333141649685314,2.514393890954713,6.360421812429568,3.211824236260662,6.405963208270095,4.630618879342384,3.403681963142473,6.251909881783416,5.974993910301558,3.828095880226945,5.726435636302372,2.797657857841486,4.647524085497492,1.788221839148167,4.157713375100912,3.498138206335013,5.665530521716452,4.27621530420796,4.635461330883806,6.339264994800118,2.265858201370987,4.172716168431549,4.566249602254047,5.084598555379446,4.523774909691753,3.089121594495704,30.85686016107277,4.147724103975727,3.241016012427953,3.757888615547079,3.715642556124262,3.665446691268101,6.257230035812705,4.834201959903047,5.856513730108786,31.22101157874294,4.44534293608913
98,32.83318514856577,4.457955745076652,0,3.803233954110188,1.672279103166996,2.159089129647061,1.68323681980787,1.972272733716493,2.104889592351962,4.148855942733377,1.439228286654016,1.129157750018796,2.524696904239888,3.031183614962948,3.005652744285921,3.81477515227387,2.263151919683756,4.211691164780322,1.419277130879603,2.297197517550905,3.28560041226347,2.001492688263744,2.387650577752106,4.959519423526202,4.071536094055083,1.835297331260921,3.384269242394445,31.88900666373916,2.027789963617132,3.446946479194517,1.966768025719111,1.4247286797918,4.384842009366319,0.9791714544518254,2.281902892719201,1.71622767866448,3.83240421197916,3.36217042849302,2.099893422419167,50.20218287265679,3.31273961467269,2.566752098830677,3.412401594653122,2.820578949858128,3.24200337411735,2.946582322437775,3.336869754735138,3.753121810715341,2.264451770362322,2.953287793563518,0.6113642020130057,2.115986907376526,3.610604492079529,4.682912118675667,4.835724195472282,1.617401230707352,3.988557263058384,3.905667473816766,4.613297905133995,3.397807819216419,3.753308252391867,1.711702693200592,1.960264271570884,3.399043722345789,4.226970227061161,2.227212862976692,2.697586352839976,2.978574347163661,2.104644632701624,3.048987340392164,3.325074109537278,2.693664115958375,1.843609019158815,4.100800900868625,2.591201078282804,1.462761237312143,2.846975279463611,1.641372297528322,2.653468516502259,4.456238607706539,1.268095267187307,4.111112687983679,4.278856649442877,3.152265204963072,3.145537975644,2.234282239387483,1.483323486712028,4.663799120135944,2.732088019966676,33.5339042015689,1.288055516048572,2.496453951748926,2.518879359141076,1.608702765530098,2.380967619144332,2.126139263970332,4.54650582651923,2.407581701560698,31.34944886277907,2.703492094999446
27,31.40459538029427,1.581039113497257,3.803233954110188,0,2.273215383833894,4.663247264064553,5.060162627441771,3.174830591898169,2.943589267146187,5.957774451387119,4.484098053038765,3.42789616265267,4.649992790070449,3.639259998199896,3.623152045272918,3.744576660188788,4.573389656038195,3.470867722568719,2.763664739411932,2.017325331352403,3.437996864524481,4.757463801753259,3.938833039253846,2.075003769843137,2.915342520725201,2.381524999730785,1.860269970845004,33.83148397572889,4.787043150921425,2.285156104959627,2.159756687635989,4.310314422876393,1.363031832469811,4.729381502784809,3.860709654952867,3.434510082829897,2.133294748329931,4.434459717014241,2.830473557963315,50.13796652863306,3.754860203396862,3.941022954567546,3.211308275865769,1.769301368422147,3.339954892636507,4.479006796247866,3.629468512830476,6.211806116159419,3.300893537404424,1.935665023942699,4.096429644446119,1.880379956349989,4.232947762427779,2.99145783948511,3.168176018460215,5.147782842227978,5.066286518899068,3.533192687232328,1.558272945293265,4.528419040872699,4.358456695786448,3.116439893228614,4.111185888798031,4.242340814366976,2.123238475812801,5.816786061993555,2.840536878031672,6.012329955253907,4.248495592721719,2.82206176924493,5.825484202115733,5.656271920146877,3.421432702844293,5.35261072844995,1.804682042484522,4.378637473021086,1.971241115815431,3.801876666812537,3.304177309061248,5.8904113741038,3.726809519404444,4.211645993275582,5.556331720169249,1.920207893815969,3.270224390908085,4.669110567632146,4.608646185498625,4.309714952912097,2.061325540122821,31.97284877829936,3.409067593523937,2.433382640001648,3.99222447693733,3.114927108073948,3.083358483328586,5.674418243620047,3.815099288802389,5.248836762971678,31.55585368834126,3.308846570700471
39,32.00477908063106,2.834441408906158,1.672279103166996,2.273215383833894,0,3.135906938554607,2.978650953805089,1.296949475079144,1.348493384738468,4.520890707973196,2.372511594129749,1.807572428823773,2.965559492587345,2.551782975037817,2.678118959014708,2.900633997508182,2.555897620471915,3.178392254313254,1.002233040872875,1.285532610259248,2.470548134459722,2.756807507610436,2.515265932372398,3.517415077578454,3.489137164128844,0.6010918962107633,2.231485371961483,32.37432456438281,2.592535055752719,2.599120426222999,0.3645558301743653,2.369552166573465,3.072122874722562,2.56167193860756,2.214059122565329,1.388930548836383,2.490729038262012,3.150916197188995,1.345811232414546,49.9032286543389,2.500552910903257,2.17128313282188,2.421974740809091,1.370270475009586,2.283981975140317,2.687700080052519,2.810967747461715,4.441534401189274,1.512135097060748,1.489639246621108,2.044129821512825,0.5997587318805754,3.421515321467222,3.2411739300382,3.876063196507933,3.007582180676228,3.61123486796884,2.78300179862427,3.180842405503742,3.584848548199783,3.293384449069605,1.899835941852785,2.405806189155983,2.97234434335877,2.812059238507018,3.621269452209347,1.738108761443657,3.985572334629649,2.321621273229733,2.416190769200204,4.008649421262352,3.514523404835523,1.492871366478129,4.046986291296553,1.440257630416314,2.157441451239064,1.307815317324889,2.12604777932377,2.325350311114215,4.333260520903788,1.980622117485814,3.662410482767227,4.467254878354128,1.727334027349446,2.54014823288936,2.584754529693605,2.465187052962933,3.793225956594438,1.658289234705551,32.51313266973824,1.766624935342008,1.917143749586984,2.213623609098076,1.214664484477351,2.03279595751765,3.68193495766519,4.216850640202477,3.573513105712092,31.41634789405033,2.466092119023202
21,33.528150306869,5.557302984410634,2.159089129647061,4.663247264064553,3.135906938554607,0,3.374707257132946,3.917207097901843,3.016644490279243,3.48661759033521,2.230197865020711,2.376682811587723,2.125218659938533,3.00501326657991,2.483959997143963,5.805553819622752,3.943694486444799,5.368539594360745,2.28340366035586,3.216613089935748,5.160276204396708,3.239612087303056,3.45930451018406,5.214022617169271,3.876852259890082,2.992407174108929,3.552518560135217,31.94507558294393,3.720051541852624,4.1664718981227,3.48404688186607,1.360616449386504,5.370737674888493,2.090446856923431,2.88744012974811,3.647405460350875,4.427121112514387,5.375204668170439,2.963594570465097,49.96292813567629,5.182866646138757,4.471540613560116,4.81772293199844,3.65724146476975,4.117517804277929,4.37989525352832,4.229330245174444,3.260947082563558,3.782135258792229,3.849105588208123,2.391319641816683,3.449640928201478,2.827707628706092,5.999067180647434,4.603444328195006,2.699641533029693,4.961685238909074,5.605409040294502,5.097852106628215,2.596956796321242,3.984682518677161,2.416163744650768,1.715346890916988,3.717667974773889,4.742046997917628,2.797769209557755,4.515876929939815,2.750354340099678,2.88972611044335,4.700519885852238,2.942476424047137,3.798633495964464,3.519186308439317,4.165873280037779,3.061437548903699,2.800515825957625,4.339131556731343,2.751699510119012,4.256704813341672,6.33292619040402,2.1185379960262,3.396964231733064,3.502502569996059,3.890666680070722,3.598263618250734,3.680059823897663,2.202984659448214,5.810597108994028,3.268328887818429,33.50029980462862,1.54875041396715,2.611735981362986,3.719232589284632,2.822072681560647,2.161656334958312,2.260039900901853,3.656462734874877,1.626240405804695,30.03561479310853,2.652806168261059
80,33.59427168432143,5.641595917523438,1.68323681980787,5.060162627441771,2.978650953805089,3.374707257132946,0,2.640053927360588,3.412468381134461,5.003806834306813,2.254520065058871,2.080945187335536,3.845281742030309,4.450901975130245,4.591661711453029,3.937729265972722,2.638611737279761,4.823250543375688,3.060799646054089,3.501190026680972,3.42263488290931,2.605196176725106,3.374228540527132,6.422173189110393,5.499757216496072,3.24115205108929,4.873770323563503,31.94354966186443,2.12215862824518,4.337913523721739,3.154138282837104,2.741615566033263,5.394223336951433,1.456224090199341,3.289883950845986,2.291327713757249,5.092443610610247,3.278336916393984,3.383503843632429,51.09905814404489,3.7527212029627,2.779613472772722,3.991099092010168,4.190107453802718,4.480806894932625,3.535403983879471,3.922465471375055,4.4031866529671,3.2138429298417,4.363722201813196,1.230394914776512,3.42501427822857,4.978399293995462,5.476647564467951,6.179212975578238,1.847448558481217,4.620517844730221,4.388655712927278,6.063873201458233,4.443391723233346,4.818579047582806,3.021193952055574,3.265666882506125,4.560692661136317,5.554945545769651,2.022285317285252,3.132954233275018,3.509461606301838,3.003817758513586,3.472441983950714,4.053448200455488,2.459213158231229,2.498026155038027,4.88821108446838,4.092106482132621,2.231514671023915,3.921914719752819,2.749121191059281,3.266248566726179,3.949797608454715,2.628881530737242,5.631524660902762,5.212272692925957,4.538469410112929,4.147941874208329,2.76417806667333,2.337633118324244,5.133875830444572,4.078454669511391,34.72570794094772,2.922379306040775,4.101756028163866,3.513524258130109,2.783926005141496,4.056075757955461,2.348739226135543,6.035883218446685,3.365748039721306,32.56432469743538,3.881631132668399
78,31.73716895061687,3.235386865970961,1.972272733716493,3.174830591898169,1.296949475079144,3.917207097901843,2.640053927360588,0,1.932415240659864,4.915532859521262,2.51819565674601,2.46366934230238,3.383041929026878,3.213863194712901,3.550706112092774,1.995920125587067,1.717273123036703,3.312060775885938,1.984810858685364,2.373633510026742,1.932415372146634,2.424087208354309,2.58076629032838,4.44223007135446,4.592336742568193,1.58336733903786,3.393284377506791,31.73465292074265,1.782005218572974,3.532085783282547,1.160010116355809,2.859568059079952,3.814032575322519,2.639049768722563,2.60171846466874,0.6889576884211859,3.283435568330696,2.237036987995956,2.074000276788191,49.72311117171322,1.419845432562944,1.1185474510313,2.372136107423731,2.297549004021956,2.370598829187126,1.90694881537688,3.211944796738216,4.629626983342168,1.084144250709717,2.19187590604689,2.229926199882479,1.543782112615139,4.299126841856513,3.216154337220837,4.951806932696336,2.822612764623516,3.175905302995087,2.131251848878912,4.048727254939424,4.474154000983653,3.635820349823403,2.726854075254582,3.040739443925272,3.219974847087414,3.595282838958716,3.478957680371464,1.464630842501756,4.025901193267292,2.40614321683043,2.568617801295049,4.193431614679124,3.040595481801379,1.280795069672996,4.265938201257196,2.668813785497568,1.906325699703152,1.456795743940114,2.376560763259194,2.294187158784529,3.210292101315958,2.47817018751291,4.500231748802138,5.100373058436841,2.53334792521529,3.263312538830803,1.903631762941059,2.553051916839292,3.722050681260601,2.753028367514251,32.5217214027794,2.61923863707973,3.055071922984222,1.834489760677554,1.727509996432543,3.023416428475632,3.796814419844332,5.420200407103177,4.04113512085813,31.89416548524196,3.454824965097948
67,32.45536223800313,3.380266989924324,2.104889592351962,2.943589267146187,1.348493384738468,3.016644490279243,3.412468381134461,1.932415240659864,0,3.326487348140497,1.863690977968957,2.552164286067729,2.346377040685835,1.390467011596177,1.930248635832921,3.397613864211014,2.847532378785126,2.756139731389549,1.40917496197947,1.690635432175041,2.863771146454579,3.145648822841531,3.330289118532774,3.388576256849485,4.219294086530143,0.7952882558569818,2.064775248174942,31.97103112193912,2.538896868230009,3.042013465986911,1.393387579112336,2.027484191404545,4.05091920277089,2.617723852925666,1.108552494730589,1.686099667250196,2.04030262157736,4.124828084648848,0.4189542474055284,49.57168263439505,2.921034658235743,2.238436392667126,2.132580378998355,1.25403635804263,1.639533985172456,2.308276699933789,2.350721235289512,3.386056477396132,1.29095281320673,1.520998303577485,2.505938627117842,1.75414543418295,2.408118490775132,3.07795488263387,3.408867684321808,3.31550366113574,2.623590221245589,2.766370132142653,3.658889062035962,2.876480282024179,1.955062549262329,2.844710786247316,1.63015694287926,1.69493952418674,2.398362609019369,3.305177231293231,2.296479020612099,3.238887908868413,1.332831516347468,3.723707052733649,2.991782316294821,2.974723912608709,1.362500971116797,2.740547562859587,1.541794301985934,1.857074536216777,2.048286637085361,2.93088998891909,3.591286797418978,4.240054535759834,2.633345709411616,2.706938710552302,3.352733965548645,1.400130154007126,1.814213700578747,2.524127230882367,1.980326104875944,3.162456995275482,1.463993471302833,31.80507968862835,2.109763055295939,2.48721649603527,1.922634713734558,0.717377443672214,1.860390331971367,3.943739370919786,4.615168420292371,3.767390760041393,31.10209412563728,2.008295634926491
60,34.50492175038222,6.492713619844269,4.148855942733377,5.957774451387119,4.520890707973196,3.48661759033521,5.003806834306813,4.915532859521262,3.326487348140497,0,2.855180674695685,4.724829766413491,2.835050585621449,2.548512656574282,2.960430257719704,6.30628423148817,4.996752110838061,4.802673137157234,4.046388659618326,4.445122577275692,5.626017680517836,4.984646242451429,5.731198573492517,5.588265184602861,6.441755864033242,4.016164704090706,4.341058184611351,31.23718130689771,4.281944529276505,5.407681778748754,4.667851675009672,3.000126868453801,7.108485610581423,3.800961132192586,2.494688061548625,4.430219195615096,4.395835144917775,6.962642797853619,3.353547880797114,49.47452825974078,5.790044907243063,4.756321036525683,4.594069799625546,4.287523542579165,4.00537444045086,4.273815095102662,3.971682976738767,1.131337725936065,4.137784166897701,4.566691406057057,4.370677098715352,4.966535425532018,2.140977072707879,5.695649555692952,4.590725653377929,4.680851344281974,3.526161811232914,5.494887897607002,6.399502057128128,2.5884183328185,2.219648706716062,5.211947648917635,2.342591563515442,2.4608735926484,4.687546621430863,3.428801187209796,5.265390400637819,2.322525953867247,2.537843506562844,6.784544068540219,1.343489441211376,3.384792867905829,3.966246049784296,1.53233184492527,4.236005765977266,3.481577911324211,5.350549398441188,5.219152308139125,6.531545893952189,5.956273317096105,4.725539857110088,2.827899946944638,1.319531352052917,4.270844730277651,3.344125316710623,4.346047445840933,2.904637142541771,4.717894493934827,4.011297072093722,31.69229276969402,4.061927015465801,4.863231911293437,4.100557151080967,3.456867187997755,3.731610274217829,4.767989897469626,6.137559705187685,4.563860742365266,30.33511789988626,3.298570997323067
26,33.42891431081781,5.043626104615963,1.439228286654016,4.484098053038765,2.372511594129749,2.230197865020711,2.254520065058871,2.51819565674601,1.863690977968957,2.855180674695685,0,2.283919312244405,2.012935100893182,2.419741773136961,2.692932201738124,4.207937302784723,2.60363014779311,3.959827064864762,2.049263305289807,2.770386531214145,3.59054161880182,2.586771718544626,3.415018679624148,5.142662564639881,5.016050915288328,2.16791626330675,3.569027837868769,31.42158110280259,1.869081643676112,3.968807885848561,2.582565047123123,1.080459040089222,5.336058539754569,1.118851009323527,1.394741315540225,2.006633340572618,3.775737001685895,4.306019696217899,1.909061525572007,49.98570108656507,3.684554824338628,2.590906362251267,3.262367637414294,3.01881477643076,3.018386898112038,2.618339304939129,3.012386557026666,2.396971733855392,2.242164837520138,3.226332832896537,1.631069526387299,2.916650034657484,2.924373755614094,4.676973867767788,4.717039543361821,2.147829980944019,3.114217156079504,3.92861822339484,5.240683278094411,2.817381381095075,2.785086201001082,2.966769528570484,1.204509474217614,2.525720396765653,4.197691389920551,1.46212691816017,3.143120487371451,1.820711994824418,1.003655630970254,4.282897358297341,1.993572193140677,1.686337493693643,1.786503913389629,2.845813596830154,2.94614708715062,1.006561966066691,3.437337588981937,2.790424158528161,3.951927650483307,4.203607510461758,2.37823541491147,3.56949575003964,3.198271895494657,3.238102834639104,2.749936012244043,2.1765863738752,0.4038521308452224,4.173406844050218,2.87662275900007,32.98451424532428,2.045718457685829,3.278527047096254,2.393572697985463,1.486904978804099,2.588976620985038,2.586060029375414,5.234554773173278,2.864542667221714,31.23148621183436,2.518910011534258
81,33.22602808040708,4.410481015766902,1.129157750018796,3.42789616265267,1.807572428823773,2.376682811587723,2.080945187335536,2.46366934230238,2.552164286067729,4.724829766413491,2.283919312244405,0,3.358526398811103,3.524574899258622,3.412000937634365,4.011304380678054,3.211396620508014,4.18467691297217,1.761224724675928,1.897419128201759,3.300635203084483,2.942552487988155,2.876563757761273,4.8075103511332,3.611698630492747,2.103610778463314,3.188352257763946,32.96657787820872,3.024740821505285,2.676643898541621,2.107034644286775,2.202930887530569,3.768771875899477,1.834043749894349,2.763807899964435,2.258567807456235,3.767230476121744,3.670951667617949,2.379483572832253,51.04157803327503,3.853787321407296,3.141943825421842,3.504889143404093,2.865651812111453,3.882507324543218,3.865026570944457,3.190753915351406,4.514481129790405,2.94629570800146,3.189167198385271,1.011566962744781,2.153370418194011,3.839520692570578,4.766247691777568,4.523004522770733,2.529575613448648,4.807293586440649,4.235232289199466,4.426560301852161,3.30710392264897,4.259637158053198,1.421819551668468,2.514703659414523,4.078956232847413,4.191558381664493,3.032623902934874,2.66564109481637,3.901508349030323,2.882948978178586,2.525290011384749,4.128699639208237,3.536855522143496,2.287812522571156,4.655082681485686,2.43996330039709,2.529858169221269,3.018069177827773,2.111078749179688,2.610809340132165,5.027279803592474,1.721498963399656,4.467889729723183,4.546126587485364,3.278928469808755,3.065766466543685,3.288365669720142,2.449839947401169,4.795637610438384,2.543714347608133,34.15481913288373,1.591474350538228,2.375644016893622,3.435667184631334,2.005267608872583,2.690067738861939,2.731532727353324,4.117171189077992,2.894728986877138,31.86289090776291,2.457035044114526
41,32.24197135722319,4.967567953018658,2.524696904239888,4.649992790070449,2.965559492587345,2.125218659938533,3.845281742030309,3.383041929026878,2.346377040685835,2.835050585621449,2.012935100893182,3.358526398811103,0,1.916664981050623,1.636262439590534,5.255099508101978,3.00549187832876,5.025280250851941,2.14947525677701,3.55010751335677,4.930560848853693,2.596860774563599,3.123742653022923,4.805909313687605,4.520319030176325,2.612450872936077,3.521291907823565,30.36856723653586,2.912930468384922,4.883359938944501,3.189023365420995,1.310378140175459,5.681457432611634,2.487686958237425,2.424165842558203,3.219657185606851,4.03728511155451,5.022587087655639,2.583370002640779,48.26573327939975,4.230678487184276,3.776876406299886,4.40781665043595,3.23370045418046,2.640551815344871,2.953219028745919,4.362437666364705,2.464107280562001,2.771522428987662,3.075812503971727,3.034274632251494,3.230862963870167,2.568325920535243,5.2670892695316,4.764261976509617,2.685033475487884,3.404049602486178,4.745965411269266,4.784932404963646,3.358226366486518,2.921800224093747,3.160244154701937,1.507453371467778,2.242345976052296,4.21934226636148,2.878819438625134,4.363362141280308,1.93946822374465,2.050247232790601,5.11612159833737,2.028891975902592,3.260380807558027,3.159478026641247,3.271044066377191,3.074006751683753,2.01016792369134,3.746992046347383,2.780583829247492,4.346745760913539,5.545884836984968,2.41598626512762,2.497708759535815,3.450901666899113,3.259512372119076,3.657331375092385,2.496431609186669,1.739500323162786,5.266800195346965,3.327654829464698,31.66222868024296,2.027952370690005,2.869465205126925,2.230959685056789,2.55740917838189,1.768272394099212,2.939164717978042,4.533277932490589,2.359271144727406,29.25203712564306,3.261156558190203
44,32.48364017470949,4.013182687134793,3.031183614962948,3.639259998199896,2.551782975037817,3.00501326657991,4.450901975130245,3.213863194712901,1.390467011596177,2.548512656574282,2.419741773136961,3.524574899258622,1.916664981050623,0,1.014720009018238,4.664845253619952,3.701793821802966,3.548552693383759,2.147229596615314,2.671075608218777,4.189436990597697,3.789202520618804,3.990899777663361,3.315047954736023,4.443087098141071,1.962368181489373,2.192839482487306,31.55746225538422,3.433984872684097,3.878551202065169,2.641116293915305,2.238439770043521,4.894523560001984,3.319380049354088,1.596041524393282,3.003263743857048,2.35566731859684,5.319466809860208,1.549219499420275,48.84510958266636,4.0004854228142,3.459231603801169,3.195026740229887,1.993908988185727,1.830264859222512,2.97491798671065,3.146906357001749,2.866107200013654,2.360210604284757,2.102751301362434,3.488374671738931,2.804589382236129,1.435580278382929,3.827622472409087,3.15777033625864,3.967986520737631,2.770292381345014,3.813950518317955,3.91122331213466,2.640485871005524,1.403561606018291,3.570597687475436,1.57601556556492,1.063155772317379,2.521009152552213,3.776278116045241,3.65712057966186,3.066716027171953,1.800458802931416,4.946511313010042,2.539922302877255,3.589603431895706,2.670552155334298,2.268748091458712,2.074097624203603,2.585774565013567,3.105685981276673,3.650235217846658,4.652977407058753,5.277033287340816,3.272240162202307,1.399288255719625,2.664386961682285,1.879691537337141,2.25868226800075,3.213531705992917,2.435450186661585,3.813025464614903,2.079508638712219,30.97966363600482,2.580855651005565,2.813982993335972,2.453798586685068,1.959197212444111,1.72177002789482,4.389866841783083,4.490677241283636,3.892978137324038,30.06479695590841,2.295037715780359
43,32.24560066117548,4.118656844344499,3.005652744285921,3.623152045272918,2.678118959014708,2.483959997143963,4.591661711453029,3.550706112092774,1.930248635832921,2.960430257719704,2.692932201738124,3.412000937634365,1.636262439590534,1.014720009018238,0,5.205642316107526,3.88738872211026,4.323057164920734,1.965623565508354,2.817003717052711,4.757527789714491,3.673754950480305,3.656287401152083,3.34285700132737,3.738123772852338,2.18181710894368,2.153327023286786,31.55424977716947,3.810594987742424,3.994465228013909,2.857928051399121,2.083993437250959,4.800495479293637,3.343765847648041,2.269455684341389,3.431772927533075,2.821784770612791,5.463185898144919,2.046753391934068,48.62622711245476,4.425361490786661,4.044649702780935,3.93411954346382,2.28648398367085,2.340722788630783,3.526179975118932,3.782891702740323,3.203875508445239,2.87059641076983,2.286430830602691,3.512326530601559,2.82314003005952,1.503684978675185,4.512286747818475,3.253931088846401,3.849186882473248,3.644439449379628,4.510994665506517,3.661806436690382,2.709776193063494,2.38359475213707,3.145848106043416,1.644968481078533,1.977702083869279,2.911106893599196,3.97017859112943,4.125356397803426,3.223464947320955,2.41387646091782,4.930880483111194,2.859466091682434,4.131538311662238,3.210012192280547,3.115117411101802,2.025520089771998,2.879212133220812,3.340074859591164,3.318649754790284,4.497222687542748,6.009274235169319,2.896742705249263,1.184741821943722,3.022961830480762,2.22632245785081,2.824183634988971,3.473742502042418,2.643655481989087,4.707688275463093,2.290271480212993,31.17629259549635,2.157254798983304,2.228725664942473,2.777752684098325,2.389200555561446,1.041461299757322,4.086450591018414,3.642473364793487,3.309729683968964,29.39592235327886,2.443663591514267
72,31.63935866922717,3.439558932750876,3.81477515227387,3.744576660188788,2.900633997508182,5.805553819622752,3.937729265972722,1.995920125587067,3.397613864211014,6.30628423148817,4.207937302784723,4.011304380678054,5.255099508101978,4.664845253619952,5.205642316107526,0,3.240359297629234,3.080473938472184,3.82357734975547,3.487926078589909,1.249484782159132,4.214280244991408,4.272737925832582,5.054380905016579,5.945285703027254,3.160553729408595,4.493017188809512,32.48337325463597,3.217512488213072,4.12275078947939,2.599648121424554,4.763622028613478,4.096419039264428,4.39931612090441,3.94893990911116,2.238578121465286,3.890010340688347,2.560877744548621,3.454502320170069,50.39417117214317,1.597151678231408,1.753876947750554,2.337764879883462,3.364305593331154,3.525449242256034,2.998959245666349,3.675462719747174,6.130248019651934,2.535952654947776,3.346955868674848,3.88138871229388,2.970513276984866,5.739642069236578,2.619243263455311,5.753835788306206,4.622706857161389,3.840786181415268,1.353103947071867,4.792128841841667,5.836331267516398,4.653634400673675,4.43081543698021,4.775095129050893,4.457660060241024,4.159371799994221,5.024273719009863,1.605230171368352,5.700690667075295,3.897233151999605,3.053373563904053,5.754486517123065,4.178981951275616,2.529446624830821,5.273057297041587,3.974557601527899,3.673090780473013,2.313625162596172,4.220642968163123,3.401502719289919,2.558064759220672,4.399171894991795,5.948660187757734,6.380945553745619,3.521820646274268,4.140914929161221,3.500440711779936,4.318770308746128,3.370117239014535,3.86647208522846,32.5221032683927,4.528422432636625,4.68949322452645,3.390818825440853,3.247140171052567,4.794343231356867,5.633207187082003,6.925974217597229,6.012851184016658,33.43460216601957,4.719277079035127
73,31.27073179508276,4.424194851219716,2.263151919683756,4.573389656038195,2.555897620471915,3.943694486444799,2.638611737279761,1.717273123036703,2.847532378785126,4.996752110838061,2.60363014779311,3.211396620508014,3.00549187832876,3.701793821802966,3.88738872211026,3.240359297629234,0,4.789284499489233,2.6125774543782,3.757353507379801,3.45894324557059,1.20413193248292,2.136406680630226,5.627823230765986,5.253481844531327,2.699777467065155,4.5534300663048,30.17537850632531,1.144696466147956,5.041270688670808,2.585542236519621,2.790114246298364,5.214131798245007,2.483649753154538,3.292240451782953,1.910223484199908,4.629033058317911,2.342073517935018,3.126394938807008,48.68062806258728,2.027076105509121,2.051465006722291,3.849912619661374,3.569599260971447,2.819000568634749,1.618073673954911,4.552573803815313,4.374883941625552,1.892271848384186,3.222095073227798,2.587721721791478,2.752644399672937,4.853074094289266,4.648712412166938,6.174683789618503,1.942254122102212,3.288429242547781,3.369217951093522,5.067977605974079,5.191571508707764,4.227761734329651,3.190467819483783,3.315294211838467,3.539441447280459,4.873631567410518,3.051118660091237,3.131901160388328,3.428264865511527,2.701992205548545,3.722389012969736,3.92293380239817,2.829827702276802,2.448023659758366,4.662817306142506,3.810631048344477,1.632183504406936,2.791020668952662,2.146756101746436,2.752496672404931,3.506799368834874,2.421334467139246,4.89082657813149,5.563432677456821,3.710950236148138,4.472057004806472,0.7206096581013339,2.395188474840559,5.007911646615725,4.027803306706176,32.42475268988186,2.888340958494507,3.676592797714559,1.505305080101283,2.726555946257581,3.401438882785968,3.09261653216822,5.979401767582916,3.486458003056906,31.0094715208112,4.476835593698996
63,33.47911014349096,3.864393584969967,4.211691164780322,3.470867722568719,3.178392254313254,5.368539594360745,4.823250543375688,3.312060775885938,2.756139731389549,4.802673137157234,3.959827064864762,4.18467691297217,5.025280250851941,3.548552693383759,4.323057164920734,3.080473938472184,4.789284499489233,0,3.867444235578824,2.710693049386597,2.247614723133495,5.484647563480221,5.6091983093302,3.787378928034805,5.926332208287457,2.986041767323516,3.211300021968023,33.78174470035555,4.264855518065785,2.95388398857154,2.966675504271259,4.553226121346913,4.308462144269702,4.678714333253376,2.835612978429801,3.035908985575592,2.115808389073662,5.182006958801149,2.570910022508725,51.22971272255497,3.785304196106164,2.972344123587045,0.9653185675234389,2.595809085405914,3.468976998421324,3.897446367468942,1.545292270111553,5.165416002455446,3.06848937610583,3.182992040647407,4.284575930274689,3.44127803757618,4.061012727270532,1.751376946339291,3.531169230028095,5.572201905469035,3.518640260621094,2.297800251239465,4.654342151016486,4.042587470082283,2.990183575314857,4.910128521020624,3.991718653415361,3.456867214731469,2.54778240775969,5.108609276700846,2.290390200204798,5.394603480638703,3.343739251432174,4.437282649870302,4.939574649741803,4.244199745159912,2.567225419414798,3.548018267409037,3.16725595431134,4.065773792868661,3.173921170596795,5.249716921682257,5.112561421803247,4.005611394575999,5.037132056076813,4.575102099415951,4.395871952452184,2.670679891254506,2.048578854525997,4.604773365988041,4.239830379472414,0.9236537703703469,2.593089289007682,31.99963577917724,4.578515907932389,4.63582788223526,4.108684374706982,2.763520205768268,4.399725309365153,6.256492983298198,6.422668996928614,6.343330259813333,33.39664547525695,3.127531346051714
52,32.0491641388664,3.379511418939122,1.419277130879603,2.763664739411932,1.002233040872875,2.28340366035586,3.060799646054089,1.984810858685364,1.40917496197947,4.046388659618326,2.049263305289807,1.761224724675928,2.14947525677701,2.147229596615314,1.965623565508354,3.82357734975547,2.6125774543782,3.867444235578824,0,1.711585753731586,3.40470526628761,2.426724265560027,2.215298956943279,3.666724070800535,3.133683514576731,0.9250615961544072,2.213464622604629,31.9584912190798,2.688429412359572,3.057983145381999,1.321361366269012,1.624310423531725,3.622321200434715,2.21074107678629,2.140261445863596,1.983998838413784,2.843136743511689,3.692958086818626,1.472216721426311,49.48265911650456,3.154088892595566,2.812703667314653,3.177426751776904,1.733545534229309,2.333936185270779,2.871018151425472,3.27177821689926,3.927830088463715,1.902754744949885,1.738392242382174,1.956421267442344,1.225867329428071,2.908861275066251,4.013294219854757,3.869711743473774,2.608302645723723,3.753557596515155,3.604633647501166,3.320003743013488,3.203794095725094,3.20453997209117,1.504009220215332,1.786946204079258,2.768632489382201,3.109291256041469,3.30371023097217,2.690886662178497,3.417218193087841,2.165350073958358,3.070311590830694,3.481499938498358,3.512198449574902,2.026666507854374,3.900282052269779,1.439184079199512,1.960626058871499,2.064472440807462,1.71583974224883,2.637625977127718,4.95935774654312,1.360548434181229,3.090113231124969,4.072997214562086,2.001211394787061,2.735339659881641,2.511560155435814,2.049773018782282,4.421742489323103,1.844766135053041,32.43105314355365,0.8817886332960826,1.34604585028836,2.148491660514627,1.39779922720695,1.173758525252659,3.091685078746873,3.640588566456121,2.720213295949056,30.59859988626931,2.323973018998783
55,32.90875745147483,3.150227823865718,2.297197517550905,2.017325331352403,1.285532610259248,3.216613089935748,3.501190026680972,2.373633510026742,1.690635432175041,4.445122577275692,2.770386531214145,1.897419128201759,3.55010751335677,2.671075608218777,2.817003717052711,3.487926078589909,3.757353507379801,2.710693049386597,1.711585753731586,0,2.673938840319618,3.887721900926717,3.621047154369493,3.125885258284075,3.444524385818298,1.284083521024491,1.616539214753746,33.48370953165135,3.548625731512646,1.423285786057531,1.377707792976419,2.807580893423272,2.807808633613033,3.074174371196969,2.214691399830516,2.221565401688533,1.941988044452955,4.194544143794563,1.369137295525858,50.81527346628521,3.551306961695402,2.943571172871073,2.269538794579655,1.320215566317312,3.018211595242708,3.687271912879294,2.066831469120832,4.624380188785005,2.470365345048001,2.005719920601068,2.470929416026181,1.531389886273831,3.055826598298504,3.216032203890189,2.913943556294449,3.880198181272867,4.174527363637881,3.266547895197293,3.230387742788723,2.874968536088286,3.25067744592733,2.357373542558642,2.526645524473603,3.281619171001771,2.393227459326703,4.05416478703535,1.981849633950729,4.445681085308262,2.708454723346738,2.757032903666822,4.266821716135755,3.992838678645001,1.957948396864133,3.95589559450234,1.049818956137666,2.984008859545507,2.146620257919858,3.106830710184914,3.22909132047709,4.941669547005594,2.778473637359313,3.586037708679529,4.018743045877378,1.755737551442153,1.73101481263825,3.699876638763027,3.003244046651712,3.476625513233547,0.8408880945661524,32.87406283074851,2.245615514805129,2.172129910093533,3.297578670311363,1.490027281537538,2.366577014046634,4.304981743873856,3.965240557642516,4.129498792576824,31.91967111359388,1.586162249804724
92,32.714312448835,3.649195455570318,3.28560041226347,3.437996864524481,2.470548134459722,5.160276204396708,3.42263488290931,1.932415372146634,2.863771146454579,5.626017680517836,3.59054161880182,3.300635203084483,4.930560848853693,4.189436990597697,4.757527789714491,1.249484782159132,3.45894324557059,2.247614723133495,3.40470526628761,2.673938840319618,0,4.265006785942078,4.393147360581263,4.737675295244974,5.628211805786415,2.687816841402248,3.894422457369599,33.15637525424031,3.12002473891131,3.164802352396909,2.226395391223106,4.23183362726235,3.846080659574496,3.841902855714369,3.2092182486061,1.835501380458615,3.302472865663811,3.15990545863976,2.783423659419965,51.17758598707365,2.357036162433608,1.641136935095497,1.495259731612846,2.893530722059288,3.540287965294102,3.188844195330626,2.547517339141475,5.549232911945898,2.435025701367348,3.184045129339276,3.249434130194825,2.71362975037854,5.027688482296403,2.508425775660115,4.976419567307753,4.400306921378542,3.778095488415177,1.649728208803089,4.738018685560104,4.867190355622866,4.09978017724826,4.035382068662845,4.122577866904385,4.10407842844989,3.712918298363648,4.458970023375796,0.7598921168439374,5.243123608593105,3.34062407127496,2.865618343827936,5.207658791402417,3.686793781464343,1.849887854951824,4.620610061798303,3.390318272678759,3.344629439306849,2.382442450226894,4.107779403113533,3.52672013595725,2.771759129933563,4.10909521640107,5.477402716960016,5.520631056446821,3.145762274901807,3.16978607374699,3.58517602309508,3.804303057187667,2.668341156789124,3.118127064044395,33.05573845794403,4.057912198742322,4.325664258972188,3.490952023073911,2.555643975640673,4.398934991134236,5.258923375100243,6.459543975456397,5.650560090982101,33.63753287623813,3.763590675431588
70,31.35941705453086,4.824722557758564,2.001492688263744,4.757463801753259,2.756807507610436,3.239612087303056,2.605196176725106,2.424087208354309,3.145648822841531,4.984646242451429,2.586771718544626,2.942552487988155,2.596860774563599,3.789202520618804,3.673754950480305,4.214280244991408,1.20413193248292,5.484647563480221,2.426724265560027,3.887721900926717,4.265006785942078,0,1.486940456572719,5.815226745528007,4.730041206086843,2.910912307715378,4.595404001669782,30.12008261940861,1.869460224561487,5.16716328908181,2.926457540811803,2.361262921276494,5.337421052673181,2.145164551469654,3.551781602413908,2.563498528263004,4.992767577169999,2.890827679834564,3.386172428627631,48.58316800266731,3.05552559017663,3.021690401999138,4.579120151308067,3.851938617426183,3.315901834535247,2.570980781012911,4.989249640092799,4.307924771109702,2.605794889724291,3.515551246910251,2.379705855189417,2.916566038854777,4.745702397088517,5.45118243955168,6.251799318790166,1.16124009919093,4.081314456000618,4.361487740685672,5.108924410912253,5.034652713245705,4.602441049540193,2.634332528937596,3.128384275057817,3.881336458804093,5.22669543868332,2.886807922401825,3.793407290229748,3.199316535137728,2.99393911868543,3.856580823550469,3.845422364128086,3.247897267082974,3.018275727422974,5.001988440719475,3.831500697211783,1.842661722618666,3.295695500241503,1.403762086422637,2.661546294061345,4.607997015544037,1.685760933033077,4.774614786215554,5.540906586268057,4.026994245256946,4.745144526433466,1.412732981402456,2.303432965775068,5.800133107241142,4.169759273848919,32.8368399210399,2.341633454115767,3.266392956076484,2.064744803967715,2.998220946028675,3.05462952765494,2.151967310308798,5.341622231945577,2.419781006946148,30.31135600727886,4.449158103004757
