0,0,6.566632645925861,2.680756214078236,4.881918578915407,2.615500127407641,3.699651545940404,3.537110601136519,4.110831894216967,2.072777427186737,3.33237841243711,4.840339995572417,2.617924563579948,3.795616018313019,1.930276484346704,4.531987505998394,5.88724952822774,6.978038779563662,6.150131243723324,5.821851114126066,4.272187702485669,3.205343771280994,3.518788661953387,2.390623856951083,0.3173669735767279,0.7696304634984885,5.152979370421463,2.846375309008325,3.10945009193982,5.423998997895946,4.764190367039197,6.215989973115399,4.572262172601558,4.069797600313491,3.746343787966199,5.960830286502881,4.891357558644107,2.07788446754456,4.175558061684322,2.273913594700475,6.040719073463864,4.076012855649593,4.908158348063282,5.638019297632577,2.444760490864663,7.096031799261238,4.34499014854805,7.428523658411808,1.35249172457881,5.742295621875967,0.4948428071735116,1.797008137592293,2.771085605565724,2.775128834604948,2.570647492955245,3.022453698228465,2.106022027276618,6.160642449241648,6.503057053693004,5.865887073328016,3.851399292448375,3.517184863468989,6.809780974767663,2.633581200516738,4.514931425127818,6.273493863800567,6.506392530423821,4.849940645661748,5.884969046264179,3.461701965164047,5.61460352234042,3.951158230967446,3.785140323049369,2.834657696167898,0.2483472524738052,5.788969260900854,6.0525831445487,6.286723325156013,5.532022588498973,1.413715146864028,3.022862915211033,4.183257529750343,1.484411640534157,1.441040195411447,4.718474067617678,3.817016521996195,5.387619584047171,1.972324820495009,2.091899415816955,1.506662403119377,5.3448525038811,4.533230651023634,4.494406572196632,1.797512635015648,3.67571089750528,1.791692854118956,0.5417828479014068,3.358807643758964,3.51394397260753,1.850116106158286,5.193321343292949
1,6.566632645925861,0,4.558734875010007,1.779867920961766,5.358769652376349,5.221752848358273,3.808751620531656,5.464406969704291,4.514108384077979,4.948529933539747,2.75882574876199,5.040405667612113,3.094894918480047,5.727840601560386,2.712974232613159,1.288919755172975,0.41277660141885,3.149488018532153,3.345575641174665,3.456112394431943,4.545977422562421,3.101596848624165,4.606010173254121,6.788670648609839,6.738821056135427,4.064943522182301,5.042806802597682,3.594326238272104,1.599480460141111,1.814397312114182,1.137829350635942,4.514067556510295,6.898889143699373,4.700953509227876,1.15996106240049,2.174385422645037,5.05786513308247,4.673214384747281,5.448804852300629,0.8535481231201059,4.237043007901939,2.12608400027051,4.618246149770285,4.757475935751938,1.706014487246927,2.83088015256408,1.323203088085908,6.53515912785147,1.506353020774613,7.057697194614483,4.812221266908884,6.945632354076502,5.111188758114739,4.005711629378507,4.688541596370709,6.130408297565701,0.4919173311813413,2.810964214019663,3.852033817693776,4.720195246421722,3.55127985779889,0.558913092474788,4.022043371031352,3.55223258414435,3.21710230596753,3.185624905360655,1.795207171023291,2.000361593475841,5.558732474363286,2.409452408682397,2.814477041523744,3.099418879275603,4.943128275009614,6.320701314947019,1.940290359433616,0.8769413947321,2.10836062192147,4.2311630575761,5.460180846873005,3.550590758910717,4.637221185715187,5.192691429104497,6.082619768642092,4.530639191322782,3.145975818314492,2.36837226852921,6.376682998612516,5.595109922177235,5.478228726904984,2.145442861024365,2.249585741370441,3.03413425645274,6.772026257954075,4.525753057396027,7.189282428779696,6.156921431559414,5.479174716255612,3.114423760056295,5.197046258457488,3.648562351916954
2,2.680756214078236,4.558734875010007,0,2.781766829137759,0.8668614033369401,4.39760490959037,3.228345649518946,1.949894169129915,1.235296667059054,0.9847886278745569,3.966659383163524,3.313241910288404,1.465058727349179,1.188314260266639,3.570137305331692,4.336327366916014,4.940025664232482,5.408147739598905,3.145523762320231,1.616082967203932,3.484733218001786,1.622731169996108,0.3545952386004915,2.755834148831423,3.252098100308397,2.495457148721316,0.6639251460530784,1.113909107775736,3.950363216255163,2.821471105365706,3.900367428139046,1.994480391786212,5.584715571719213,4.110587503975864,3.675294389431004,3.639334803155366,0.6226167955656803,4.472504605102193,0.8906589796237608,4.307149480998632,4.115572198731044,2.54525366374736,3.043881626356926,2.854200393822608,5.605727807882507,1.86323714910458,5.118936876114017,3.488086620586775,3.38538180283809,3.074604063051373,1.226304605725075,2.432394927049474,3.52033320381789,1.665115865381286,0.4979114860472467,3.734176287504456,4.084259588475045,5.560341477220572,3.189932768755755,4.216757279467538,1.02821011822205,4.952137326424999,2.01782709501524,1.838686016506255,5.541307120874412,3.841616177599027,3.211374055211983,4.659379831988447,4.409255619756625,3.04394748736521,2.783062616025197,2.852774141157504,3.44062942556564,2.458239779715143,3.305790729295199,3.845814279506335,3.747756976719673,5.387065054065566,1.268024920339402,1.784662219404198,1.647835858868963,2.135882001441722,1.631831137967769,4.858068105426603,1.424773376548892,2.842737923366538,1.821646981247832,3.309844720817936,2.638152054943381,4.169185805871773,3.161819456055854,1.901972645861281,2.23621128580292,1.098471425979,4.162377308134036,2.568447747792594,1.394986632160079,1.596739684545134,2.671173411370003,2.512910599239568
3,4.881918578915407,1.779867920961766,2.781766829137759,0,3.595596968319758,4.309955926123558,2.748411040294979,3.879899813628048,2.809513954408012,3.244338776888791,2.337382694555877,3.78500553772043,1.322666050365272,3.947983815422032,2.045979818443723,1.79309631329169,2.170395993178142,3.467179406772217,2.472778141749174,1.878268721525504,3.448732985548924,1.365221244436736,2.827638866366744,5.081796233797157,5.141215194907223,2.814447823620152,3.289509949832979,1.829705916179378,1.579289105332144,0.3315202668186153,1.385911536203559,3.057728666808655,5.947695651158928,3.812986438367094,1.121600284321166,1.685493645342625,3.279487118055371,3.944194769302815,3.672383166257243,1.617734645154158,3.473305122270543,0.6531027154603427,3.484772118103392,3.406707944337671,2.976444597704553,1.179418532412925,2.559385828992798,5.033007336748296,1.022014804953962,5.36495072518886,3.095111818202894,5.185251452894136,3.909675602085265,2.387697250646379,2.940123960459348,4.778477916791492,1.317385233182183,3.390643527698464,2.915971263490496,3.870578321091917,1.787656171495749,2.179968387374675,2.497007381460101,2.070959423242483,3.58347314834475,2.725451405424978,0.9456292361138526,2.378588940805195,4.56201688727264,1.565956242948658,1.630056904338683,1.947482836318404,3.74918794015413,4.633736093472479,1.348082830019234,1.172276180921816,1.877209602224678,4.08059981216189,3.704050317960251,1.947095518565817,3.081670774634399,3.598701958387446,4.30827810620884,4.017260321706472,1.383836283321478,1.354469037487635,4.597471636136282,4.23140757217009,3.957958344868645,2.082979955793219,1.349629964555352,1.494566653480357,4.992359220828872,2.863285219106469,5.720941086075415,4.515886144572779,3.783402840483441,1.372567470863185,3.727746754154087,2.441979135865439
4,2.615500127407641,5.358769652376349,0.8668614033369401,3.595596968319758,0,5.03236588367918,3.997781992319696,1.514923861356299,1.868516645592322,0.7549814328917049,4.81720495665076,3.894862133711313,2.273616822979432,0.7083591567068969,4.422140958060223,5.195723408125574,5.728491695270967,6.261500238825367,3.513299480200788,2.146144442486249,4.163985113225337,2.488554155979589,1.038921901540738,2.588370915020693,3.312129766248708,2.681222630695972,0.3462969929715777,1.980566946147186,4.814951171562249,3.661618816926748,4.619949239362731,2.021583843940336,6.059811691608925,4.800517303634976,4.412072715503428,4.505008742831484,0.812364449316495,5.185901747444802,0.3418606108774677,5.152234293092933,4.861661790203231,3.285188918205876,3.071363548139905,3.462501474295203,6.462615981672892,2.575662579008324,5.818976609925954,3.692265988583708,4.099712466423866,2.90059562400649,1.728855732272815,1.589751007542532,4.104475493124413,2.422492687153638,0.6947241361289588,4.110162217717128,4.876078008145311,6.423646179161492,3.433995825627822,4.910128713992904,1.808913382724569,5.774916957660843,2.758541161789509,2.272209024595473,6.394807565879499,4.240707796983758,4.073401159394294,5.526225361372284,4.990651020349156,3.624171988831396,3.637666429176226,3.68911369622246,4.050476891998907,2.442785577803803,3.951375147759473,4.606261790470405,4.336731023752205,6.18445716177233,1.333990870218134,2.61225455670637,1.621723684645312,2.563790698709701,1.248596681635241,5.606749366550766,2.214136811772245,3.4558904747717,1.14324168636626,3.764962113514855,3.036254969479965,5.034822389906223,4.028180117824611,2.516247402506249,1.601182931906707,1.19703781602052,4.306003152175057,2.681095367029626,0.7812908721286871,2.462155935914331,3.158204082663556,2.82781962495731
5,3.699651545940404,5.221752848358273,4.39760490959037,4.309955926123558,5.03236588367918,0,1.564724451996756,6.347074421995363,3.182591862158902,5.382281253207149,2.50458665270979,1.168952509893203,4.215059897410806,4.695403488574446,2.510481564443587,4.025421856137331,5.584995942294213,3.158717651970449,6.514388069962829,5.185058114055466,0.9528516149021048,3.580574893819252,4.076646730448189,4.015432176122395,3.225623746697098,6.38542014767054,5.005773349712208,3.694676352378123,3.631227298652436,4.000918776694078,5.561298096856426,6.171494314635027,1.679465259856638,0.5211825042570115,5.315764872771481,3.048095075205731,4.222275587443868,0.6989363583280923,4.789215374511407,4.401651063005843,1.010048347835958,4.797202986752564,7.069802764881016,1.570516444320825,4.815093723043492,4.726952259867218,6.484899437527512,2.620485728008952,5.316248498123066,4.063481153464583,3.305614968845398,6.060448794165131,0.9694088553152955,2.780806777915688,4.892561990936668,1.779474034339121,5.052976352000658,3.658179247762624,6.830041657905826,0.5107235951658207,4.365004582481278,5.148157822064659,2.429762989488652,5.50059631813252,3.244016378463782,6.949021513874259,3.582888801144708,3.566295772413213,0.4064211370086305,5.783845365797214,2.679901476678004,2.363439090645355,0.98723709571943,3.583501355170009,5.651705246203591,5.221686057847547,6.186744749520039,2.090049532275424,3.891572690682989,2.892434818946703,5.919831712897966,2.582565221931452,4.537115770377856,1.208845344201785,4.318824397928343,5.53963359482106,5.161015878177747,1.609055474011116,2.262781765833926,3.167406248904011,3.079384998556153,5.088755060348169,5.225666521997058,5.396941101428067,2.912478685901962,3.17474610734057,5.749914307539103,3.606047714956277,1.988798737447955,6.173526521512357
6,3.537110601136519,3.808751620531656,3.228345649518946,2.748411040294979,3.997781992319696,1.564724451996756,0,5.122956713158435,2.168268126358831,4.180728800911117,1.366800211098028,1.274392792372609,2.732615708761239,3.851009563854429,1.168475101264809,2.733850545496507,4.197252082395732,2.613686360410729,4.976201593841767,3.720697754949835,0.7391703736030926,2.096520835797979,2.9655667411055,3.838790296698826,3.379001690205382,4.920659551981377,3.884765477821832,2.319532791794042,2.286358328014153,2.444358164337576,4.028816128536738,4.788704422819317,3.204345321985314,1.086893596027966,3.777407292230129,1.677284330239965,3.240291254232568,1.324985361879724,3.829291301945912,3.044208438069707,0.904575053537963,3.234805659063542,5.616952981894125,1.146338035777074,3.764493772758835,3.205865892375041,5.015540879959787,2.976182467995453,3.760134668873526,4.00472417894648,2.403225917731176,5.297547363351674,1.311995083671294,1.575835643131826,3.693418524003461,2.393340884447645,3.578229464220815,2.975717009717484,5.314151627573057,1.162177997507263,2.955790690135593,3.830441222262757,1.243816198748587,4.031662284596686,2.738137921581486,5.389757383920781,2.075469978227781,2.48695056247013,1.819969071454913,4.222376029089568,1.119878848431388,0.8010347490712718,1.144977612245459,3.338200457110781,4.087627569864861,3.704071981470864,4.623974111062059,2.20156059584389,3.137462781310651,1.499872893830996,4.584877925992336,2.077840430582154,3.866607733324606,1.635417964049689,2.842390648486636,3.979566180648904,4.434450451945329,1.899056766882818,2.080516438869095,1.977950809043606,1.578744727011915,3.579214097365853,4.62817200510522,4.098550839762581,3.540525394341573,3.00832911323363,4.623305036850798,2.124937872875232,1.731845711470944,4.676735977521884
7,4.110831894216967,5.464406969704291,1.949894169129915,3.879899813628048,1.514923861356299,6.347074421995363,5.122956713158435,0,3.178901538142608,0.9651751936767848,5.66424141372124,5.258235694916377,2.731233944099386,2.180617779687544,5.270386468392721,5.655398219385846,5.771196067133157,7.06083179186652,2.751970848885824,2.019531242292089,5.42900390366712,3.220273468099687,2.28108778553271,4.053325712254502,4.822751073968497,1.764271957760024,1.389644202666028,2.835008349794705,5.361995435128811,4.064793952351383,4.499111085988035,1.061927430945559,7.501189792201444,6.049747267269917,4.357573748067074,5.208411005370996,2.255786702021319,6.399950218582926,1.852998245833942,5.494870173730887,6.023017823364365,3.358041794285429,1.847204059291363,4.802215277205711,6.855373961024505,2.701558976543711,5.572515765884118,5.205131011787598,4.007213135577186,4.355048034249161,3.122226726280632,2.19854281764234,5.466231524470615,3.594059765261625,1.454681007516498,5.589385166101578,4.974940333375164,7.120895764631987,2.477013213757595,6.154318791052052,2.314115550716721,5.964583408522493,3.949862408265107,1.919116456102994,7.190922374749888,3.45376765758022,4.616928909760989,6.143322648113126,6.356095925248768,3.259745549411764,4.495675008822497,4.637638804595264,5.389658137550477,3.949616556317736,3.69667128011117,4.61154669094665,3.913735179897101,7.219862056185303,2.843915790762735,3.631436389198438,0.8294628073865185,4.010634013924458,2.692871415552,6.758300097518467,2.626834990629257,3.187374329529112,2.351465739145324,5.209318264622746,4.500547355152801,5.721418392906781,4.731061463742735,2.435934555525538,2.775475179662295,1.074985782433638,5.82057404323286,4.196018498355581,0.7524911870947042,3.188901475088938,4.581852326851776,2.095564769422762
8,2.072777427186737,4.514108384077979,1.235296667059054,2.809513954408012,1.868516645592322,3.182591862158902,2.168268126358831,3.178901538142608,0,2.214917721016844,3.180388755832701,2.079491384117839,1.781010899733116,1.688390896414651,2.808550410546006,3.947775277913937,4.923333522205401,4.61027128581027,4.016638012536501,2.466152236237458,2.296687334946099,1.446048378868577,0.8982229747860496,2.277026636131656,2.405174952250809,3.557619374100195,1.823216475595359,1.068634011536815,3.501343422847097,2.702734386470691,4.147708062183925,3.164135248469677,4.355308361305385,2.932470576926418,3.890912676580497,3.041650329922452,1.079393878320694,3.318031694734006,1.668038014094084,4.045071743899631,3.005153573935226,2.860654425592802,4.173709224124545,1.624542007535054,5.201632058006682,2.36098863335473,5.356875906463991,2.4628588036993,3.682576291552421,2.555754806888984,0.3074200590272859,3.138295584308143,2.287336992380351,0.6536686744530954,1.732937084792464,2.558452026707194,4.095987268153033,4.857246258208613,4.173189668932598,3.041856584961567,1.611192327069712,4.790948241953533,0.9293190300913301,2.759628995578748,4.742501048008438,4.641670758378455,2.854790343583326,4.080250862290658,3.177231110772218,3.643124208649276,2.088354820880556,2.028863610628133,2.213415781007092,1.824492996218721,3.764348578662164,3.979820700246707,4.281882472230314,4.369692971389937,1.054824893720255,1.036006650728787,2.85028085420883,0.9911875243685014,1.783256022276078,3.74907368386976,1.824610981920436,3.403327643988369,2.297766228398898,2.098946039466242,1.482748510028801,3.547391663919463,2.617568857037697,2.582470145903485,2.551923305529421,2.303456334281378,3.165675584591923,1.740069495966015,2.567580369106805,1.441574101974349,1.456635128512318,3.476473817178634
9,3.33237841243711,4.948529933539747,0.9847886278745569,3.244338776888791,0.7549814328917049,5.382281253207149,4.180728800911117,0.9651751936767848,2.214917721016844,0,4.804072875499551,4.294406386148051,1.975517258329984,1.459644025228037,4.406977861562179,4.956715900884936,5.294167255367649,6.225660266204774,2.795839830631216,1.557842333661772,4.466651057505112,2.368799143774774,1.318132338238515,3.326557236339223,3.999087731526845,1.932068468704967,0.4880207533151269,1.932914340213591,4.620141113863176,3.37287005978911,4.106877199805113,1.266949205542003,6.548631035547207,5.08974778859426,3.922432951245684,4.398617702716354,1.342336139307545,5.445154499258601,1.078205342080519,4.852168733125708,5.076540193009464,2.827170038235836,2.321222985506011,3.837426824986727,6.198062823835566,2.117695172150627,5.271290395005409,4.326858332249352,3.58994956935097,3.641806220848148,2.170181099015056,2.094015432951828,4.50213110947228,2.636567377097227,0.4917128085244079,4.658987147147502,4.457654012314014,6.326401800580694,2.688078374427662,5.19504331786559,1.514677384016746,5.406554813290323,2.99172645816559,1.615393855786879,6.357537511399629,3.526392683439265,3.868172936286962,5.377005027309139,5.391745350305102,3.008547123286634,3.621909932613842,3.736828257649414,4.424619949965689,3.14428234655176,3.378538010802688,4.144020338782343,3.7146161173168,6.306688880155607,1.978013481350192,2.701755947170553,0.8675022754071282,3.068872987217249,2.00081201356487,5.815457643296464,1.887405927234874,2.86821050618979,1.858870078865981,4.261645754789754,3.564706935545994,4.922761982597814,3.916550582316022,1.966631829614415,2.319186725653029,0.4882760839672207,4.969173597678222,3.343257269741282,0.5402017273451339,2.338394770515022,3.629342165773083,2.103957091017279
10,4.840339995572417,2.75882574876199,3.966659383163524,2.337382694555877,4.81720495665076,2.50458665270979,1.366800211098028,5.66424141372124,3.180388755832701,4.804072875499551,0,2.617073717049712,2.971753744364291,4.836405892952691,0.3976080058617616,1.523338279404471,3.10118788311238,1.445786112862865,4.804643073261873,3.903123942208847,2.005877969183044,2.444961614699127,3.793540704450527,5.130648484713938,4.736053684298327,5.022850190844814,4.62352914601544,2.879200426361225,1.161257269227965,2.009371870493268,3.298978053326991,5.08855153156283,4.165399260875833,1.992709040082415,3.088023653717341,0.6770811025302371,4.162057888745383,1.917879689498732,4.726454138265352,1.916876477507173,1.49863577568223,2.969585880963794,5.719645504885783,2.509671720597312,2.412085346200175,3.243401750830849,4.060765885401753,4.342761565966144,3.194283715207651,5.320549296580645,3.46628462276173,6.275856650950668,2.617050657081263,2.526823699940848,4.354982042678458,3.731313449022185,2.667639077685121,1.6856232519342,5.230647001703691,1.994605438474328,3.352466413429768,2.645126534990077,2.299576558005298,4.176545904170852,1.579148153900608,5.044856650906843,1.40490654146667,1.129228860890298,2.870813589175107,3.89956974301181,1.185786744835249,1.15352653363233,2.4583018991115,4.626595238386864,3.623935278096064,2.924592838730113,4.102175662451664,1.743458982504163,4.227304212831639,2.219666565043764,4.985048215120849,3.357739619306889,4.961172478752812,1.796712010746841,3.084470616911767,3.691847229803262,5.469564620219929,3.257210305651675,3.427776407304546,0.6652255223339253,1.017551626967229,3.62725228560449,5.730860064295837,4.59036393344883,4.895946674733354,4.326038011877641,5.31051055795102,2.476194644899729,3.083968121326572,4.693926236020586
11,2.617924563579948,5.040405667612113,3.313241910288404,3.78500553772043,3.894862133711313,1.168952509893203,1.274392792372609,5.258235694916377,2.079491384117839,4.294406386148051,2.617073717049712,0,3.37668938837375,3.530910619508352,2.442865361391545,4.005544381379001,5.437465148514571,3.703626865022186,5.731188575868328,4.292933836184983,0.6481744745845202,2.775445312250245,2.977177199931634,2.935084284620204,2.269560071404334,5.47256578796995,3.892816832592751,2.761858601327263,3.553489868070732,3.519541348528861,5.139344601839804,5.179307091183868,2.335023025422549,1.128456988135245,4.878839566249504,2.945616882897398,3.082528114929629,1.558152417903832,3.638768084927697,4.302714199541793,1.493824955562861,4.155454149050112,6.134365451316421,0.4697305529585628,5.027517298092442,3.938189206424497,6.199327094513337,1.769154564889049,4.805369634682502,3.027601264149848,2.166682235453071,4.891681714321375,0.2096457891113026,1.796413277925219,3.811153331809565,1.119178691881801,4.771237744630361,4.130221892466402,5.990811315040293,1.234187902016931,3.434973586287559,5.093602445471344,1.481877095687391,4.607663123682406,3.815208927069378,6.244687866668237,3.264539539342667,3.745644588264276,1.099277610161693,5.112464782383848,2.247679306097953,1.945540573889297,0.2170916319551832,2.473643576372883,5.065222714290477,4.845645703829859,5.611478923554671,2.930026588377597,2.724512117106474,2.036840291479126,4.895799327916629,1.413652108626741,3.369208321360564,2.101076432031693,3.467938113641751,4.861785491047932,3.992346470041928,0.6533319112385002,1.126908680394126,3.247595378166291,2.791022770404095,4.267513048254886,4.065348135339946,4.357656555562835,2.280096936397188,2.078840197900664,4.63056704287716,2.795088905839192,0.8255076498034657,5.309249544043118
12,3.795616018313019,3.094894918480047,1.465058727349179,1.322666050365272,2.273616822979432,4.215059897410806,2.732615708761239,2.731233944099386,1.781010899733116,1.975517258329984,2.971753744364291,3.37668938837375,0,2.644069776681219,2.587750840650444,2.981565149851101,3.474967021869803,4.338298569834977,2.357012999382938,0.9902571185939392,3.266284035111431,0.6374963053872073,1.551020117559426,3.952417780225249,4.185492961319351,2.18809651130553,1.972679592754985,0.7153825228698494,2.649455104023827,1.40461594464745,2.475842702467809,2.127421331001494,5.698909038847135,3.795683394018671,2.237530037954162,2.479670242585714,1.997450629454356,4.056372987771023,2.354226978981685,2.89413231384418,3.616569980302193,1.127286920627282,2.88558532927395,2.922948408974281,4.228817242267489,0.5899969478246405,3.700913907403535,4.216001048420956,1.974915581769277,4.254864243189505,2.012593739751665,3.863366537070332,3.55143339352188,1.627780532371062,1.628588473253174,4.168221178991817,2.619214993529076,4.389979434143326,2.623580271406169,3.882471775920665,0.4710544652821673,3.501319682381743,1.899015728488314,1.299193335041332,4.467195602543733,2.913453857532152,1.898372447267276,3.418698970684377,4.360661864946876,1.865394709466963,1.852879424100931,2.066235223410668,3.417926277375847,3.549868864549823,1.994194062510056,2.389984468029136,2.502914905402955,4.617811273628734,2.496878217971704,1.344744507315884,2.01510010695386,2.727319740742878,3.037889093135202,4.299742216332276,0.1145312146243758,1.623247103935425,3.285996662093786,3.64535101816818,3.177047576683498,2.99025499337758,2.005873093870636,0.8908236867701487,3.692442067297282,1.662022360980478,4.920946287217077,3.514389147957254,2.514442702983394,0.6104540070942609,3.04183226801511,1.958554183801628
13,1.930276484346704,5.727840601560386,1.188314260266639,3.947983815422032,0.7083591567068969,4.695403488574446,3.851009563854429,2.180617779687544,1.688390896414651,1.459644025228037,4.836405892952691,3.530910619508352,2.644069776681219,0,4.45281268457199,5.414412987821586,6.114720723604583,6.277165863224258,4.169257574482607,2.726297566299948,3.892655305093367,2.699726777987924,1.136194831716937,1.884660728083051,2.652104862108753,3.372436884208752,1.003115797557381,2.177643591267294,5.000948753970556,3.9593095424312,5.088526341252702,2.726276333270655,5.573593256895686,4.528188291022953,4.863460659832886,4.617788137786778,0.6972537326572874,4.936060690006483,0.387541797696667,5.426367583459882,4.661487480232875,3.733567251355996,3.77916998593304,3.137701212850672,6.687198019302726,3.04822047830885,6.306197804971126,3.082731540003513,4.57302769971771,2.19468822413866,1.452664018761108,1.45006921946882,3.737282400752945,2.326367407634265,1.284126545231049,3.584990166945033,5.258979073593705,6.494485012504911,4.119528341465487,4.639966639117214,2.216355635244542,6.101497691740354,2.617409593364411,2.89426957958578,6.410087489278216,4.890435797840143,4.286423726967513,5.657788742999045,4.603152301721356,4.192266683280084,3.693919564424585,3.683909348618827,3.708926728720105,1.775584897976254,4.479655984488077,5.031222662543581,4.902485527842165,6.051853095972668,0.8127814856031705,2.624643247080373,2.327131024042516,2.13195046109202,0.5411722897357903,5.399320981715827,2.610211900818387,4.003784906464947,0.6601445464454834,3.301359467759288,2.557309877956375,5.141093084238371,4.158790058809446,3.057247960942148,1.048833469021133,1.876522117464883,3.662815577154577,2.055755666579256,1.428534866560694,2.678711310950475,2.739704032609982,3.493464123579467
14,4.531987505998394,2.712974232613159,3.570137305331692,2.045979818443723,4.422140958060223,2.510481564443587,1.168475101264809,5.270386468392721,2.808550410546006,4.406977861562179,0.3976080058617616,2.442865361391545,2.587750840650444,4.45281268457199,0,1.571244136758112,3.083506152910174,1.83939645182169,4.491784194971388,3.531240865148865,1.875736890167289,2.050279621974055,3.400911379178277,4.815363396567483,4.47312403375333,4.666548622842999,4.226413498273516,2.481592805690304,1.137982269871641,1.714484251354742,3.120180530850635,4.710042778840136,4.18936515668296,1.989330891618467,2.892560510342591,0.5387149270739632,3.774627462910997,2.000548910655613,4.335662434845077,1.907918258031653,1.543682386644478,2.65765220797672,5.365977889923307,2.273376330514805,2.616904583123318,2.883697169582544,3.977891493830975,4.118110336430044,2.961061783163121,5.017729097525587,3.099440373703134,5.888793757661712,2.472877445889986,2.155297622694629,3.95737923299637,3.561716855279235,2.552510971526005,2.048735144190644,4.903954085682037,2.013376915022752,2.9603654800217,2.680892378399515,1.948995166916301,3.810564468399403,1.97272504715385,4.770231485152085,1.154916085281484,1.360026541413414,2.846579904643885,3.611420047033614,0.7882892422645702,0.7812030357173214,2.307662658378835,4.311729836184334,3.367411826042292,2.759167937973752,3.866067923458296,2.070639256291261,3.859970506491428,1.831041190459969,4.598054384214905,3.04774719800693,4.591616384708996,1.986130405532953,2.701139878820277,3.393877101034938,5.090022768876898,3.061791965021853,3.159240563415045,0.8276714852503083,0.6967362030559083,3.269748964229687,5.360471477020278,4.197146140832692,4.702511977533817,4.028470674385347,4.912930656452078,2.08159976520231,2.823763798799099,4.348107247339377
15,5.88724952822774,1.288919755172975,4.336327366916014,1.79309631329169,5.195723408125574,4.025421856137331,2.733850545496507,5.655398219385846,3.947775277913937,4.956715900884936,1.523338279404471,4.005544381379001,2.981565149851101,5.414412987821586,1.571244136758112,0,1.592896578809152,1.934825752503998,4.071641550151202,3.669114104311572,3.446910212535007,2.722551943844005,4.283091016400697,6.14533814969468,5.931592495333305,4.570769332818839,4.924758955594311,3.244647813022771,0.4677270208501865,1.592407218975077,2.108586085210073,4.85044410558212,5.688725762158183,3.510180913331889,1.974680166324909,1.062102912929951,4.71774565298532,3.436903288510804,5.204555717444249,0.442448269927939,3.021722890127145,2.403603422215663,5.215018765175382,3.797150107604368,1.272955451240009,2.966148050767607,2.612112099606287,5.633674520789767,2.212758310939556,6.381562675625825,4.255136781805568,6.767014199167269,4.042947883514731,3.343316804084744,4.594992246821208,5.121812865376424,1.350622301599484,1.701394306660981,4.558444442299608,3.51636903824198,3.447583578690891,1.122782016473116,3.255313398097481,3.86248937022943,2.022179990371359,4.10843559896761,1.12874850478927,0.7487828796325773,4.384620147089219,3.095511261155455,1.940808326661743,2.153125786441495,3.877091597841761,5.651512507667808,2.696101070857558,1.727950642934065,3.054656853118301,2.94576547050539,4.980214508763399,2.914004853470195,4.868607568336015,4.430211017974949,5.673021809451899,3.256455428553524,3.070112940690763,2.957085587395941,6.074304406822641,4.610081927231026,4.62563070012179,0.8746586319187353,1.354019272245207,3.287134975275805,6.41640450765366,4.61495789247411,6.244315036067587,5.420708090221587,5.495962147844029,2.746146872670404,4.309029748158356,4.178587535797785
16,6.978038779563662,0.41277660141885,4.940025664232482,2.170395993178142,5.728491695270967,5.584995942294213,4.197252082395732,5.771196067133157,4.923333522205401,5.294167255367649,3.10118788311238,5.437465148514571,3.474967021869803,6.114720723604583,3.083506152910174,1.592896578809152,0,3.353456821857751,3.52661888376881,3.779014548696974,4.932329857882895,3.505590118205633,4.99788386827011,7.198741080117133,7.151436440483745,4.306494126013125,5.40776357353922,3.993438116878183,1.953801334257079,2.221625925067114,1.324452814185098,4.795569722720226,7.25840723128888,5.065331230294478,1.417901491838426,2.545409561817245,5.449689726605917,5.019067522189714,5.828669867491749,1.18511206690906,4.591765678619431,2.467114443519232,4.824396165083259,5.161803537822072,1.710586291585856,3.179173800859937,1.096158791116734,6.945014172017761,1.770853830013928,7.468788559010076,5.220541380084339,7.311800238761034,5.503726270456117,4.418181865686319,5.052035191275538,6.53189242053253,0.8558891874900839,2.967849365827785,4.030813856954015,5.080085367807793,3.925230331298406,0.5780082100435519,4.434385977696158,3.852619328771517,3.407974726424742,3.284893248876882,2.203152303591842,2.253014043132336,5.929484581327012,2.631815836447097,3.219708783295414,3.500473742005741,5.335715678625936,6.731930560586111,2.158319116464723,1.160482272313388,2.231495820502269,4.497101769901567,5.862744291669347,3.963041319623194,4.94190961182312,5.6054393992267,6.478199054811121,4.849207148872886,3.520803268203689,2.624265966441475,6.76049459738786,5.998376223279815,5.889455327963288,2.466217201071365,2.64895403073918,3.356239844870685,7.160823919349887,4.860216093541297,7.59700300797795,6.569543440123586,5.820016720974791,3.517658537448139,5.606630048643223,3.889531979524627
17,6.150131243723324,3.149488018532153,5.408147739598905,3.467179406772217,6.261500238825367,3.158717651970449,2.613686360410729,7.06083179186652,4.61027128581027,6.225660266204774,1.445786112862865,3.703626865022186,4.338298569834977,6.277165863224258,1.83939645182169,1.934825752503998,3.353456821857751,0,5.904302447338948,5.216384156040531,3.055510234298896,3.857368836450191,5.239271477668065,6.452469570261593,5.947403827112402,6.268057382690632,6.062333834045241,4.312444186049297,1.91755423118307,3.172447414729918,4.042424153479844,6.416634590852882,4.605517584960122,2.755129126432192,3.897619199813929,1.863244006980662,5.606189150425817,2.460214487456881,6.172074497272413,2.361795763073687,2.258963557828638,4.120007613391343,6.948254467780743,3.727925212342009,1.946144690223963,4.52636289668228,4.441620115828178,5.472534376276627,4.106950197771682,6.614222571060552,4.888957793362213,7.719292371223718,3.637528397287744,3.958560567126357,5.785993266221119,4.747577681136157,3.283656562962791,0.531686961231137,6.369549104202993,2.699066695686926,4.747752680151325,2.78401405484932,3.708469766002799,5.465827728116764,0.1333675153942495,6.012364102466247,2.54463419426477,1.187082201366,3.56506701395023,4.943834994822994,2.625101235138203,2.59373085892105,3.505980141566047,5.951752958736381,4.582418225070318,3.660197671326408,4.976170196898781,1.30959987905469,5.648430447437006,3.664978316393329,6.349348965597176,4.688639964829359,6.384018307159946,2.019078081239,4.447398565127313,4.773484605942716,6.905489733230527,4.355062704398098,4.677103989897893,1.388114075002214,2.332425709959822,4.895989244821499,7.153794255284001,5.986057385772294,5.935092514160462,5.618975901180841,6.739577422552141,3.888003934017429,4.326039777921462,5.906529531316098
18,5.821851114126066,3.345575641174665,3.145523762320231,2.472778141749174,3.513299480200788,6.514388069962829,4.976201593841767,2.751970848885824,4.016638012536501,2.795839830631216,4.804643073261873,5.731188575868328,2.357012999382938,4.169257574482607,4.491784194971388,4.071641550151202,3.52661888376881,5.904302447338948,0,1.563011374991996,5.579611511460225,2.961065234043129,3.434202427768367,5.900444116732493,6.346475354757194,0.9913101450352511,3.178594788618303,3.024429640409387,3.987686997634029,2.796536431270339,2.214170914983206,1.697573398877876,8.044736025968366,6.061908478762394,2.203761315643979,4.158265200898116,3.762800947793062,6.268916370367895,3.785195764592646,3.740828893514024,5.806475887619624,1.835708858913575,1.316096790825082,5.279659721868763,5.004451603435433,1.796910051928813,3.012451623917057,6.477759217896888,1.890502228195091,6.219595686477584,4.177391138962493,4.821150369280035,5.902237091444158,3.978419343830006,2.888130446200415,6.508054590734544,2.925834219727981,5.762660435860506,0.506468053790141,6.138145730392986,2.405981678403398,3.903274062074553,4.255891817199966,1.307195833985592,6.013845728166266,0.730841033956686,3.418029218564899,4.760655610842873,6.690662695316858,0.9773470664084671,3.934159116482729,4.218980195322375,5.764401633409098,5.59363187009691,1.416282294492892,2.491801230378385,1.334504634113976,6.547626684225726,4.412435608797644,3.694917190941951,2.03355763620124,5.004159522648241,4.692326114128656,6.4193759705282,2.272110135658021,1.131068432574276,4.648608427868304,5.993743492220949,5.48108379877233,4.536709802882243,3.798623575183329,1.46880371403009,5.109068373678067,2.319822703582201,7.178290025544429,5.658414384141668,3.159627163846963,2.939561843544084,5.378338682455468,0.6937361533981135
19,4.272187702485669,3.456112394431943,1.616082967203932,1.878268721525504,2.146144442486249,5.185058114055466,3.720697754949835,2.019531242292089,2.466152236237458,1.557842333661772,3.903123942208847,4.292933836184983,0.9902571185939392,2.726297566299948,3.531240865148865,3.669114104311572,3.779014548696974,5.216384156040531,1.563011374991996,0,4.233084411209732,1.624197420188328,1.881581667818448,4.366004709122486,4.783848183824173,1.202019971187771,1.800036409847037,1.532802784400296,3.414300694031311,2.097001286430216,2.555455921992212,1.201679756326751,6.626892098284401,4.777386556853763,2.38272908346208,3.355827609854653,2.238699729204022,5.045186191045844,2.359670675260723,3.483596486103109,4.606724187365267,1.339191458807549,1.896261747891756,3.828682828821002,4.844475688861531,0.7052607714393039,3.713564809247368,4.921494383716222,2.042516866263327,4.683456011157031,2.615920431727177,3.645206132562586,4.477697248947726,2.502067140011419,1.459968150607781,4.991302464107258,2.964809887723328,5.211723858350601,1.716116253125012,4.86614873418648,0.8707058037467466,3.947513231190968,2.813074714360648,0.3161262199115344,5.341416465268787,2.234208073205263,2.692289488603501,4.210795101184181,5.311421048284308,1.478065381352272,2.825820444191983,3.052445518059604,4.353459000413591,4.040340495586888,1.822792636590568,2.619682974953944,2.190687898742056,5.583842619301476,2.87093159131642,2.294997406421845,1.206212383936408,3.456947813127239,3.221412070849825,5.288590601222587,0.8787788213279266,1.31648481200836,3.281965043584093,4.492354637731753,3.942101886552606,3.838256755236201,2.903550389494657,0.422811013375419,3.732886161923964,1.092684578317351,5.620086186886273,4.095920654249213,2.05948712068336,1.595791288119223,3.863638537236059,1.022526800585881
20,3.205343771280994,4.545977422562421,3.484733218001786,3.448732985548924,4.163985113225337,0.9528516149021048,0.7391703736030926,5.42900390366712,2.296687334946099,4.466651057505112,2.005877969183044,0.6481744745845202,3.266284035111431,3.892655305093367,1.875736890167289,3.446910212535007,4.932329857882895,3.055510234298896,5.579611511460225,4.233084411209732,0,2.633863355988947,3.176506803887157,3.520163815292787,2.90729724306531,5.433001849253556,4.110281047529696,2.743014423345507,3.008705215277378,3.15543353896968,4.754675287656781,5.222483751651854,2.503240609408895,0.6378870459469759,4.500602494901353,2.40050772261221,3.363582651770938,1.045837903512006,3.944311527652626,3.772572161084599,0.8708456531030963,3.895891870715307,6.116961420556419,0.7914390937080774,4.416947374150563,3.786976285134876,5.754059820439586,2.417313166574344,4.467593695181199,3.635975852576236,2.458342826096003,5.303514042705487,0.6120250941500831,1.842877841978124,3.975222510263089,1.733382561204715,4.316945705705518,3.483877838333054,5.885277489907962,0.7488582951719289,3.412468003017929,4.553880489103493,1.488364458517428,4.548780168266314,3.167423469150053,6.035378687123789,2.812569901054745,3.134077665938674,1.121366434350125,4.87717008057946,1.835438475629452,1.516381586704059,0.4593709836267699,3.040787122672791,4.774054513655447,4.43603331399018,5.315490559619021,2.327471479907813,3.112987014173132,1.939682756022951,4.977163672544599,1.870195162612253,3.804696385501832,1.545737765396607,3.368970222346417,4.630101400696415,4.411849057670777,1.300697584644637,1.698681550321516,2.653137406919572,2.317480119498601,4.144180366021686,4.534801063912713,4.459626630791789,2.912462535250765,2.663571435598206,4.856826495422633,2.658687758118528,1.359315716878012,5.224745848662075
21,3.518788661953387,3.101596848624165,1.622731169996108,1.365221244436736,2.488554155979589,3.580574893819252,2.096520835797979,3.220273468099687,1.446048378868577,2.368799143774774,2.444961614699127,2.775445312250245,0.6374963053872073,2.699726777987924,2.050279621974055,2.722551943844005,3.505590118205633,3.857368836450191,2.961065234043129,1.624197420188328,2.633863355988947,0,1.564315935781897,3.716580862341361,3.809912101604226,2.824472092053648,2.242822811777432,0.5228564484692397,2.328148003414304,1.290370262387732,2.70729826846754,2.725166605858577,5.083725467314377,3.158244221952156,2.448430542554801,2.037167166625634,2.006477491022716,3.421014149396245,2.482174814705094,2.728674788039872,2.984558087844166,1.469437672868004,3.520459036095166,2.332897523765378,3.994962140559941,1.164539963211123,3.911691793345959,3.761094809084281,2.256843793126186,4.000347874063036,1.729896509165948,4.046901151897857,2.942464781653938,1.102885136337048,1.941196633398875,3.627837031000349,2.665436123588103,3.966067293892142,3.251566589844614,3.244990380203851,0.9167538975927464,3.426143621276947,1.318413941763368,1.93544385446734,3.989064125745391,3.473742238250953,1.594228875718693,3.042266804695427,3.734961184228965,2.364458147117281,1.278554353265838,1.456103292760941,2.803394759552527,3.270481232581554,2.395532276030897,2.533995781033132,2.933610884551176,4.032608597201038,2.359036157325394,0.7410929780625106,2.569514787565054,2.288377557403885,3.000852092776301,3.676348489430396,0.7460103215631598,2.113911244164205,3.359708677416519,3.092510979357728,2.695555858271744,2.565193843058024,1.555325338197893,1.510998000272477,3.72041819565389,2.147925034627749,4.461719130827873,3.16766398460117,2.887951869241029,0.03153942385899031,2.517244568988653,2.593596468577121
