,0,89,98,27,39,21,80,78,67,60,26,81,41,44,43,72,73,63,52,55,92,70,10,93,85,13,94,42,49,25,22,45,28,34,90,1,96,91,56,16,61,38,77,14,12,7,57,6,18,86,65,75,31,99,29,83,84,71,95,11,47,48,76,88,30,58,15,69,19,62,23,53,50,33,68,54,51,79,97,40,46,20,24,5,9,66,37,87,4,35,8,64,82,17,74,3,2,32,36,59
0,0,26.017,24.943,32.671,32.162,30.603,37.110,20.737,36.258,36.298,28.864,31.511,19.372,27.823,26.850,31.250,25.863,36.213,37.076,35.398,27.497,25.990,28.936,32.546,29.297,23.271,33.440,33.813,29.827,25.929,29.930,40.716,32.772,33.448,38.812,27.158,19.070,23.844,40.644,29.835,39.873,39.839,28.950,33.398,28.526,33.957,31.345,38.147,30.151,32.567,30.131,25.412,30.494,28.672,38.228,34.317,29.241,29.798,18.867,34.770,39.012,37.018,36.349,31.927,34.140,27.439,33.630,31.487,27.682,36.084,35.751,32.049,33.947,38.391,28.549,24.318,35.830,32.259,24.051,26.000,34.452,38.036,37.241,31.224,43.394,24.701,37.252,31.951,39.925,31.362,26.331,20.471,30.802,31.818,37.084,33.901,25.308,29.813,31.723,32.509
89,26.017,0,28.679,20.386,33.157,29.905,27.581,31.464,37.038,24.459,29.649,35.919,28.052,32.235,23.574,39.226,29.013,43.033,37.018,42.073,34.874,35.196,39.014,32.873,34.491,23.884,30.607,34.185,35.713,26.056,29.802,39.011,43.518,35.417,37.077,35.551,29.495,39.152,29.834,30.129,40.218,41.573,28.601,34.886,29.311,37.940,30.292,37.302,28.349,35.613,30.589,28.939,37.031,27.565,44.389,29.985,31.518,22.715,29.841,34.532,32.151,38.660,29.860,31.265,29.923,21.100,39.522,30.600,29.912,36.014,30.219,38.273,37.909,39.374,34.449,38.882,27.199,25.247,34.351,31.451,33.705,32.460,38.684,25.023,36.556,35.525,33.971,22.159,27.435,33.228,27.132,36.524,37.968,41.393,28.407,37.587,22.099,31.436,27.003,35.926
98,24.943,28.679,0,29.746,28.073,29.199,41.515,23.355,32.455,25.673,29.252,37.997,22.568,32.845,29.304,37.328,29.996,34.601,43.233,27.586,34.128,36.771,21.270,23.277,26.804,33.718,33.642,36.461,35.626,32.737,27.711,37.015,31.170,30.216,36.231,35.789,31.454,34.161,36.475,39.732,36.248,43.579,36.929,38.534,22.420,36.346,29.479,36.181,38.511,34.714,40.472,37.813,33.952,28.237,38.490,33.366,30.251,32.423,36.498,24.035,38.885,34.719,33.799,30.939,34.109,24.967,30.234,17.916,29.984,27.445,39.836,33.072,34.278,31.346,35.353,31.934,41.049,31.118,20.873,34.917,35.806,28.865,45.525,29.816,32.510,36.372,35.138,34.711,38.207,36.261,28.214,28.012,32.163,41.242,36.882,38.939,32.393,30.154,26.333,28.421
27,32.671,20.386,29.746,0,38.813,26.355,24.013,30.920,35.996,22.768,19.122,28.764,30.237,36.771,35.546,37.983,32.277,33.563,34.250,34.920,31.929,38.861,39.346,24.530,32.754,27.229,36.535,35.912,43.904,32.660,31.489,29.127,41.588,31.543,32.060,34.834,34.473,42.182,28.315,26.453,28.750,39.620,38.005,36.370,27.965,40.614,26.121,33.605,23.744,39.670,33.998,31.778,33.497,28.986,42.547,24.164,32.154,30.927,36.621,26.349,34.035,32.976,28.107,37.771,24.451,29.060,35.462,34.232,31.007,33.385,29.698,34.891,40.853,36.906,29.342,32.717,30.726,22.375,35.097,36.208,33.652,36.232,34.844,27.118,29.940,33.386,36.326,30.940,28.652,30.308,27.406,39.886,39.519,40.978,26.277,38.150,30.989,27.430,23.993,35.483
39,32.162,33.157,28.073,38.813,0,38.877,38.770,26.356,34.210,27.047,41.059,33.665,36.513,32.867,20.888,31.839,30.474,41.198,34.998,29.498,31.272,37.019,25.923,33.297,30.586,33.035,25.110,36.786,26.450,35.282,39.685,35.317,26.684,43.002,35.774,35.388,29.158,32.442,38.497,36.567,37.840,30.652,31.666,22.518,22.118,25.709,28.524,29.064,40.908,27.581,38.887,39.697,32.501,26.130,33.260,37.090,31.779,33.899,30.626,37.127,26.793,38.329,37.050,28.579,33.322,31.848,22.780,28.641,38.270,25.806,36.142,35.914,26.875,28.094,38.932,37.819,33.744,26.672,29.505,27.347,38.453,22.021,42.598,31.178,28.242,41.134,30.020,21.155,29.878,34.368,35.013,31.190,28.568,37.373,30.504,23.772,30.591,36.817,33.678,27.211
21,30.603,29.905,29.199,26.355,38.877,0,28.662,31.735,38.835,29.419,20.215,39.057,33.649,19.483,30.547,33.355,35.528,33.480,36.748,30.604,32.695,25.340,31.648,33.082,22.140,33.196,32.982,27.964,34.530,33.459,23.826,24.035,40.802,28.244,34.419,27.978,25.751,35.128,24.451,29.168,29.009,36.583,38.453,36.091,29.342,37.012,38.180,40.986,34.157,34.294,36.582,35.821,41.230,35.022,27.949,34.163,36.502,22.142,39.065,30.531,30.807,27.017,29.715,38.464,28.022,35.263,37.325,25.389,24.985,27.683,33.620,27.324,34.784,34.668,28.167,30.161,25.865,28.486,27.315,41.098,27.274,31.722,30.544,27.453,31.805,25.782,35.000,40.544,38.754,25.637,30.008,31.941,41.172,34.617,39.100,39.824,28.847,21.273,25.930,30.814
80,37.110,27.581,41.515,24.013,38.770,28.662,0,37.866,35.410,31.023,28.850,28.305,36.462,31.671,31.603,33.782,33.292,35.594,19.245,36.679,33.024,30.474,44.289,37.085,35.363,30.129,27.637,31.703,36.848,31.285,32.429,26.202,41.369,35.086,32.474,26.034,34.757,36.903,23.526,23.659,27.174,31.264,36.421,30.595,38.431,37.392,35.996,34.464,27.814,37.941,22.700,27.346,37.647,28.896,34.188,21.940,28.455,25.860,34.490,33.014,24.442,34.956,29.356,38.128,22.710,32.804,37.695,38.101,37.907,36.152,26.589,29.930,31.194,31.000,31.907,37.510,22.069,24.177,36.924,33.646,27.368,33.944,21.585,27.088,30.206,29.217,27.572,28.989,28.512,33.020,34.873,41.051,38.271,34.871,25.465,28.952,34.241,27.736,32.676,40.544
78,20.737,31.464,23.355,30.920,26.356,31.735,37.866,0,36.438,34.700,32.334,25.389,29.586,29.556,30.577,32.038,27.666,34.639,37.159,24.634,30.047,36.429,24.411,23.067,29.375,21.454,30.412,38.819,37.492,37.547,34.518,35.976,32.400,39.837,36.792,30.042,21.042,25.991,42.791,33.155,32.173,36.450,34.520,24.909,20.942,31.171,28.633,34.702,33.829,30.690,38.287,35.513,29.615,30.006,36.658,35.890,29.073,37.508,29.744,35.165,38.565,40.523,33.522,39.772,29.509,31.240,22.640,32.800,32.853,29.240,39.415,26.683,32.837,35.827,23.947,24.161,36.583,23.133,26.914,26.252,42.822,36.240,38.580,24.551,34.505,29.620,40.403,32.134,36.583,28.844,29.727,28.798,34.458,38.869,38.102,32.762,33.200,26.565,33.204,33.703
67,36.258,37.038,32.455,35.996,34.210,38.835,35.410,36.438,0,35.029,36.119,34.731,25.106,36.951,36.397,37.829,26.539,25.894,30.051,29.448,41.711,35.662,27.586,25.356,38.327,32.484,28.024,25.041,31.886,34.716,26.070,36.568,29.496,22.125,24.969,40.528,43.728,28.295,29.631,40.742,27.023,30.162,27.234,34.428,37.652,28.652,33.498,21.006,29.770,25.579,29.495,26.666,22.489,36.962,32.032,28.654,23.786,38.127,35.290,30.314,36.744,34.081,21.577,24.289,41.247,25.344,32.662,27.309,32.276,37.040,32.954,30.687,26.124,26.415,35.564,33.042,39.864,37.712,36.682,32.783,33.146,26.394,31.268,32.258,27.679,30.813,24.710,33.846,28.214,36.619,35.052,33.979,21.218,32.146,28.278,35.721,38.496,34.375,27.082,34.888
60,36.298,24.459,25.673,22.768,27.047,29.419,31.023,34.700,35.029,0,27.851,36.477,33.876,37.033,26.581,37.977,31.653,38.747,35.281,34.110,29.428,37.256,34.249,30.697,25.225,36.049,33.651,32.691,35.436,32.957,35.956,26.849,34.154,33.524,34.110,37.332,35.380,44.411,26.427,31.567,33.112,36.274,37.934,34.789,21.437,37.874,26.206,28.975,34.692,35.707,39.569,37.527,34.978,23.819,37.029,30.176,34.291,25.719,37.556,25.095,26.172,27.855,32.598,27.643,30.066,31.747,30.233,25.513,33.785,27.959,26.412,40.655,37.758,30.532,40.665,38.151,31.127,23.835,31.962,39.284,29.761,24.177,41.690,33.165,22.893,40.931,27.197,26.469,28.004,31.932,32.796,35.169,35.891,39.379,22.307,32.993,27.488,31.976,19.870,25.052
26,28.864,29.649,29.252,19.122,41.059,20.215,28.850,32.334,36.119,27.851,0,30.528,27.365,32.447,37.903,29.358,35.701,24.226,34.790,31.018,24.789,29.659,34.167,28.149,27.075,33.166,41.047,32.035,38.070,27.559,28.631,23.780,34.918,23.226,28.986,29.760,30.792,37.471,28.022,21.404,28.351,37.057,38.838,39.582,28.572,38.060,26.821,35.405,24.145,39.408,32.560,30.879,32.002,31.439,35.278,25.644,35.876,30.408,33.441,23.138,33.493,20.152,33.542,34.850,26.526,34.254,36.399,32.284,24.360,30.271,31.148,32.317,39.091,34.614,26.482,23.329,32.013,31.749,27.688,37.313,24.282,36.862,30.933,34.587,34.386,27.002,36.404,38.196,36.806,27.423,23.213,32.329,34.595,29.778,30.776,36.865,28.608,29.041,24.130,27.424
81,31.511,35.919,37.997,28.764,33.665,39.057,28.305,25.389,34.731,36.477,30.528,0,33.296,39.494,38.929,27.966,31.502,28.379,23.806,28.486,24.871,37.860,37.835,28.253,36.860,26.401,35.384,40.451,40.810,35.573,41.018,30.842,29.649,39.970,31.764,28.113,32.579,31.340,41.152,23.819,26.824,30.345,37.895,25.968,31.756,33.540,23.916,27.752,25.661,38.006,29.539,29.864,23.205,27.557,38.293,25.230,27.761,41.759,27.003,33.353,34.903,37.659,36.641,40.134,25.483,36.058,25.277,43.825,39.933,35.238,33.894,30.261,33.911,32.707,26.130,25.416,36.168,25.967,34.557,23.890,38.539,40.806,30.040,32.995,34.071,30.300,37.083,29.237,32.512,32.455,32.490,36.759,30.681,33.072,26.544,22.761,38.148,33.168,36.588,37.546
41,19.372,28.052,22.568,30.237,36.513,33.649,36.462,29.586,25.106,33.876,27.365,33.296,0,35.610,32.547,36.911,23.247,29.997,35.210,34.395,33.295,29.802,29.925,27.978,32.553,29.469,34.218,30.951,33.310,25.695,24.650,40.790,29.926,21.664,35.252,32.276,34.929,27.812,36.180,35.909,35.803,41.941,31.325,40.226,34.400,37.678,31.427,32.990,28.667,35.002,27.433,20.661,26.330,28.256,39.409,26.583,22.104,31.887,26.988,24.282,41.721,34.586,31.874,26.165,37.766,21.393,34.999,27.267,29.810,39.180,34.006,32.923,33.200,32.809,34.176,27.306,42.042,36.401,26.149,30.763,30.372,35.765,37.597,33.669,39.642,26.478,30.622,34.255,38.439,37.747,28.968,24.416,25.665,33.247,32.216,36.695,32.955,30.410,26.994,34.678
44,27.823,32.235,32.845,36.771,32.867,19.483,31.671,29.556,36.951,37.033,32.447,39.494,35.610,0,25.191,28.050,35.695,36.287,36.139,30.718,36.552,22.705,27.498,36.317,29.548,29.800,24.579,28.005,24.586,31.442,22.875,31.507,39.825,34.196,32.969,27.772,20.313,24.136,28.464,32.098,34.301,31.531,29.259,28.867,32.211,26.075,40.125,41.601,36.747,26.452,32.228,35.481,41.017,37.953,24.380,37.737,35.630,25.001,33.764,39.942,27.644,34.214,30.106,36.588,30.476,32.319,37.997,26.149,25.476,26.511,38.315,22.092,24.774,33.676,25.644,32.950,22.007,31.634,27.652,32.632,31.025,27.642,27.790,23.106,34.950,25.485,35.159,36.409,36.376,27.311,29.359,31.216,36.325,31.638,41.758,36.133,27.320,27.931,33.962,32.360
43,26.850,23.574,29.304,35.546,20.888,30.547,31.603,30.577,36.397,26.581,37.903,38.929,32.547,25.191,0,36.371,25.390,45.446,32.546,37.647,32.395,26.472,32.595,39.407,25.930,29.956,19.924,29.277,22.447,30.567,33.152,36.820,35.540,38.981,40.947,29.463,24.514,32.056,32.501,34.244,39.799,34.904,29.336,27.052,28.537,33.078,37.206,35.756,39.062,27.992,33.367,32.142,38.752,24.423,32.288,36.465,28.896,16.848,28.855,36.943,26.462,38.198,33.573,27.717,33.714,28.727,31.932,24.937,35.317,32.996,29.680,35.647,28.081,32.225,39.885,39.252,27.150,25.175,28.979,32.211,32.001,24.385,38.669,27.934,33.589,34.580,24.698,23.318,33.194,33.121,36.214,27.119,35.168,36.719,32.491,28.850,24.684,29.039,30.051,32.271
72,31.250,39.226,37.328,37.983,31.839,33.355,33.782,32.038,37.829,37.977,29.358,27.966,36.911,28.050,36.371,0,42.600,25.964,33.263,27.115,25.198,29.626,30.936,35.737,35.914,36.472,36.891,38.300,27.074,24.867,35.097,27.416,27.981,36.817,24.233,27.262,26.616,27.572,34.913,22.642,35.086,27.858,34.247,31.310,32.110,22.071,26.749,36.867,33.449,36.467,28.499,37.298,33.225,34.072,30.047,30.058,38.798,37.777,27.077,36.643,24.401,27.834,41.634,34.785,24.493,36.827,35.830,37.439,31.526,22.439,40.862,27.660,26.598,28.731,25.182,29.213,29.314,36.895,25.536,23.435,27.957,32.637,28.991,35.745,37.097,32.893,38.069,33.077,35.572,32.416,22.616,34.952,24.448,22.316,34.095,24.370,30.618,40.915,39.739,26.207
73,25.863,29.013,29.996,32.277,30.474,35.528,33.292,27.666,26.539,31.653,35.701,31.502,23.247,35.695,25.390,42.600,0,38.954,26.919,35.761,33.399,30.330,32.292,31.349,27.146,22.806,25.777,24.892,33.390,37.993,34.392,38.935,31.894,32.618,41.009,33.242,33.343,29.590,38.019,36.324,31.175,34.089,30.428,28.007,31.218,37.745,36.042,24.730,30.014,25.557,33.669,20.292,24.939,27.498,34.496,34.851,18.853,29.483,28.009,32.936,39.613,39.122,26.297,29.372,40.824,30.265,24.231,30.873,35.955,42.591,22.745,35.831,34.088,35.528,37.910,29.004,38.220,26.232,35.662,34.826,37.591,34.724,35.792,31.610,33.626,25.726,25.057,30.387,34.679,30.916,40.522,22.562,33.481,35.594,29.530,32.582,33.393,21.962,23.239,37.088
63,36.213,43.033,34.601,33.563,41.198,33.480,35.594,34.639,25.894,38.747,24.226,28.379,29.997,36.287,45.446,25.964,38.954,0,33.249,21.171,33.894,35.122,28.914,24.453,37.145,37.531,40.042,34.356,37.899,33.438,29.264,26.980,27.730,22.849,19.383,34.646,40.058,29.959,32.788,32.289,22.802,31.579,38.425,38.742,36.409,30.538,29.055,30.606,28.666,36.936,31.577,33.855,25.803,38.787,31.081,25.688,33.826,43.225,36.868,26.770,36.914,25.441,33.292,35.800,32.869,35.579,34.645,35.073,30.414,30.332,39.721,25.420,31.242,27.456,25.439,23.193,40.106,39.921,30.867,33.643,30.149,35.660,27.604,36.892,32.253,28.305,36.759,42.084,36.969,34.345,27.791,36.361,24.520,26.784,33.843,35.393,40.341,36.300,33.118,31.434
52,37.076,37.018,43.233,34.250,34.998,36.748,19.245,37.159,30.051,35.281,34.790,23.806,35.210,36.139,32.546,33.263,26.919,33.249,0,33.698,29.639,27.961,41.100,38.330,33.326,31.786,27.036,28.729,32.920,35.775,38.399,28.039,30.934,35.769,34.616,25.373,36.980,31.216,32.508,27.256,24.476,23.756,36.293,25.815,39.228,35.266,36.572,25.452,29.677,33.568,24.234,23.332,29.337,27.687,28.065,26.229,23.346,32.026,30.053,33.715,28.627,34.852,32.271,34.634,32.092,37.620,28.934,40.073,42.085,39.951,23.059,31.468,27.989,27.489,36.153,32.695,31.430,28.045,37.449,32.739,29.800,35.074,21.706,34.760,30.560,26.616,21.387,30.367,32.496,33.456,41.292,34.248,31.974,28.060,23.665,19.956,38.372,28.925,33.430,39.261
55,35.398,42.073,27.586,34.920,29.498,30.604,36.679,24.634,29.448,34.110,31.018,28.486,34.395,30.718,37.647,27.115,35.761,21.171,33.698,0,33.044,36.336,20.536,22.013,30.017,35.904,31.098,36.378,36.207,39.110,31.667,24.001,25.118,33.011,26.695,30.836,33.815,27.540,35.284,36.124,20.353,30.109,40.322,29.784,27.974,27.731,30.805,30.979,38.011,32.371,38.308,40.418,30.698,33.705,25.264,30.899,30.456,40.536,39.503,27.499,33.247,31.709,32.707,38.544,28.384,35.495,22.911,28.922,35.022,20.440,41.336,19.417,24.916,21.398,27.090,26.634,38.153,30.420,24.969,32.564,35.959,28.716,33.573,29.384,23.082,31.828,34.759,38.706,36.544,32.809,32.193,33.871,29.150,34.362,36.806,30.814,40.846,29.899,33.645,30.172
92,27.497,34.874,34.128,31.929,31.272,32.695,33.024,30.047,41.711,29.428,24.789,24.871,33.295,36.552,32.395,25.198,33.399,33.894,29.639,33.044,0,28.051,35.978,37.550,23.392,35.300,40.367,36.816,32.831,30.311,42.761,26.911,24.565,38.017,37.712,24.079,25.170,36.199,39.714,17.917,34.913,32.881,40.797,32.269,25.563,37.194,25.625,32.698,32.060,39.524,34.963,32.825,30.123,22.081,33.919,31.713,35.675,32.328,24.074,30.504,30.577,26.321,43.898,33.793,28.503,41.249,27.152,38.944,36.527,32.567,29.104,38.370,37.984,33.807,35.031,24.794,34.331,29.506,26.667,33.193,28.968,38.686,36.421,41.302,37.827,32.406,34.149,32.158,40.113,29.556,32.521,25.834,32.305,26.221,28.246,21.742,28.773,33.926,31.916,25.342
70,25.990,35.196,36.771,38.861,37.019,25.340,30.474,36.429,35.662,37.256,29.659,37.860,29.802,22.705,26.472,29.626,30.330,35.122,27.961,36.336,28.051,0,33.842,42.706,24.423,34.751,31.220,22.109,20.386,27.756,29.634,31.901,32.292,28.900,38.074,21.640,26.090,25.740,31.402,28.004,35.315,31.604,33.198,34.388,37.225,34.651,41.144,37.943,34.229,31.518,27.123,24.916,36.609,32.222,22.729,34.919,32.091,20.945,26.737,35.065,30.844,28.014,36.299,30.163,36.368,37.112,37.091,30.923,30.941,37.256,28.930,31.353,29.026,32.766,35.195,28.805,29.909,36.333,27.293,36.417,20.760,34.014,26.650,37.034,40.225,19.969,26.683,38.097,42.329,30.520,35.717,20.555,32.640,20.357,36.635,30.566,28.454,28.289,31.401,31.711
10,28.936,39.014,21.270,39.346,25.923,31.648,44.289,24.411,27.586,34.249,34.167,37.835,29.925,27.498,32.595,30.936,32.292,28.914,41.100,20.536,35.978,33.842,0,24.254,28.573,33.532,31.821,30.711,28.279,36.666,28.654,34.146,26.295,30.311,29.553,38.052,30.580,25.222,36.673,39.758,32.229,32.075,30.958,31.547,23.880,23.343,31.552,31.304,37.838,22.840,40.909,38.907,28.996,37.882,27.335,39.326,34.541,38.007,35.131,33.888,36.379,31.401,31.260,29.916,38.754,32.175,27.230,20.887,25.630,24.262,40.624,28.522,28.282,30.411,30.633,26.585,38.725,35.911,26.197,33.268,37.114,25.395,38.925,31.778,30.427,32.424,35.849,37.949,36.660,29.792,29.904,25.647,26.283,32.406,39.460,36.986,32.647,33.434,28.939,23.046
93,32.546,32.873,23.277,24.530,33.297,33.082,37.085,23.067,25.356,30.697,28.149,28.253,27.978,36.317,39.407,35.737,31.349,24.453,38.330,22.013,37.550,42.706,24.254,0,35.575,26.918,34.332,36.077,42.003,37.913,28.912,32.694,33.828,29.639,24.877,40.243,36.915,33.433,34.609,36.678,24.535,35.674,33.996,32.921,25.130,30.779,23.651,27.378,28.034,31.289,38.244,35.926,24.365,35.914,38.517,29.805,30.340,41.717,37.938,28.397,39.009,35.061,24.196,36.096,32.229,27.022,28.091,29.599,28.457,28.327,38.499,28.238,34.769,32.765,24.649,27.084,38.922,29.164,33.389,31.724,40.481,32.031,36.818,25.698,25.729,33.301,38.694,34.627,28.553,30.832,26.565,37.247,30.804,39.817,32.372,39.218,36.662,30.966,26.486,32.339
85,29.297,34.491,26.804,32.754,30.586,22.140,35.363,29.375,38.327,25.225,27.075,36.860,32.553,29.548,25.930,35.914,27.146,37.145,33.326,30.017,23.392,24.423,28.573,35.575,0,35.600,33.852,27.067,31.414,37.923,36.128,25.667,29.413,32.772,41.106,27.569,26.063,35.678,34.685,31.131,30.372,34.084,41.005,32.459,23.061,39.098,36.342,33.512,37.873,31.951,41.678,35.118,35.335,27.223,25.030,38.194,33.560,24.056,34.957,28.469,33.154,26.316,35.812,33.364,35.123,40.445,24.425,26.356,33.133,31.819,26.857,35.662,36.538,32.972,38.076,26.715,34.391,26.593,26.166,42.540,30.176,32.231,37.991,36.648,31.113,29.137,28.998,38.436,42.050,25.856,38.475,19.176,38.330,32.166,35.351,32.500,30.051,21.351,22.436,25.317
13,23.271,23.884,33.718,27.229,33.035,33.196,30.129,21.454,32.484,36.049,33.166,26.401,29.469,29.800,29.956,36.472,22.806,37.531,31.786,35.904,35.300,34.751,33.532,26.918,35.600,0,27.682,31.285,36.500,35.406,32.058,38.721,40.557,37.333,34.534,34.869,25.791,27.859,37.173,29.468,32.487,32.151,22.962,22.441,28.907,30.430,31.006,30.952,21.376,25.072,30.877,24.631,26.896,34.899,38.992,35.040,28.659,33.996,25.194,40.917,37.071,41.464,23.546,36.692,33.714,27.811,31.517,36.681,28.625,38.058,30.645,30.943,35.170,41.405,22.855,27.752,28.976,23.818,38.452,26.085,41.570,37.244,30.013,21.920,36.129,24.844,37.967,27.225,27.352,24.056,30.401,33.067,35.761,36.513,32.489,35.653,27.764,26.976,29.463,38.023
94,33.440,30.607,33.642,36.535,25.110,32.982,27.637,30.412,28.024,33.651,41.047,35.384,34.218,24.579,19.924,36.891,25.777,40.042,27.036,31.098,40.367,31.220,31.821,34.332,33.852,27.682,0,29.114,27.985,36.080,28.470,35.622,36.894,37.709,35.475,30.420,32.283,25.678,30.254,38.683,31.134,30.378,28.789,22.507,35.225,28.729,40.062,32.855,38.275,24.593,29.619,31.687,36.989,30.789,28.624,32.834,21.470,27.281,34.848,37.390,28.220,42.313,24.794,33.573,32.684,26.062,30.813,26.907,38.052,32.994,34.044,24.821,17.746,26.430,35.065,39.568,28.699,25.046,33.148,29.446,35.888,22.797,31.175,18.766,26.960,31.255,23.758,26.756,29.022,35.332,38.304,34.662,33.633,38.554,33.877,29.594,35.669,26.424,33.827,39.551
42,33.813,34.185,36.461,35.912,36.786,27.964,31.703,38.819,25.041,32.691,32.035,40.451,30.951,28.005,29.277,38.300,24.892,34.356,28.729,36.378,36.816,22.109,30.711,36.077,27.067,31.285,29.114,0,25.081,35.340,27.722,31.449,35.499,22.825,32.865,36.842,35.429,31.372,24.500,33.840,29.121,25.539,26.533,32.042,34.920,31.985,39.726,27.044,28.698,19.738,32.887,24.453,30.446,38.579,22.833,37.502,32.529,25.218,33.190,36.146,32.221,26.646,21.972,24.875,42.685,35.196,34.948,26.722,25.615,38.782,20.731,35.101,32.538,35.017,36.465,30.390,29.648,35.126,38.098,40.981,27.313,28.213,25.969,34.847,31.326,23.313,23.434,37.196,32.944,24.370,38.050,26.036,32.945,25.090,31.697,37.336,28.173,27.349,19.227,30.036
49,29.827,35.713,35.626,43.904,26.450,34.530,36.848,37.492,31.886,35.436,38.070,40.810,33.310,24.586,22.447,27.074,33.390,37.899,32.920,36.207,32.831,20.386,28.279,42.003,31.414,36.500,27.985,25.081,0,25.562,31.804,35.998,28.938,33.429,33.291,32.462,29.180,25.945,31.472,33.471,40.592,27.688,24.491,31.125,34.559,23.548,36.938,34.186,37.722,25.252,29.392,31.665,34.955,34.152,24.997,37.539,35.167,26.593,25.431,39.664,24.963,30.349,36.868,20.336,38.946,33.153,36.830,27.330,30.513,32.128,33.408,34.979,23.370,29.928,38.514,35.986,29.371,39.008,29.287,30.705,25.141,23.455,33.145,36.866,37.502,32.636,25.812,30.479,35.297,33.402,33.292,25.289,24.114,22.105,33.991,28.064,24.941,38.666,33.612,25.741
25,25.929,26.056,32.737,32.660,35.282,33.459,31.285,37.547,34.716,32.957,27.559,35.573,25.695,31.442,30.567,24.867,37.993,33.438,35.775,39.110,30.311,27.756,36.666,37.913,37.923,35.406,36.080,35.340,25.562,0,27.726,37.265,34.126,29.616,29.466,30.600,31.599,32.687,29.537,26.881,42.467,38.982,28.982,40.310,36.365,31.853,28.432,39.071,30.494,39.446,19.674,28.454,35.477,29.070,39.727,23.882,34.264,28.084,23.760,31.941,28.216,30.338,39.272,24.586,29.391,24.042,43.661,31.965,29.062,32.390,36.765,35.236,30.410,31.629,33.926,36.494,30.937,39.021,25.772,25.146,20.134,31.553,34.595,35.266,41.647,34.537,32.515,27.507,33.819,38.865,19.560,34.115,24.223,28.343,29.286,31.346,24.583,41.082,34.982,30.430
22,29.930,29.802,27.711,31.489,39.685,23.826,32.429,34.518,26.070,35.956,28.631,41.018,24.650,22.875,33.152,35.097,34.392,29.264,38.399,31.667,42.761,29.634,28.654,28.912,36.128,32.058,28.470,27.722,31.804,27.726,0,36.083,40.348,19.898,27.827,34.603,35.292,27.742,23.174,38.289,32.662,39.148,29.355,39.780,37.785,31.849,38.488,39.573,32.786,31.700,27.909,30.719,37.737,38.684,33.259,29.223,30.085,29.007,37.849,30.835,35.415,33.854,23.527,32.247,34.156,20.682,42.528,20.703,23.394,31.733,39.599,23.021,26.793,31.029,28.319,34.653,32.853,37.335,28.804,34.261,28.285,27.818,30.404,23.656,34.343,26.808,32.905,38.439,34.658,35.871,26.001,35.230,31.903,35.602,38.824,42.535,33.282,29.878,29.887,36.177
45,40.716,39.011,37.015,29.127,35.317,24.035,26.202,35.976,36.568,26.849,23.780,30.842,40.790,31.507,36.820,27.416,38.935,26.980,28.039,24.001,26.911,31.901,34.146,32.694,25.667,38.721,35.622,31.449,35.998,37.265,36.083,0,32.341,32.835,27.417,29.917,34.011,38.860,25.318,24.698,19.594,25.125,42.460,31.217,28.962,33.449,31.673,30.968,33.687,35.930,37.431,39.203,35.429,32.997,23.157,30.074,37.635,32.704,40.056,28.739,22.748,20.410,33.773,37.911,24.890,41.998,29.771,33.793,34.144,23.791,30.494,30.223,33.237,26.809,31.466,30.402,27.373,27.702,32.125,40.118,26.807,29.808,27.414,34.709,21.439,32.641,31.365,37.777,33.732,26.285,34.173,37.120,36.356,29.851,29.856,29.539,34.897,29.851,28.732,26.836
28,32.772,43.518,31.170,41.588,26.684,40.802,41.369,32.400,29.496,34.154,34.918,29.649,29.926,39.825,35.540,27.981,31.894,27.730,30.934,25.118,24.565,32.292,26.295,33.828,29.413,40.557,36.894,35.499,28.938,34.126,40.348,32.341,0,33.714,33.859,31.712,36.735,29.751,41.364,35.142,33.004,31.172,39.277,34.123,31.162,31.849,28.678,25.780,38.387,34.965,36.087,34.793,24.032,27.188,29.454,32.175,30.194,39.986,29.654,27.726,35.029,29.206,42.080,27.236,37.757,38.237,22.677,33.279,39.538,32.381,35.876,35.543,29.241,23.275,39.786,27.557,43.947,37.749,25.622,32.137,31.550,32.295,39.388,42.948,33.830,35.367,28.457,35.151,40.507,37.800,36.757,24.467,19.039,26.150,30.348,22.253,38.372,38.248,33.898,25.887
34,33.448,35.417,30.216,31.543,43.002,28.244,35.086,39.837,22.125,33.524,23.226,39.970,21.664,34.196,38.981,36.817,32.618,22.849,35.769,33.011,38.017,28.900,30.311,29.639,32.772,37.333,37.709,22.825,33.429,29.616,19.898,32.835,33.714,0,27.546,37.652,41.322,33.699,24.689,36.340,29.605,37.172,33.911,43.740,37.902,36.577,35.596,32.242,28.501,33.906,30.957,27.050,30.384,38.167,32.260,28.558,32.051,32.302,37.248,24.223,38.238,23.282,27.232,26.404,40.028,29.865,40.135,24.924,24.285,36.825,32.557,32.849,34.351,31.446,34.643,29.225,38.957,41.226,32.043,40.508,23.054,31.898,31.275,37.003,34.328,26.719,29.359,41.905,37.335,34.669,30.591,31.019,28.498,28.782,33.173,41.834,34.484,32.266,22.494,31.085
90,38.812,37.077,36.231,32.060,35.774,34.419,32.474,36.792,24.969,34.110,28.986,31.764,35.252,32.969,40.947,24.233,41.009,19.383,34.616,26.695,37.712,38.074,29.553,24.877,41.106,34.534,35.475,32.865,33.291,29.466,27.827,27.417,33.859,27.546,0,40.211,39.137,33.180,24.388,30.808,27.903,26.138,28.838,33.962,33.627,20.072,24.552,28.509,26.471,31.489,29.764,36.094,28.202,40.415,32.969,26.773,37.527,40.554,35.868,34.021,27.063,26.588,28.285,30.872,30.477,30.233,38.087,32.899,25.607,24.435,38.288,28.589,28.702,28.565,24.963,32.792,30.209,37.675,35.616,29.025,30.231,26.331,26.718,31.332,27.297,34.943,35.844,33.131,22.769,31.641,21.674,41.823,23.287,28.822,28.548,34.968,33.044,40.840,32.124,27.984
1,27.158,35.551,35.789,34.834,35.388,27.978,26.034,30.042,40.528,37.332,29.760,28.113,32.276,27.772,29.463,27.262,33.242,34.646,25.373,30.836,24.079,21.640,38.052,40.243,27.569,34.869,30.420,36.842,32.462,30.600,34.603,29.917,31.712,37.652,40.211,0,25.088,27.267,37.321,26.780,32.636,36.619,42.196,32.698,36.799,38.616,38.697,41.046,37.943,40.728,27.058,30.777,39.126,23.051,29.764,27.813,26.716,27.688,30.036,30.634,31.619,35.931,41.088,40.244,23.977,36.937,32.673,36.587,40.757,34.151,35.986,25.191,27.346,27.963,32.604,30.599,33.287,29.026,21.538,31.410,27.891,38.149,30.251,32.924,38.708,25.250,31.061,35.986,43.819,36.771,35.903,29.323,35.699,31.445,36.858,23.571,37.139,26.139,38.771,38.462
96,19.070,29.495,31.454,34.473,29.158,25.751,34.757,21.042,43.728,35.380,30.792,32.579,34.929,20.313,24.514,26.616,33.343,40.058,36.980,33.815,25.170,26.090,30.580,36.915,26.063,25.791,32.283,35.429,29.180,31.599,35.292,34.011,36.735,41.322,39.137,25.088,0,28.094,39.271,24.920,38.773,34.444,32.596,26.171,24.124,30.841,33.565,40.974,34.753,31.559,35.730,35.204,37.457,31.574,33.007,39.402,37.136,28.330,24.941,40.809,31.369,36.073,38.484,38.323,28.622,36.298,32.546,34.354,29.371,29.429,36.481,31.083,33.933,39.360,26.380,27.801,26.231,26.962,26.563,29.269,36.046,36.193,35.059,29.455,40.259,28.299,40.026,32.341,39.045,24.672,28.707,26.535,37.627,32.360,39.627,31.430,22.767,29.681,34.848,30.099
91,23.844,39.152,34.161,42.182,32.442,35.128,36.903,25.991,28.295,44.411,37.471,31.340,27.812,24.136,32.056,27.572,29.590,29.959,31.216,27.540,36.199,25.740,25.222,33.433,35.678,27.859,25.678,31.372,25.945,32.687,27.742,38.860,29.751,33.699,33.180,27.267,28.094,0,39.447,36.150,33.347,30.890,27.829,28.138,37.331,24.542,38.204,35.629,34.713,26.373,26.740,28.069,30.110,36.503,27.653,34.869,26.077,36.890,26.408,38.872,37.207,39.390,32.902,34.786,36.586,30.681,32.520,32.772,32.840,34.947,40.477,19.908,19.693,30.766,26.360,26.545,36.653,36.817,28.004,23.639,35.856,34.208,28.096,29.383,39.257,21.150,34.168,36.380,39.169,34.331,32.875,26.556,25.364,27.706,40.341,30.832,36.461,31.685,38.355,37.104
56,40.644,29.834,36.475,28.315,38.497,24.451,23.526,42.791,29.631,26.427,28.022,41.152,36.180,28.464,32.501,34.913,38.019,32.788,32.508,35.284,39.714,31.402,36.673,34.609,34.685,37.173,30.254,24.500,31.472,29.537,23.174,25.318,41.364,24.689,24.388,37.321,39.271,39.447,0,32.253,29.617,31.500,32.492,37.426,36.571,32.649,36.269,34.188,31.593,33.035,30.148,34.132,39.295,37.184,30.346,27.890,36.056,24.745,40.669,31.474,22.234,25.772,24.403,29.718,31.310,30.180,42.218,25.922,27.892,29.766,30.263,32.515,30.733,29.209,35.068,40.189,22.918,33.819,36.167,39.642,21.449,21.835,27.237,29.431,25.248,34.277,26.481,34.026,26.100,32.436,30.783,40.898,34.999,33.626,28.820,38.207,30.241,33.369,25.820,31.825
16,29.835,30.129,39.732,26.453,36.567,29.168,23.659,33.155,40.742,31.567,21.404,23.819,35.909,32.098,34.244,22.642,36.324,32.289,27.256,36.124,17.917,28.004,39.758,36.678,31.131,29.468,38.683,33.840,33.471,26.881,38.289,24.698,35.142,36.340,30.808,26.780,24.920,36.150,32.253,0,32.742,28.364,34.622,29.956,29.533,33.108,25.614,33.577,22.244,37.350,28.234,29.424,31.340,30.009,34.728,28.998,37.939,30.829,23.804,35.793,25.388,26.088,37.845,35.557,24.011,38.626,35.169,41.178,30.559,32.452,27.091,35.400,37.517,37.102,26.768,26.878,22.848,28.667,33.594,30.543,27.306,38.237,25.875,35.912,37.103,28.871,36.357,29.847,32.373,23.999,26.763,34.192,34.198,24.445,26.098,26.403,23.899,34.289,31.750,28.874
61,39.873,40.218,36.248,28.750,37.840,29.009,27.174,32.173,27.023,33.112,28.351,26.824,35.803,34.301,39.799,35.086,31.175,22.802,24.476,20.353,34.913,35.315,32.229,24.535,30.372,32.487,31.134,29.121,40.592,42.467,32.662,19.594,33.004,29.605,27.903,32.636,38.773,33.347,29.617,32.742,0,25.876,40.299,29.127,33.221,34.247,34.693,25.384,30.130,31.563,35.999,33.635,28.836,35.765,25.230,29.137,28.617,37.911,41.059,28.357,33.814,30.506,24.021,39.887,31.301,38.317,25.505,34.223,35.708,32.183,30.844,24.415,31.464,27.557,28.497,26.595,34.684,26.951,36.316,38.921,34.765,33.135,24.312,30.016,19.616,26.201,30.740,39.651,32.849,28.047,37.966,36.880,35.472,33.768,31.372,33.456,41.460,23.116,27.552,35.793
38,39.839,41.573,43.579,39.620,30.652,36.583,31.264,36.450,30.162,36.274,37.057,30.345,41.941,31.531,34.904,27.858,34.089,31.579,23.756,30.109,32.881,31.604,32.075,35.674,34.084,32.151,30.378,25.539,27.688,38.982,39.148,25.125,31.172,37.172,26.138,36.619,34.444,30.890,31.500,28.364,25.876,0,29.269,19.210,32.659,20.899,33.268,22.053,29.954,21.693,34.173,33.868,27.122,39.374,21.298,37.435,37.012,37.632,31.902,42.090,24.306,29.502,30.110,32.614,36.574,41.497,28.737,38.116,33.501,32.283,28.078,32.934,29.083,32.198,31.678,30.648,26.301,32.547,40.735,33.563,34.269,29.095,22.188,35.625,27.018,30.819,30.553,32.565,27.060,22.853,37.519,35.087,29.819,22.762,28.731,26.458,32.517,36.026,31.975,28.942
77,28.950,28.601,36.929,38.005,31.666,38.453,36.421,34.520,27.234,37.934,38.838,37.895,31.325,29.259,29.336,34.247,30.428,38.425,36.293,40.322,40.797,33.198,30.958,33.996,41.005,22.962,28.789,26.533,24.491,28.982,29.355,42.460,39.277,33.911,28.838,42.196,32.596,27.829,32.492,34.622,40.299,29.269,0,28.843,34.391,20.917,32.719,30.751,26.160,19.506,28.483,27.121,28.678,40.839,37.288,37.999,35.256,34.149,24.391,44.883,32.764,38.088,26.155,24.575,41.152,25.451,39.911,32.684,23.778,37.435,33.461,36.221,31.075,39.878,31.256,35.627,28.413,37.415,40.194,26.001,36.651,29.207,31.580,29.921,38.419,32.090,34.855,26.168,23.772,29.637,28.498,34.225,27.125,30.622,32.108,37.286,22.842,39.613,31.310,32.840
14,33.398,34.886,38.534,36.370,22.518,36.091,30.595,24.909,34.428,34.789,39.582,25.968,40.226,28.867,27.052,31.310,28.007,38.742,25.815,29.784,32.269,34.388,31.547,32.921,32.459,22.441,22.507,32.042,31.125,40.310,39.780,31.217,34.123,43.740,33.962,32.698,26.171,28.138,37.426,29.956,29.127,19.210,28.843,0,27.031,23.710,32.712,26.696,32.584,21.486,35.428,34.219,29.602,33.487,28.651,38.127,31.479,35.521,29.213,43.061,27.464,39.617,29.736,37.142,32.043,36.996,22.400,37.469,36.663,31.736,30.821,30.269,28.350,34.311,29.375,31.799,25.882,21.094,38.020,27.502,41.180,30.690,29.362,26.430,28.075,31.289,33.277,25.635,26.802,23.828,37.361,33.892,34.414,33.598,31.391,24.612,31.801,30.237,33.923,34.119
12,28.526,29.311,22.420,27.965,22.118,29.342,38.431,20.942,37.652,21.437,28.572,31.756,34.400,32.211,28.537,32.110,31.218,36.409,39.228,27.974,25.563,37.225,23.880,25.130,23.061,28.907,35.225,34.920,34.559,36.365,37.785,28.962,31.162,37.902,33.627,36.799,24.124,37.331,36.571,29.533,33.221,32.659,34.391,27.031,0,30.480,21.750,29.557,33.152,29.187,43.181,39.554,29.728,29.805,35.022,37.851,37.525,33.590,32.246,33.401,31.191,30.201,33.948,32.679,30.959,35.089,22.867,28.768,28.045,23.333,32.642,36.868,38.016,36.079,31.376,27.936,31.824,23.070,29.840,34.028,38.122,29.407,41.408,31.391,28.124,36.876,37.568,29.363,31.222,22.407,28.458,29.317,34.658,36.477,31.375,33.119,24.118,31.462,23.936,19.572
7,33.957,37.940,36.346,40.614,25.709,37.012,37.392,31.171,28.652,37.874,38.060,33.540,37.678,26.075,33.078,22.071,37.745,30.538,35.266,27.731,37.194,34.651,23.343,30.779,39.098,30.430,28.729,31.985,23.548,31.853,31.849,33.449,31.849,36.577,20.072,38.616,30.841,24.542,32.649,33.108,34.247,20.899,20.917,23.710,30.480,0,29.015,29.895,32.604,21.257,32.158,37.097,29.216,40.461,28.714,36.576,37.508,39.289,29.701,42.610,25.810,33.646,31.027,29.903,34.377,31.782,33.952,32.290,27.148,24.289,39.552,28.330,23.023,31.179,26.222,33.044,27.830,36.265,34.585,23.055,35.887,23.841,29.535,29.575,31.270,34.383,36.179,29.243,25.197,28.887,26.375,36.112,22.629,27.380,33.947,30.709,29.118,40.830,35.885,26.841
57,31.345,30.292,29.479,26.121,28.524,38.180,35.996,28.633,33.498,26.206,26.821,23.916,31.427,40.125,37.206,26.749,36.042,29.055,36.572,30.805,25.625,41.144,31.552,23.651,36.342,31.006,40.062,39.726,36.938,28.432,38.488,31.673,28.678,35.596,24.552,38.697,33.565,38.204,36.269,25.614,34.693,33.268,32.719,32.712,21.750,29.015,0,26.255,25.540,36.445,34.860,35.670,22.632,29.420,41.825,27.556,36.546,40.279,27.741,31.039,31.143,29.652,36.857,29.705,28.334,30.919,30.355,36.382,30.454,27.053,34.909,38.124,37.556,33.801,29.989,29.695,34.978,31.094,32.518,25.687,35.146,32.958,38.902,35.414,32.097,39.337,38.311,24.589,25.798,31.282,20.941,36.850,25.176,33.312,22.026,29.754,27.930,40.847,29.909,23.816
6,38.147,37.302,36.181,33.605,29.064,40.986,34.464,34.702,21.006,28.975,35.405,27.752,32.990,41.601,35.756,36.867,24.730,30.606,25.452,30.979,32.698,37.943,31.304,27.378,33.512,30.952,32.855,27.044,34.186,39.071,39.573,30.968,25.780,32.242,28.509,41.046,40.974,35.629,34.188,33.577,25.384,22.053,30.751,26.696,29.557,29.895,26.255,0,26.507,25.281,35.897,29.312,14.853,33.162,32.327,32.610,29.686,39.281,31.826,33.203,33.156,30.854,27.408,25.763,39.988,35.630,22.521,35.101,35.418,36.900,23.166,38.597,34.352,31.179,37.447,29.911,37.204,31.044,40.642,34.559,36.282,29.939,33.138,37.375,24.236,34.376,26.260,28.942,24.733,28.965,38.144,32.851,25.840,30.205,18.790,28.836,34.836,34.965,23.498,29.257
18,30.151,28.349,38.511,23.744,40.908,34.157,27.814,33.829,29.770,34.692,24.145,25.661,28.667,36.747,39.062,33.449,30.014,28.666,29.677,38.011,32.060,34.229,37.838,28.034,37.873,21.376,38.275,28.698,37.722,30.494,32.786,33.687,38.387,28.501,26.471,37.943,34.753,34.713,31.593,22.244,30.130,29.954,26.160,32.584,33.152,32.604,25.540,26.507,0,31.658,27.107,20.810,21.256,37.208,39.529,29.086,34.100,36.426,25.707,36.395,35.685,30.752,26.344,32.273,34.799,31.934,37.025,39.882,24.792,39.557,25.586,36.120,39.629,40.824,24.791,25.029,30.268,32.783,40.901,31.075,33.550,39.167,24.830,33.560,36.708,25.591,36.930,31.371,26.237,24.313,26.822,35.884,31.497,28.216,24.531,36.422,27.232,34.016,25.674,33.724
86,32.567,35.613,34.714,39.670,27.581,34.294,37.941,30.690,25.579,35.707,39.408,38.006,35.002,26.452,27.992,36.467,25.557,36.936,33.568,32.371,39.524,31.518,22.840,31.289,31.951,25.072,24.593,19.738,25.252,39.446,31.700,35.930,34.965,33.906,31.489,40.728,31.559,26.373,33.035,37.350,31.563,21.693,19.506,21.486,29.187,21.257,36.445,25.281,31.658,0,37.363,31.781,27.631,40.992,25.783,42.289,33.861,34.013,31.724,42.998,32.943,35.412,21.604,28.451,42.650,33.733,29.485,28.310,26.381,34.492,30.237,32.934,29.564,36.692,32.294,30.915,30.052,32.527,39.327,34.148,38.853,25.803,30.871,29.509,29.813,28.861,31.436,32.727,28.101,22.346,36.515,28.699,31.153,30.499,34.956,36.215,28.393,31.486,26.233,29.719
65,30.131,30.589,40.472,33.998,38.887,36.582,22.700,38.287,29.495,39.569,32.560,29.539,27.433,32.228,33.367,28.499,33.669,31.577,24.234,38.308,34.963,27.123,40.909,38.244,41.678,30.877,29.619,32.887,29.392,19.674,27.909,37.431,36.087,30.957,29.764,27.058,35.730,26.740,30.148,28.234,35.999,34.173,28.483,35.428,43.181,32.158,34.860,35.897,27.107,37.363,0,19.795,33.054,31.185,36.973,20.043,25.809,31.302,24.744,34.803,30.509,36.820,33.956,31.058,30.273,25.421,42.050,37.758,35.510,39.002,34.278,28.981,25.067,29.977,31.469,35.930,30.924,36.989,32.987,23.015,25.057,35.109,23.523,31.700,40.115,27.394,28.850,28.600,32.195,39.463,29.435,37.068,25.863,28.135,28.503,28.336,33.929,36.795,37.896,40.392
75,25.412,28.939,37.813,31.778,39.697,35.821,27.346,35.513,26.666,37.527,30.879,29.864,20.661,35.481,32.142,37.298,20.292,33.855,23.332,40.418,32.825,24.916,38.907,35.926,35.118,24.631,31.687,24.453,31.665,28.454,30.719,39.203,34.793,27.050,36.094,30.777,35.204,28.069,34.132,29.424,33.635,33.868,27.121,34.219,39.554,37.097,35.670,29.312,20.810,31.781,19.795,0,25.219,31.234,36.615,28.211,22.974,29.676,21.765,34.099,38.056,35.653,29.110,28.246,38.982,29.097,36.522,36.806,32.797,45.150,23.447,35.022,33.850,36.745,34.128,28.488,35.220,34.621,36.842,31.247,29.686,38.839,26.497,34.958,40.495,20.145,27.109,31.676,34.580,33.151,35.251,27.740,29.589,27.344,27.345,32.614,31.596,29.612,28.414,38.992
31,30.494,37.031,33.952,33.497,32.501,41.230,37.647,29.615,22.489,34.978,32.002,23.205,26.330,41.017,38.752,33.225,24.939,25.803,29.337,30.698,30.123,36.609,28.996,24.365,35.335,26.896,36.989,30.446,34.955,35.477,37.737,35.429,24.032,30.384,28.202,39.126,37.457,30.110,39.295,31.340,28.836,27.122,28.678,29.602,29.728,29.216,22.632,14.853,21.256,27.631,33.054,25.219,0,34.165,36.006,31.940,29.544,42.147,25.010,33.523,38.638,31.851,30.613,27.475,39.871,33.696,25.078,37.375,31.571,38.175,28.842,36.546,35.674,34.854,31.484,21.390,40.212,34.581,37.624,29.223,37.390,36.290,32.974,37.976,33.514,29.649,33.355,31.416,30.045,28.934,32.690,29.128,21.781,27.015,24.377,30.671,33.690,35.987,26.767,29.678
99,28.672,27.565,28.237,28.986,26.130,35.022,28.896,30.006,36.962,23.819,31.439,27.557,28.256,37.953,24.423,34.072,27.498,38.787,27.687,33.705,22.081,32.222,37.882,35.914,27.223,34.899,30.789,38.579,34.152,29.070,38.684,32.997,27.188,38.167,40.415,23.051,31.574,36.503,37.184,30.009,35.765,39.374,40.839,33.487,29.805,40.461,29.420,33.162,37.208,40.992,31.185,31.234,34.165,0,38.183,23.927,23.060,27.185,29.083,23.418,30.708,36.139,40.443,31.637,26.181,30.799,27.082,32.900,42.547,33.972,30.652,36.284,31.981,25.992,40.622,35.813,36.888,24.071,23.878,30.698,29.853,33.075,40.784,34.386,33.450,36.582,25.167,24.385,36.922,39.453,35.596,30.163,32.190,37.517,25.001,20.792,34.260,30.519,32.439,34.355
29,38.228,44.389,38.490,42.547,33.260,27.949,34.188,36.658,32.032,37.029,35.278,38.293,39.409,24.380,32.288,30.047,34.496,31.081,28.065,25.264,33.919,22.729,27.335,38.517,25.030,38.992,28.624,22.833,24.997,39.727,33.259,23.157,29.454,32.260,32.969,29.764,33.007,27.653,30.346,34.728,25.230,21.298,37.288,28.651,35.022,28.714,41.825,32.327,39.529,25.783,36.973,36.615,36.006,38.183,0,38.732,34.978,31.801,38.072,36.441,28.127,27.196,32.745,34.624,37.426,42.481,29.865,29.604,34.434,30.371,32.981,27.216,24.847,26.655,35.219,30.378,31.497,35.069,31.916,40.281,29.003,27.378,26.138,36.013,28.238,26.826,27.009,41.542,39.528,28.347,40.547,28.458,33.283,24.549,38.209,30.628,36.732,29.067,32.040,29.597
83,34.317,29.985,33.366,24.164,37.090,34.163,21.940,35.890,28.654,30.176,25.644,25.230,26.583,37.737,36.465,30.058,34.851,25.688,26.229,30.899,31.713,34.919,39.326,29.805,38.194,35.040,32.834,37.502,37.539,23.882,29.223,30.074,32.175,28.558,26.773,27.813,39.402,34.869,27.890,28.998,29.137,37.435,37.999,38.127,37.851,36.576,27.556,32.610,29.086,42.289,20.043,28.211,31.940,23.927,38.732,0,23.739,33.504,33.358,20.348,30.185,32.791,33.931,32.883,22.238,24.828,36.654,34.453,37.799,32.659,34.789,28.728,28.430,22.273,32.610,35.413,35.178,31.694,28.535,27.788,24.758,32.715,30.689,30.898,31.298,33.375,28.009,28.997,30.857,40.791,27.815,39.754,27.086,34.721,22.983,27.996,37.885,34.288,33.774,37.518
