0,0,27.15795387268366,25.30836645235456,33.90089603426475,39.9254842992161,31.22368744356396,38.14732293343381,33.9568927191169,26.33085553738222,43.39398464915749,28.9363739649696,34.76964396857481,28.52641108966187,23.27115129090836,33.39830744504908,33.63002889599473,29.83520243962973,31.81803296222928,30.15054742593022,27.68204048063039,38.03576141800055,30.6028444144991,29.93008279163795,35.75080827699821,37.24078933491541,25.9292046641904,28.86384571214067,32.67102240161062,32.77219161315904,38.22790084761382,34.1404397778166,30.49395332465005,29.81349673608188,38.39059417650179,33.44829876155929,31.36204449074363,31.72337476586131,37.2523486519944,39.83903693381206,32.16232578131243,26.00023302767578,19.371860738206,33.81284616776402,26.85032048122642,27.8228255213476,40.71568224228598,34.45221267746142,39.01166474744983,37.01780235445424,29.82705938229389,33.94655584644965,35.82977298693646,37.0761398661791,32.04910059915726,24.31817988561279,35.39813818968181,40.64361200750014,31.34543196708719,27.43908630040137,32.5094788775903,36.29791098807515,39.87257152475973,36.08411166404721,36.21306890123777,20.47066316106707,30.13050710779358,24.70058899699129,36.25823895102795,28.54942054482924,31.48701977388727,25.99003098578485,29.79793556951164,31.25020310947492,25.86282175416475,37.08427052736079,25.41245138849959,36.34901379571266,28.94951703707062,20.7371590932743,32.25933724664601,37.10979983747844,31.51107203428845,30.80198870324645,34.31727590416752,29.24103264828675,29.29698588141433,32.56710295071431,31.95100125658894,31.92701936916376,26.01668610462379,38.81202488717381,23.84403270007898,27.4974294165277,32.54557720591342,33.43981961219864,18.86717177656864,19.06983071939123,24.05144781661731,24.9430356434827,28.67208157863004
89,27.15795387268366,0,37.13927544292245,23.57108217487986,43.81884328952707,32.92374333617035,41.0456120252243,38.61578279865527,35.90279201853084,38.70796513032877,38.05178432083257,30.6337909204222,36.79868977845204,34.86947715977272,32.69847867325423,32.67250935009596,26.78023623680268,31.44533966697508,37.94304802942937,40.75703670210351,38.14928913934081,27.97846216283971,34.60289582686941,35.98647134067802,30.25069294951276,30.60030440852922,29.75955987104887,34.83448789977814,31.71239171436768,29.76408471105578,23.97699284381671,39.12565563519137,26.13946967701724,27.96278351500484,37.65204188606183,36.77054677957843,38.7708420909688,31.06059857645695,36.61876761778416,35.38837157457198,31.41021570380914,32.27572086765625,36.8415859355864,29.46337971501022,27.77177376862977,29.91674199061116,27.89111062200471,31.61879936458426,35.93056809255472,32.46205753362152,27.3460812635229,33.28681335874317,25.37283222920309,25.19051994956911,30.59880697105479,30.83633978610834,37.32112682864778,38.69667966669655,36.93681902123209,38.46170186823861,37.33219804163861,32.63606574210245,34.15135739247399,34.64591779616229,29.32266417472674,27.05798036447282,25.25000368565069,40.52847070622828,32.60425023682598,36.58675835708738,21.64039020712931,27.68810317548888,27.26188564015746,33.24165426733374,36.85831502063733,30.77669781119712,41.08814595687217,42.19564959804583,30.04185814482404,29.0259106202868,26.03413851467021,28.11311760945014,35.69877076397891,27.81316654763443,26.71626972784901,27.56861172771605,40.72763186230139,35.9864425842994,40.2438762632898,35.55086049056582,40.21122420625268,27.26668428613723,24.07896864072555,40.24346909322792,30.42010259898485,30.03560960272062,25.08830880550832,21.53760370270851,35.78922459284944,23.05100093282676
98,25.30836645235456,37.13927544292245,0,35.43713154807854,29.31282711049409,33.89282273152068,34.83550812580528,29.11776156821164,24.29850520833857,38.32348416120008,32.64719314995183,40.10389397064827,24.11835481496489,27.76359240397186,31.80057929702076,38.54920895969228,23.89902686258889,29.06649009538841,27.2318676785887,19.94319785782623,30.32213521131823,28.84725359886585,33.28246430089864,28.2707405119727,35.67604570961532,24.58344883042291,28.60846232501579,30.98856331229919,38.37167947084098,36.73182112776646,34.73203769712886,33.69003438689877,36.81176076446924,41.07229648323352,34.48395351311021,22.93869465912454,25.56728429890452,35.84204299245738,32.51733559210504,30.59115575011002,32.48389459294221,32.95530988369704,28.17279740715458,24.68378335352387,27.32000258320472,34.8968893214643,29.89836017233183,27.00324082073408,28.37369687918192,24.94126121460731,38.08653007817962,22.105449697135,38.3724301242924,40.52045969528394,32.93779091094323,40.84647870349167,30.24092859096416,27.93020842853717,32.00631636533052,22.06881354089706,27.48787170362429,41.45968681199786,31.7799528487982,40.34107718035037,29.70604442661748,33.9286771506931,33.81478445758627,38.49603178613071,32.64160264018875,30.99040428171059,28.45393473169066,24.69445046396608,30.61751310750771,33.39329933287454,30.24073286205263,31.59561140758333,33.92635030674642,22.84221401546742,33.19979203644085,32.32398825473208,34.24086948410756,38.14777015768114,33.45383691800698,37.88475315849769,40.70727732896217,30.05138414479627,28.39270771711334,26.59008665760463,25.27771585690598,22.09909232232783,33.04361249063632,36.46116643761402,28.77253143312301,36.66192678628026,35.66902704496497,23.63605115042852,22.76683477302712,34.08701186548121,32.39316733914031,34.26005401797853
27,33.90089603426475,23.57108217487986,35.43713154807854,0,34.10918237368895,37.00368635110643,28.83606495057313,30.70941841214034,37.01018838632874,32.7861365331709,36.98637847248128,34.0997351981087,33.11864071180822,35.65258352673131,24.61243429669505,25.46497453451024,26.4029063977002,28.30990544695711,36.42162327662554,43.36144802029976,32.08076415256805,39.82357655889101,42.53512854003743,31.82512780913737,32.8855332761424,31.3464764866744,36.86480958562633,38.14988238345872,22.25301794345844,30.62834671013869,27.64536441762791,30.67098356990794,36.64061416592352,23.8077144953738,41.8335970767669,36.4561701242652,38.21755094261695,26.18306209642041,26.45828120684951,23.77229517922417,25.29393614072482,36.69518189235766,37.33601910601335,28.85011949137782,36.13328784429407,29.53854305380305,30.77336974746942,24.01891728410203,34.85787710045432,28.06402631881414,25.43807238420658,32.99795262862322,19.95583648404268,33.59933105867814,34.26357329828157,30.81408002718678,38.207060384889,29.75446220158036,37.42814601855397,32.72732874353822,32.99251787720633,33.45574017671795,32.23375608650856,35.39320210711042,32.37145655287649,28.33563421812569,35.36607738990242,35.72074941267945,37.55890563418917,39.13500072975742,30.56602059680403,34.3094146883287,24.37001155841826,32.58221167785449,24.83358572622489,32.61372444236007,41.61214138250192,37.2862000684526,32.76205594666961,28.84782603928329,28.95177300338222,22.76082980449839,26.45529504103819,27.99615662250354,28.33671248355332,32.50002410734113,36.2149859666198,24.25147128550384,32.35826819058204,37.58693607561251,34.9683793757506,30.83171526409842,21.74155160870654,39.21829760654055,29.5943610876024,25.32131907701459,31.42990553392201,29.63393448468604,38.93886216373225,20.79225308646201
39,39.9254842992161,43.81884328952707,29.31282711049409,34.10918237368895,0,26.71708429966979,24.73296214906426,25.19719698549768,29.90458876318448,24.95233571372327,36.65965847409982,39.8230549300929,31.22220720153747,27.3518231500339,26.80209385015036,36.25481657039864,32.37252600859564,37.98203329833103,26.23677622694923,31.87702895697271,25.05611412132258,38.75387910835726,34.65754483378206,31.17841193288319,32.31504824481505,33.81892451770049,36.80568834685693,28.65226951153789,40.50660945599819,39.5283038708179,32.57712658791796,30.04547343608811,39.46435681361578,34.77222000141376,37.33512520531912,30.92998350565171,29.71265381709127,33.02614534351861,27.05993333272698,29.87818779233718,29.21202925320116,38.43920774012151,32.94381616170406,33.19424046060367,36.3758385317518,33.73231992446946,37.37720061664625,25.14840307807234,36.76522304411259,35.29723690476153,33.09908335996197,25.13640297149492,32.49627143556951,36.97288919155604,40.55412106148174,36.5438046190655,26.10041877280365,25.79754415262881,27.43921726320724,33.58328036815819,28.00422356646586,32.84887505300612,31.76352680818811,36.96943054834622,44.30488275417737,32.19525256291434,39.94517871292098,28.21417742110838,32.77452721659849,35.12623689977995,42.32941472842155,36.52709571514499,35.57160300352313,34.67888463120408,21.23735294788119,34.57951604655996,23.85245290440114,23.77209192620782,36.5832854370328,28.88735366931249,28.51165733625618,32.51240076928013,31.53169267081595,30.85738591256218,35.30409657754063,42.05033426555667,28.10056451571482,19.79449673434855,30.14961230035389,27.43500602338156,22.76866166207231,39.16881464640267,40.11292859025585,28.55277191843718,29.02207796892172,34.60882123347558,39.04536271712551,42.99188579185122,38.20690458178412,36.92150064761081
21,31.22368744356396,32.92374333617035,33.89282273152068,37.00368635110643,26.71708429966979,0,37.37494101099575,29.57514409169008,29.41417749090093,28.01860294053496,31.77848288965506,36.68808073382049,31.39069120121043,21.92001097306984,26.42960495175948,34.78384486740158,35.91190252545396,42.71359867469095,33.56036813446575,31.9575355517117,28.0609083248278,27.45258015673434,23.65613798323274,38.89055413178095,31.58703344605442,35.26609579014341,34.58730628323057,27.11775202029138,42.94820928593992,36.01298480589289,25.61035398348541,37.97612141190848,25.78203195985866,32.59749148773326,37.00308675829005,32.33998429032152,33.3457253033425,35.62009028647633,35.62527620360154,31.17799770333047,28.06781906293029,33.66941712857754,34.8472771305541,27.93354189848839,23.10609625166148,34.70931436906245,39.06224244295282,31.45714738430285,42.44703401275451,36.86575132892191,26.31788849667295,26.50632505635398,34.76043751203849,20.83958736133244,37.10106447259048,29.3839771224416,29.43056753111549,35.41374940184183,22.29020587712351,39.88615696017829,33.16518567859786,30.01602272640695,28.48149245064934,36.89228605324563,39.99615357697642,31.70014504866153,31.20338320087965,32.25776417516697,24.31394485201184,28.56514575781764,37.03396676419587,31.18861191427458,35.74549980593041,31.6097783696673,36.46770516065688,34.95830192936326,21.71043439350533,29.92055254997725,24.55112154101131,22.15230835238418,27.08760882302375,32.99548551360771,37.59652949293441,30.89757009187997,27.45352886033158,36.64751436622301,29.50869304176004,29.08922307962257,39.66868168164003,25.022981249658,31.33201661726429,29.38271786416673,41.30222597541746,25.69807468610275,18.76594627167996,37.31097784825096,29.45509200662151,33.01134427580326,29.81627138796084,34.38552108506299
80,38.14732293343381,41.0456120252243,34.83550812580528,28.83606495057313,24.73296214906426,37.37494101099575,0,29.89523349127629,38.14416420992883,24.23645145634649,31.30431106296918,33.20341935612137,29.55678021875512,30.95152463999172,26.69601183612704,22.5207434833593,33.57701296920295,30.20540149957076,26.50690585808196,35.41816353868181,29.93919992419259,40.98591240627355,39.57251232540639,23.16587997783413,33.13750018139672,39.07094540123836,35.40466879806782,33.60467057917879,25.7799667402622,32.32720281936587,39.98759058962028,14.85316382834226,34.9645072137799,31.17879734471549,32.24204567596399,28.96503776599092,23.4976198602215,26.26014983018706,22.05302541686254,29.06385213925668,34.55899487835953,32.989658090228,27.04357324056202,35.75596545809925,41.60127226030263,30.96799384897533,36.28162478114531,33.15602981869598,30.85369160868925,34.18613084276212,34.35160531882691,37.20408088553016,25.45219824325376,38.59728529923896,29.9105558908608,30.9787178197146,34.18809990185249,26.25495460631823,35.62983406624517,29.25695083782354,28.97474917846574,25.3835438560582,36.89996848484718,30.60649140957814,32.85111822966842,35.89739310881748,34.37649625302497,21.00646392830174,37.44746053468964,35.10110608800083,37.94258861843031,39.28076915434732,36.86662579404376,24.73025542682198,18.78958834340878,29.31188269006935,27.40830285529676,30.75138797913242,34.70215520604982,31.04363944876952,34.46383229529908,27.75247000954034,25.84040597651701,32.60983560920234,29.68621933601353,33.51177722506726,25.28057974600214,28.9420364653193,25.76296747135856,37.30168868756152,28.50937950615731,35.62924657159039,32.6981470386982,27.37768699027294,32.85496082379059,31.82637411160838,40.97396253464769,40.64189535412786,36.18075224573237,33.16232650146755
78,33.9568927191169,38.61578279865527,29.11776156821164,30.70941841214034,25.19719698549768,29.57514409169008,29.89523349127629,0,26.37542635003782,31.27025877275571,23.34281900555358,42.61004243712904,30.47962062994083,30.43008644324394,23.70980433349181,33.95172198720728,33.10841048789349,27.38019141988177,32.60369430440145,27.14792643056797,23.84070518205284,37.01222126555947,31.84856352812112,39.55166671759164,29.53484066849232,31.85298003062297,38.05959170138176,40.61407799149074,31.84890133584711,28.7140964336416,34.37725317938921,29.21633829176997,40.8295517893621,31.17873055930368,36.57677109653687,28.88712736012982,35.88505584777477,36.17891590993714,20.89886704618396,25.70929840737385,23.0551626070795,37.67840378527946,31.98512162359851,33.07812474256925,26.07472251915021,33.44895839036483,35.88651361215584,25.80974600907398,33.64640973445987,23.54771876170201,23.02338512670116,27.82974589352287,35.265629623093,28.32950567207476,33.04425655436785,27.73063761533717,32.64861744931837,29.01466555843503,31.78162106061344,26.84087115833974,37.87418101396481,34.24694766281222,24.28882436725756,30.53825589073278,36.1118302965041,32.15807595118063,34.38319359827145,28.65198211367272,26.22178077800232,32.29023854705959,34.65129094613635,39.2892361158066,22.07081353537978,37.74469355909272,33.94706944096531,37.09681021802084,31.02690515911288,20.91684804521491,31.171440866381,36.26450513898793,37.39197582235001,33.53991052273301,22.62903218520944,36.5764799856941,37.50777848519192,39.09778708753895,21.25703071906767,29.24294879435336,29.90287271680054,37.94011518372655,20.0717644441477,24.54189132571492,37.19364672785527,30.77884561981572,28.72929344557647,29.70131468948565,30.8409521986822,34.5848537115392,36.34620453454979,40.46065881754867
67,26.33085553738222,35.90279201853084,24.29850520833857,37.01018838632874,29.90458876318448,29.41417749090093,38.14416420992883,26.37542635003782,0,37.60553675088586,29.90361057771053,33.65349040954099,28.45827267927228,30.40063710903231,37.36074920939235,40.92067190721105,26.76257608733462,32.45116340553648,26.82180268834718,20.39474474740748,31.99336386271196,30.0080359137483,26.00137018808633,41.11547005892842,34.70312994600751,19.55953852615475,23.21338062193069,27.40623469778601,36.75690061434854,40.54700469911024,25.87579033642239,32.69033271484202,39.89356217433482,35.23481547932026,30.59120991321006,32.2128318656135,33.17340868953176,41.37270332874439,37.51895296358492,35.01302808329456,24.27770916865358,28.96769930100347,38.05001184590532,36.21436563723964,29.35882890121133,34.1726666276526,30.62212582239586,30.9552856615366,30.05655038203751,33.29171053581433,33.66057617689659,29.92326841771193,41.29234789500069,30.8499630411684,31.11572825157208,32.19349731140475,30.78256900646049,20.94112764586922,24.81114179550402,27.02188958678963,32.7963922540525,37.96597095734658,23.99143030927375,27.7906704551913,37.61005694313736,29.43465509188347,34.56629066269716,35.05193920935942,21.80366215808181,31.69297058429683,35.71738161058298,35.79991218582652,22.61577549425215,40.52179064356301,33.12944155621738,35.25091079513354,34.82037621232659,28.49759009804962,29.7266878734588,35.9910419242634,34.87335201620606,32.48957389334664,27.36982929405665,27.81455943274717,38.53254188895086,38.47520931989185,36.51523262928827,30.6752689553223,31.99826259035314,27.13239487212769,21.67382011567989,32.87546912912843,32.52094174600384,26.56534633420229,38.30354115177273,29.15172227721399,28.7067080474666,27.61682401521259,28.2136589549574,35.59635809158016
60,43.39398464915749,38.70796513032877,38.32348416120008,32.7861365331709,24.95233571372327,28.01860294053496,24.23645145634649,31.27025877275571,37.60553675088586,0,30.42663960768699,29.5541232989565,28.12435323309488,36.12895671076045,28.07467335499012,25.7608251208067,37.10323250869772,39.42264725906415,36.707627372361,36.91907016802534,20.49393197545085,31.80484271740246,34.34342705936685,32.04927741748494,34.29165072491237,41.64674413266355,34.38607486204135,29.93989049437645,33.83028025040829,28.23806091568512,30.97870323918186,33.51396966105675,30.0272806848547,23.89622389812471,34.32773495131482,31.45405472429384,26.25965206741152,27.16711703214414,27.01849807302211,28.24230086373323,38.97665213495598,39.64196192178409,31.32583417651538,33.58915430280737,34.95033591454345,21.43948288612243,35.37539173417988,26.25874757074483,31.79052567226343,37.50170265781016,29.81961305896276,31.88713821356566,30.5601229549884,31.08598542626527,37.5500753615916,23.08202506844792,25.24810486353596,32.09659295697742,34.83793864766123,31.31286038200886,22.89296684244808,19.61613288694602,25.17744296237834,32.25303087817379,40.3020061586431,40.11548522100728,38.3933000831253,27.67857284925186,36.16691333039727,27.58015000369598,40.22524244554756,35.22700239802713,37.09656328588789,33.62605638268049,27.68464518148391,40.49540535867503,24.79093154922073,38.41916886788836,34.50481192013852,24.49383125545847,30.20648550207658,34.07124589731129,34.99657522699744,31.29758133048535,31.85256025418866,31.11318684938976,29.81286670158623,32.45381763429823,34.76867659901947,36.55601079075809,27.29736380762672,39.25670356120461,37.8272907869455,25.72926287101404,26.96035591050572,43.72015652602707,40.25850216903308,36.44698772861132,32.51046533862048,33.44953213863652
26,28.9363739649696,38.05178432083257,32.64719314995183,36.98637847248128,36.65965847409982,31.77848288965506,31.30431106296918,23.34281900555358,29.90361057771053,30.42663960768699,0,33.88795599149455,23.8796671004599,33.53224521421404,31.54725517145459,27.23008433183726,39.75812837163249,32.40574832100418,37.83789837864215,25.63026242707317,25.39517470169412,31.64827920509936,28.65364283888007,40.62392918889884,38.924903348115,36.66572733024923,34.1667947378709,39.34612171810305,26.29463836798935,27.33540379111574,38.75411439701089,28.99637804180554,33.43357413885018,30.4107109499988,30.31110283312966,29.79222484184675,28.93894737968558,35.84869148034853,32.07482884575306,25.92345798104968,33.26764902977895,29.92511495324271,30.71120691843351,32.59518527412285,27.49812952634657,34.14600650745795,37.11440620499648,36.37924924561331,31.40121415981552,28.27867343104819,28.28173939447942,38.72472371000567,41.09951558741876,28.52153535580307,26.5851650324384,20.53620037014845,36.67324044443399,31.55187734348896,32.17526701147556,23.04638800663056,34.24942406287202,32.22889640515745,24.26162672476996,28.91438843282873,25.64661823618449,40.90934882692868,32.42351970172898,27.58565578519519,30.63286791776049,20.88725926147951,33.84236592067607,38.00742798841986,30.9364026289833,32.29212577601561,39.46000582676915,38.90741584078329,31.25977063828427,30.9576539367566,24.41088154411345,35.91099546597297,44.28919033993848,37.83479405880018,26.28303915065903,39.32562122217621,34.54098011464905,28.57302589629257,22.83952376498229,37.94897219465464,29.91599199773694,39.01426286117088,29.55279367608516,25.22222222963636,35.97785966114742,24.2538270042008,31.82063310330382,35.13078633604209,30.58031380784742,26.19746016323561,21.26984822677322,37.8819502439374
81,34.76964396857481,30.6337909204222,40.10389397064827,34.0997351981087,39.8230549300929,36.68808073382049,33.20341935612137,42.61004243712904,33.65349040954099,29.5541232989565,33.88795599149455,0,33.40067100244472,40.91673643333285,43.06128049304643,32.027601489477,35.79259822755037,37.57475018471802,36.39483926088555,37.88106739361446,32.74703197120224,30.53096107508418,30.83471699321836,34.98014370957996,39.80691864851857,31.94074476802423,23.138337094665,26.34921088309971,27.72624633433218,36.44115931735354,30.51263446703105,33.52280730744943,30.05734536651014,22.73845490704676,24.22340576330999,40.7576913385611,27.43382760045851,27.57710712021894,42.09022815751674,37.12669612858093,39.24027286331262,24.28181797812066,36.14631636616469,36.94274015522272,39.94154059689149,28.73941126777644,26.03829847445815,36.68144751838445,28.28638388296901,39.66441948963386,34.36527404198961,42.70192299068911,33.71485315789684,33.23364013620058,32.74412313475735,27.49919141278361,31.4738254765076,31.03906334291944,31.15408448641287,32.99806694231143,25.09460477431581,28.35740803347369,32.37923882502066,26.77045079826203,33.31522894499888,34.80293317180654,35.08561719844633,30.31374800124789,39.0808315626031,27.19548146221664,35.06515136883917,32.92586053976009,36.64302115516486,32.93605287232253,29.50364037678959,34.09931664560473,36.2450965786776,44.8830632817721,35.16532914886139,33.13987319855924,33.01369268872473,33.35287599431073,31.43604767578807,20.34810802164654,26.41436551682859,28.46947564284537,42.99780719873806,37.93038182458356,32.50984385748242,34.53163261698674,34.0212733085497,38.87213310598234,30.50360130867404,28.39651128625415,37.38965700681261,39.71146042919023,40.80855968288095,23.64522574211741,24.03531944105459,23.41780657872991
41,28.52641108966187,36.79868977845204,24.11835481496489,33.11864071180822,31.22220720153747,31.39069120121043,29.55678021875512,30.47962062994083,28.45827267927228,28.12435323309488,23.8796671004599,33.40067100244472,0,28.90659898566398,27.03120998676489,22.86748488868092,29.53290120520045,36.47667834216176,33.15205892726086,28.04525285521952,29.40686853872599,29.3422001370179,37.78546573397411,32.64177716010946,41.40808314686715,36.36458442475863,28.57245800935802,27.96498522827045,31.16221329744663,35.02178481508888,30.95883314950293,29.72845501482198,31.4623698456521,36.0788917594522,37.90164536348197,22.40678183842298,23.93583924356415,37.5677673886193,32.65888128773008,22.11785549414764,34.02773796137301,34.40007826064601,34.9203720549075,28.53734509004839,32.21127003452656,28.9617359201443,38.12222188660381,31.19057502071016,30.20127927899623,34.55873224755008,38.01585360587954,31.82389297756518,39.22774429675798,36.86819934509762,27.93626049240677,27.97362066039707,36.5714350691654,21.7499659454934,35.0894171315073,19.57177419233664,21.43710436481189,33.22128742390881,23.33337468955074,36.40872113824906,29.31654143322229,43.18092512777553,36.87552590051486,37.6523850610645,31.37643753610661,28.7676673586083,37.22462560877763,33.58952670577067,32.11048798667539,31.21846519585802,31.37504227996541,39.55448338964676,33.94805977492859,34.3912575567747,20.94210882524724,23.07005220253385,38.43083626515371,31.75646347025285,34.65804040882445,37.85116652026657,37.52495553672288,23.06140086105431,29.18650881563319,29.36308293409937,32.67878259963103,29.3105454767919,33.62683977100513,37.33112348330684,25.56320691517338,25.12966859748146,35.2246744369653,32.24634324567725,24.12379361372316,29.83966683124306,22.42019144067892,29.80462838602475
44,23.27115129090836,34.86947715977272,27.76359240397186,35.65258352673131,27.3518231500339,21.92001097306984,30.95152463999172,30.43008644324394,30.40063710903231,36.12895671076045,33.53224521421404,40.91673643333285,28.90659898566398,0,22.4405161237489,31.51740777136245,29.46829599010388,36.51316941841774,21.3760375873859,28.62489349539987,37.24370501447913,33.19632466725417,32.05810320422682,30.64528014903318,30.01291062009309,35.40646429446936,33.1661461879809,27.2289204974227,40.55739800354215,38.99170709089888,33.71430673129039,26.89648027484866,26.97551159310838,41.40494786250791,37.33305382620551,24.05646319900193,29.46332760440741,37.96668222121335,32.15137522205099,33.03485967664258,26.08477913876306,29.46886493626594,31.28456863450734,29.95557610458288,29.79995215736539,38.72099632158807,41.57041320003754,37.07100861215102,41.46430497084367,36.50004839086944,35.16969762629599,28.97641786938451,31.78633534987821,30.94284064524909,27.75200618864107,35.90371777243434,37.17304939418278,31.00579930100574,27.81088537799933,38.02281984099076,36.04887164603039,32.48706887830313,38.05763991720365,37.53148917836506,33.06749535283825,30.87678680841284,24.84378186675976,32.48413064880994,22.85524350235256,36.68110708489639,34.7514078038343,33.99571936792483,36.47178680671858,22.80606884654095,32.48864253573647,24.6313737733693,23.54640369416889,22.96181466173429,21.45445923427142,23.81767403612427,30.12875833079532,26.40144799263896,35.76141933213412,35.0400297910745,28.65856657657431,35.60046477556016,25.07191932374446,27.2248643484833,36.69178650853172,23.88393340487876,34.53390075670009,27.85912026869366,35.30025177917808,26.91772313125319,27.68209568495158,25.19441272557518,25.79088654822198,38.45179162253865,33.71825898206465,34.89946889735943
43,33.39830744504908,32.69847867325423,31.80057929702076,24.61243429669505,26.80209385015036,26.42960495175948,26.69601183612704,23.70980433349181,37.36074920939235,28.07467335499012,31.54725517145459,43.06128049304643,27.03120998676489,22.4405161237489,0,22.40017564817121,29.95560742903608,33.59827192425079,32.58398168098526,36.66347862557553,30.69034440284515,36.0905324613492,39.78007144942758,30.82066458820005,29.36170565846509,40.30970452395818,39.58205361041796,36.37036472736916,34.12253934171706,28.65067440807646,32.04337829488583,29.60193676327369,30.23668289459465,34.31137622373154,43.73967592024866,23.82766444576149,33.92287532751752,33.27695619231016,19.2104403313267,22.51759015278103,27.50238854738194,40.22559370815378,32.04155081883579,27.05191134778213,28.86708433096897,31.21661575819807,41.17974289972447,27.46408117600426,39.61747512450859,31.12501869365753,28.34981894195003,25.88209629367925,25.81473279596763,30.2689999227143,31.79910591944193,29.78405303959912,37.42583952007661,32.71174451808485,36.99610612014217,34.11908314456591,34.78868857750012,29.12719630972438,31.73602791697407,38.74205628030709,33.89178349209772,35.42836940639109,31.28888876728346,34.42845722588282,29.37529351150648,37.46887490836829,34.38790503893187,35.52134602834989,31.30995324653363,28.00735013620435,31.39074101578069,34.21901226758528,29.73556947733801,28.84343824522928,24.90886530377745,21.09382760894706,30.59486746375636,25.96765738170702,34.41399376556526,38.1271965711366,31.47901088851252,32.45860685922089,21.48647299876877,25.6348440196937,37.1420599561804,34.88566592965555,33.96178680470847,28.13773403143515,32.26884762027906,32.92087270104865,22.50691004620816,29.21257423037784,26.17144429540719,38.01978781608486,38.53429664536152,33.48718440815321
72,33.63002889599473,32.67250935009596,38.54920895969228,25.46497453451024,36.25481657039864,34.78384486740158,22.5207434833593,33.95172198720728,40.92067190721105,25.7608251208067,27.23008433183726,32.027601489477,22.86748488868092,31.51740777136245,22.40017564817121,0,35.16913449820191,36.09851445669821,37.02505915549073,40.70042213963197,33.39146639872906,37.32496479315947,42.52824358159868,31.39764091755415,38.93180091736369,43.66149578801301,36.3990522968543,35.46207029664493,22.67706650246954,29.86476513329642,35.34596662539415,25.07825444047767,27.4950020842887,29.92808622682333,40.13473740872154,29.80005875972142,29.66824049503332,31.23184973255769,28.73654900789565,22.77966437665431,34.89838442617854,34.99927160481144,34.94787693004205,31.93219191977235,37.99722663698128,29.77145297241753,41.16204648052666,35.95624914880749,36.28521544827492,36.82951267363688,33.24214689256584,39.98918855220974,28.93382230458637,33.79674601853374,26.69319422049801,22.91073390793861,42.21798945353595,30.35512400629789,39.59687872056788,31.17058263388618,30.23250460106786,25.50483056652227,32.60068386219693,34.64495339816976,27.55316869111053,42.04986263328847,33.75401842506374,32.66238659962055,36.37974110168233,34.37491192590147,37.09111983613996,38.85032489439881,35.82997740672002,24.23076623454043,31.16290290397599,36.52174580551235,34.81753115589646,39.91116303671023,22.63998508202848,23.12344454789476,37.69547856446721,25.2770014472845,33.0718549460265,36.65384773343319,27.75502320419716,24.42514680233655,29.48526754097905,32.93036224646843,36.24758878621065,39.52187774041733,38.08661733551595,32.51994949800852,27.1515901629955,28.09114003381385,30.81290451506109,34.02224510257439,32.54628074129572,32.51856761770153,30.23410033113232,27.08233717805726
73,29.83520243962973,26.78023623680268,23.89902686258889,26.4029063977002,32.37252600859564,35.91190252545396,33.57701296920295,33.10841048789349,26.76257608733462,37.10323250869772,39.75812837163249,35.79259822755037,29.53290120520045,29.46829599010388,29.95560742903608,35.16913449820191,0,24.44491838597654,22.24394706254896,30.55919817375466,38.23671729869725,29.16835794609658,38.28924418179896,27.09117721918954,25.8751279169356,26.88113874829958,21.4040785084159,26.45269796629379,35.14241096260005,34.72809898792519,24.01103976615917,31.34001655916824,34.28922519887348,37.10202270894774,36.33951820288458,23.99933212627507,31.74968362676152,36.35682928820871,28.36448720243686,36.5667646191512,30.54324006452224,35.90913632062535,33.83989342768777,34.2441648561872,32.09810764747789,24.69844702438972,27.30603009251097,25.38833865859615,26.08771824281621,33.47121595765082,37.51731390889508,22.84779068372027,27.25583239172676,35.40027183214366,26.8784900209194,36.12350271072539,32.25334982937481,25.61402736065901,38.62639777428294,28.8737863149127,31.56736675262909,32.74214690331117,32.45210008227217,32.28890653057037,34.19184863178539,28.2341975888029,28.87074789005376,40.74208585652393,26.76839396594405,41.17829123812641,28.00445279025893,30.82911818702829,22.64172267478116,36.32443001229675,26.09750041396746,29.42357817568721,37.84470169066149,34.62205453383205,33.15452493352518,28.66723351525324,23.65945899839781,23.81933475188877,34.19756815224093,28.99778442255366,37.93868969688737,31.13131857406244,37.35016218313394,29.84660655699283,35.55745232859295,30.12948414850174,30.80824106666918,36.15030452225763,17.91707310630415,36.67799565073467,38.6825993113799,23.80386577349127,24.92035123080819,33.59439751549004,39.73165537639751,30.00878192940672
63,31.81803296222928,31.44533966697508,29.06649009538841,28.30990544695711,37.98203329833103,42.71359867469095,30.20540149957076,27.38019141988177,32.45116340553648,39.42264725906415,32.40574832100418,37.57475018471802,36.47667834216176,36.51316941841774,33.59827192425079,36.09851445669821,24.44491838597654,0,28.21635521444567,28.90136179583464,35.13736907069127,34.61721787220394,35.60156752361426,29.98245633531489,24.27013035244,28.34313456648639,29.77752019759525,40.97796611769449,26.1503655705426,24.54932358924093,38.58220330573804,27.01450403785816,38.58199573042891,33.45273571259234,28.78176298299873,28.20932438799325,32.57269330709867,31.47825867562508,22.76217663997006,37.37317640796883,33.46300509669305,33.2465820903283,25.08996274362682,36.71926829270298,31.63775502216179,29.85106758649122,23.52659648980913,30.22193172911868,21.39553507777329,22.1049756296613,31.64597328562536,32.4637275209996,28.06002109888718,35.00958216596645,24.45284469915538,34.36227417203071,33.62588584930349,33.31190104940902,40.59867552463754,25.4190194267563,39.37892881302037,33.76826835046695,35.94675433025099,26.78360388860188,26.24843831262848,28.1349527125618,25.38203420985819,32.14646602838939,32.75135630988858,37.37586833929271,20.3565340443554,34.83006626682864,22.31646738035682,35.59446867702258,31.62532439789778,27.34381064248555,38.03386428378665,30.62199476771238,38.86926021600059,41.27655355602599,34.87050943326877,33.07194272428162,23.81717753117088,34.72145861991932,37.79920680827904,32.16550430570382,30.4988047251758,37.63519441833111,27.14956848586171,41.39320158159612,28.82186761417418,27.70629605399373,26.22053885926288,39.81725251313246,38.55398822523122,23.9125831406328,32.35976410046618,33.40646340123478,41.24196016274149,37.51664327145244
52,30.15054742593022,37.94304802942937,27.2318676785887,36.42162327662554,26.23677622694923,33.56036813446575,26.50690585808196,32.60369430440145,26.82180268834718,36.707627372361,37.83789837864215,36.39483926088555,33.15205892726086,21.3760375873859,32.58398168098526,37.02505915549073,22.24394706254896,28.21635521444567,0,24.79159897045504,39.16725440472688,34.15725542184924,32.78640670753414,25.58555521318874,24.83029547658579,30.49392234476357,24.14489460435518,23.74422648120032,38.38675686200281,39.52871264782693,34.79924384686466,21.2559107353018,34.01638363073884,40.82445168340467,28.50128170505499,24.31279274186021,25.67427046216066,36.9302693540678,29.95423966289584,40.90848164121053,31.07500228156245,28.66686452536334,28.69803220279271,39.06214855505313,36.74659435912793,33.6867586259492,33.54986096821861,35.68491076761865,30.7520121508036,37.72201756247987,39.62857307113351,30.26771077924678,29.67717730238569,36.12025835216134,25.02919824575195,38.01051974569965,31.59344529557722,25.53969905834061,31.93432812409569,33.72403994776977,34.69176161019179,30.12993482251095,39.556746481331,28.66609719099782,35.88419840613815,27.10726048421023,25.59122056707992,29.76976173113392,24.79135633095929,39.88239355423694,34.22940653897682,36.42599522112418,33.4494403157566,30.01395971211052,24.53115214682138,20.80977589069352,26.34361421116642,26.15981207642116,33.82869593837389,32.78281217271016,27.8136364239505,25.66095783965127,31.49704771518788,29.08561533543446,34.0996185570748,37.87251316643415,31.65751342775614,31.37062738885189,32.27278217274123,28.34949980985332,26.47081397047439,34.71341278966827,32.06002247631611,28.03440307529894,38.27540529380751,25.70702035224656,34.75337854251312,40.90133313111348,38.51122153673212,37.20764033639536
55,27.68204048063039,40.75703670210351,19.94319785782623,43.36144802029976,31.87702895697271,31.9575355517117,35.41816353868181,27.14792643056797,20.39474474740748,36.91907016802534,25.63026242707317,37.88106739361446,28.04525285521952,28.62489349539987,36.66347862557553,40.70042213963197,30.55919817375466,28.90136179583464,24.79159897045504,0,31.44427293943115,24.98450441172589,23.39398681198806,34.93529490886417,32.01782315258575,29.06197409973766,24.35957368002726,31.00656861997929,39.53768186650571,34.4340569036268,37.68964077026582,31.57062190722468,35.21855197929495,40.73680956258424,24.28471584734275,22.21484585308218,23.88629439050398,39.84741514829357,33.50067010240375,38.27024871968983,35.62505277281899,29.80967338635467,25.61465028247205,35.317083906772,25.47558108313622,34.14432592943797,31.59449145413099,34.55006928469393,25.7675701609841,30.5130598024179,37.48170551960742,28.81182456192132,42.08510557827178,34.10444203079341,27.22075583296975,35.0221090263739,27.89185874849033,30.4541582233616,30.89995928846317,23.97992292145489,33.78505872089824,35.70787065206021,30.51962256096007,30.41363658569701,31.75543718891835,35.50954832508206,28.58692610447653,32.27575003477289,24.83715951356388,27.49483205343162,30.94067414106248,32.60380642633145,31.52642305518527,35.95484056607616,36.64512790755789,32.79723657311672,27.04155534453308,23.77848165951344,32.85251917055693,37.85609077900667,37.90744869035399,39.93311783061799,32.27793066097676,37.79925868837181,41.15068301322905,33.13326203466932,26.38056603311558,37.56352512872583,29.40000660229856,29.91225630143171,25.60683525500273,32.83977487643767,36.52697994130429,28.4572430545593,38.0521569883123,31.98942141276719,29.37145679545518,34.40115849985663,29.98351641599456,42.54683009057305
92,38.03576141800055,38.14928913934081,30.32213521131823,32.08076415256805,25.05611412132258,28.0609083248278,29.93919992419259,23.84070518205284,31.99336386271196,20.49393197545085,25.39517470169412,32.74703197120224,29.40686853872599,37.24370501447913,30.69034440284515,33.39146639872906,38.23671729869725,35.13736907069127,39.16725440472688,31.44427293943115,0,31.72185947346505,27.81842981836744,34.95822672610876,36.33559264129843,31.55272818126666,36.86236907685801,36.23235981236491,32.29466199341567,27.3782042782038,33.4436250063909,36.29046894627972,35.89692161887502,22.07170756862066,31.89836226126494,34.50958164832004,28.41434438983397,23.69946729376095,29.09491701248334,22.02086077839449,33.76160360216144,35.76521031183957,28.21282092592954,24.38494701441569,27.64203745232244,29.80775475543021,28.87090589456332,20.62262906481676,30.73227325711596,23.45450870850109,22.15662377128034,28.55172385242845,35.07382322425684,31.93129426905854,40.81841836510311,28.71638210886885,21.83467908026655,32.95774557665888,27.27376889280287,25.87409312608992,24.17690215339285,33.13492998192069,22.00548027124456,35.65998555350608,35.84058362543443,35.10896985601319,39.29391656303727,26.39440540383995,38.13332873463543,17.5934016595234,34.01359972054379,28.48927263051181,32.63656741958505,34.72438682376339,29.85917092413135,38.8385921560014,28.19977125768306,29.20746741101539,36.23990705855802,32.06663995988549,33.94443392035169,40.80642576691395,27.71171120361299,32.71459594028353,33.08844004090724,32.23139022466361,25.80260527126451,27.63025223809527,23.62631838027638,32.45977503293798,26.33107592595803,34.20803675195823,38.6856672807675,32.03080174027835,22.79719725636144,38.11655862327463,36.19336647742061,30.58424615315879,28.8645012723924,33.0748799233927
70,30.6028444144991,27.97846216283971,28.84725359886585,39.82357655889101,38.75387910835726,27.45258015673434,40.98591240627355,37.01222126555947,30.0080359137483,31.80484271740246,31.64827920509936,30.53096107508418,29.3422001370179,33.19632466725417,36.0905324613492,37.32496479315947,29.16835794609658,34.61721787220394,34.15725542184924,24.98450441172589,31.72185947346505,0,23.82629524641152,33.61999904320799,30.5438678046943,33.45905547320491,20.2145809497363,26.35541373518073,40.80243677244649,27.94856993342116,28.02157125940836,41.23047386270173,21.27273522147287,34.66841737351294,28.24382130021715,25.63668989937368,25.93006591118974,34.99973543835551,36.58334605803719,38.87663700295665,41.09777558380159,33.64936117042058,27.96404346063531,30.54706197739477,19.48347450665414,24.03469173201865,27.27413280212136,30.80689924894683,27.01669512643672,34.52975834733973,34.78426692898136,25.86526274700161,36.74826182249195,27.32408969756671,30.16140748806103,30.60426603265021,24.45070451939114,38.17961271469714,35.26325581188541,30.81353533847801,29.41865056211007,29.00940098651439,27.6830080936357,33.48043352035469,31.94052193472655,36.58203827355426,25.78247436303281,38.83509825752623,28.16723330624698,25.38907882937509,25.34042086194563,22.14249330613173,33.35485182520392,35.5278639421964,39.09969125595538,35.82105127172913,29.714963721048,38.45327987808476,31.73547276335891,28.48596682423949,28.66209151228235,39.05660943963282,41.17228822834191,34.16271352766682,36.50245099011293,22.14042027064825,34.29407452140432,40.54356782862239,38.46393628094827,29.90470897955883,34.41868931486844,35.1276828213211,32.69539650190001,33.08217373948259,32.9820188488001,39.06465914929165,25.75106165526256,27.31529258326926,29.19945731679569,35.02216422428959
