Augsburg,0,146.3283977907228,145.4269576110289,181.9120666695863,77.10382610480494,147.6109752017105,76.79192665899195,100.702532242243,195.0282030886815,151.251446274077,49.92995093127971,84.53401682163222,64.62197768561404,114.843371598016,29.68164415931166,108.2081327812286,135.8823020117042,32.98484500494128,64.12487816752559,88.3911760301898,18.35755975068582,153.9512909981595,145.9109317357682,39.319206502675,188.4728097100481,37.64306044943742,219.6656550305486,44.94441010848846,24,57.77542730261716,144.8102206337661,38.3275357934736,74.65252842335616,57,58.05170109479997,126.5740889755877,144.2220510185596,189.4465623863363,69.02897942168927,140.6627171641441,144.6927779814874,151.2117720285031,44.10215414239989,84.50443775329198,85.09406559801923,40.04996878900157,149.6161755960899,127.6126952932192,138.6975125948551,40.26164427839479,19.23538406167134,220.6558406206371,71.84705978674423,106.5504575306929,72.3394774656273,160.3277892319357,42.57933771208754,101.0198000393982,116.400171821179
Bielefeld,146.3283977907228,0,35.84689665786984,40.79215610874228,80.00624975587844,40.70626487409524,148.6371420607918,51,67.23094525588644,30.87069808086626,109.6585609973065,99.24716620639605,112.1605991424796,33.42154993413681,165.4236984231703,65.55150646628954,52.3450093132096,154.2076522096099,92.45539465060976,74.54528824815154,161.0124218810462,20.02498439450079,50.77400909914441,113.5341358358798,43.28972164382672,139.4022955334667,86.33075929238663,120.5985074534507,139.2695228684295,88.60022573334675,71.40028011149536,108.3374358197571,78.31347265956222,95.69221493935649,102.303470126873,57.8013840664737,46.69047011971501,47.2652091923859,87.32124598286491,27.01851217221259,47.70744176750625,47.4236228055175,108.2266141020775,71,61.32699242584786,111.1395519155984,37.16180835212409,42.43819034784589,33.30165161069343,116.2110149684616,134.6476884316994,91.7877987534291,95.13148795220224,43.04648650006177,130.2497600765545,14.86606874731851,129.5569372901351,106.7754653466797,45.88027898781785
Bochum,145.4269576110289,35.84689665786984,0,69.89277502002621,69.77105417004964,5.099019513592784,129.3135723735138,45.27692569068709,100.0049998750062,66.64833081180653,100.6479011206891,79.63039620647382,97.26767191621273,52.61178575186362,158.7765725792064,43.56604182158393,19.31320791582797,160.589538887189,104.1009125800538,60.16643582596529,162.265215003093,20.24845673131659,15,119.7539143410352,66.30987860040162,147.756556538111,115.6027681329474,110.6932698947863,132.8344834747363,89.8276126811795,36.06937759374286,110.3902169578446,71.02112361825881,104.6231331972045,113.7409337046254,28.2842712474619,81.27115109311545,74.30343195303969,99.84988733093293,10.04987562112089,12.0415945787923,12.16552506059644,114.9782588144385,61.40032573203501,67.67569726275453,116.8460525649027,4.242640687119285,18.38477631085023,7.211102550927978,123.5556554755791,137.9746353501251,122.5887433657756,81.27115109311545,41.4004830889689,111.7586685675881,35.80502757993631,119.0378091196238,81.49846624323675,29.1547594742265
Bremen,181.9120666695863,40.79215610874228,69.89277502002621,0,120.2039932780937,73.60027173862879,189.3911296761282,91.35097153287424,31.62277660168379,33.60059523282288,149.0536816049842,140.0357097314824,152.6433752247375,67.26812023536856,203.2264746532794,105.9481005020855,88.83692925805124,185.2241884851976,122.6539848516957,115.2605743522042,195.1127878945919,49.64876634922564,84.20213774008353,146.1848145328372,13.34166406412633,169.4963126442578,46.09772228646444,160.0499921899404,177.3696704625681,125.131930377502,105.4229576515476,143.5862110371327,118.0042372120595,127.5813465989445,131.9469590403659,96.15092303249095,49.67896939349689,7.615773105863909,117.2731853408954,63.95310782127792,81.60882305241266,78.74642849044012,140.8012784032872,111.2879148874666,97.49358953285082,144.2220510185596,69.20260110718382,81.54140052758476,70.2353187506115,148.0033783398203,168.2438706164358,52.69724850502159,135.6244815658294,83.21658488546619,170.9883036935568,34.13209633175202,169.0473306503241,147.0544116985274,86.40023148117139
Darmstadt,77.10382610480494,80.00624975587844,69.77105417004964,120.2039932780937,0,71.34423592694787,70.83784299369935,29.01723625709382,141.8908030846256,96.84007434941384,31.01612483854165,27.80287754891569,32.7566787083184,57.58472019555187,89.05054744357274,31.40063693621516,58.7962583843564,97.61659694949419,57.55866572463264,11.6619037896906,94.79451460923254,81.74350127074322,68.8839603971781,60.4400529450463,123.1462545106427,88.02272433866155,164.0731544159495,41.48493702538308,63.06346010171025,30.14962686336267,68.79680225126747,47.01063709417264,6.324555320336759,53.00943312279428,64.00781202322104,49.51767361255979,98.83825170448939,127.0629765116495,56.51548460377916,66.73080248281148,67.80117993073571,74.4043009509531,57.27128425310541,9.055385138137417,33.94112549695428,57.28001396647874,73.824115301167,51.478150704935,63.56099432828282,65.25335240430181,73.24616030891995,167.9047348945228,16.15549442140351,37.01351104664349,52.55473337388365,91.66242414424789,50.21951811795888,45.18849411078001,40.71854614300467
Essen,147.6109752017105,40.70626487409524,5.099019513592784,73.60027173862879,71.34423592694787,0,128.763348822559,48.16637831516918,104.0624812312295,71.55417527999327,102,79.42921376924235,97.71898484941399,57.42821606144492,160.1249512099848,43.68065933568311,17.11724276862369,163.6001222493431,107.9120011861517,61.26989472816156,164.6572197020222,24.08318915758459,10.63014581273465,122.9186723000212,69.31810730249349,151.0297983842923,119.0378091196238,111.8257573191436,134.3316790634287,92.65527507918802,31.89043743820395,113.1370849898476,73.00684899377592,108.1665382639197,117.4776574502573,27.01851217221259,86.33075929238663,77.69813382572325,103.7689741685828,15.13274595042156,8.062257748298549,7.071067811865476,118.2285921425101,63.24555320336759,71.34423592694787,119.9708297879114,4.47213595499958,20,11.40175425099138,126.8227108999015,140.7160260951111,126.2457920090804,82.07923001588161,44.94441010848846,111.4629983447422,39.69886648255842,120.01666550942,80.09993757800315,31.24099870362662
Freiburg,76.79192665899195,148.6371420607918,129.3135723735138,189.3911296761282,70.83784299369935,128.763348822559,0,98.48857801796105,212.5111761766896,167.6305461424021,50.99019513592785,50.00999900019995,38.48376280978771,128.4133949399361,61.61168720299745,86.02325267042627,112.1472246647237,109.6585609973065,109.6585609973065,74.14849964766651,92.02173656261873,146.0136979875518,121.8236430254817,95.1892851112981,190.7590102721232,110.6797181058933,234.1836885865452,43.41658669218482,53.15072906367325,83.09632964216891,109.7314904665019,81.60882305241266,74.84650960465692,101.9803902718557,110.4219181141136,101.8331969448077,169.2601547913743,195.869854750546,111.7318217877074,130.0038460969521,122.3315167894194,128.7245120402482,96.26006440887103,79.12016177940993,102.4207010325549,93.1933474020544,132.5443322062471,112.0178557195236,125.0359948174925,99.4786409235671,89.49301648732151,238.4156035162128,54.70831746635972,106.7333125130107,18.43908891458577,158.4550409422181,38.47076812334269,51.26402247190519,104.1729331448433
Giessen,100.702532242243,51,45.27692569068709,91.35097153287424,29.01723625709382,48.16637831516918,98.48857801796105,0,114.1796829562948,69.85699678629192,59.22837157984339,50.56678751908213,61.29437168288782,32.64965543462902,116.3786922078092,26,40.85339643163099,115.433963806152,61.68468205316454,24.69817807045694,117.2006825918689,53.85164807134504,49.24428900898052,74.81310045707235,94.13288479590966,103.0048542545447,135.7129323240788,70.03570517957252,90.13878188659973,44.55333881989093,57.55866572463264,65.11528238439882,27.89265136196271,60.8276253029822,70.77428911688199,35.35533905932738,74.81310045707235,98.12746812182611,58.24087911424414,39.96248240537617,47.16990566028302,53.00943312279428,70.21395872616783,20,25.49509756796392,71.84010022264724,49.51767361255979,28.84441020371191,38.28837943815329,78.81624198095213,92.69843580125827,139.9785697883787,44.28317965096906,8.246211251235321,80.04998438475801,62.80127387243033,78.91767862779544,62.48199740725323,17.88854381999832
Hamburg,195.0282030886815,67.23094525588644,100.0049998750062,31.62277660168379,141.8908030846256,104.0624812312295,212.5111761766896,114.1796829562948,0,45.39823785126467,168.4428686528462,164.4688420339853,174.6424919657298,85,219.036526634258,132.3820229487373,118.4060809249255,193.1320791582797,132.1968229572859,138.8272307582342,206.1674077054858,79.98124780221924,114.6908889145079,157.0031846810758,41.78516483155236,176.9208862740632,25,179.3543977715629,194.0412327316027,141.0319112825179,135.9485196682921,157.3181489847881,138.6542462386205,138.452157801892,140.4635183953471,124.8078523170718,51.41984052872976,31.01612483854165,126.9212354178764,93.00537618869137,111.9464157532522,109.6038320497965,151.7530889306705,133.4053971921676,114.3547113152755,155.5634918610405,99.76472322419383,109.6038320497965,99.40321926376429,157.8765340384694,179.3599732381782,26.1725046566048,157.8923684032892,105.9481005020855,194.0953373989185,64.38167441127949,188.2896704548606,173.5655495770978,112.6987133910587
Hannover,151.251446274077,30.87069808086626,66.64833081180653,33.60059523282288,96.84007434941384,71.55417527999327,167.6305461424021,69.85699678629192,45.39823785126467,0,123.0447073221762,120.4200979903272,129.5414991421668,39.6232255123179,174.2871194322747,90.44335243676011,82.20097323024831,152.4631102922933,90.13878188659973,94.54099639838793,163.4870025414864,50,81.49233092751734,114.284732138637,44.59820624195552,136.5650028374766,69.00724599634447,133.9589489358587,149.0134222142422,96.04686356149273,101.7889974407843,113.1370849898476,93.39164844888434,95.60334722173695,99.16148445843275,86.31338250816034,18.68154169226941,41.04875150354759,84.75848040166836,57.4543296888929,78.39005038906404,78.29431652425353,108.9311709291698,88.54377448471462,69.06518659932803,112.538882169675,68.0294054067798,70.76722405181653,63.51377803280167,115.7410903698423,136.5613415282671,71.56814934033156,112.9291813483123,61.74139616173252,149.2648652563623,38.05259518088089,142.89856542317,131.0267148332736,71.21797525905943
Heilbronn,49.92995093127971,109.6585609973065,100.6479011206891,149.0536816049842,31.01612483854165,102,50.99019513592785,59.22837157984339,168.4428686528462,123.0447073221762,0,35.11409973215888,18.24828759089466,83.48652585896721,58.13776741499453,60,88.48163651289458,76.40026177965623,59.03388857258177,40.8166632639171,68.26419266350405,112.6410227226298,98.73702446397704,48.50773134253961,152.9477034806342,71.06335201775947,191.5880998392124,11,32.4499614791759,32.20248437620923,95.48298277703729,33.52610922848042,31.40063693621516,51.61395160225576,60.90155991434045,78.60025445251433,121.8400590938793,156.1569723067145,60.8276253029822,97.73944955850733,97.94386147176351,104.6231331972045,48.10405388322278,39.84971769034255,54.57105459856901,45.88027898781785,104.651803615609,82.29216244576394,94.54099639838793,53.36665625650534,51.97114584074513,194.6124353683495,22.02271554554524,66.75327707311455,36.05551275463989,122,20,52.95280917949491,71.69379331573968
Kaiserslautern,84.53401682163222,99.24716620639605,79.63039620647382,140.0357097314824,27.80287754891569,79.42921376924235,50.00999900019995,50.56678751908213,164.4688420339853,120.4200979903272,35.11409973215888,0,21.21320343559643,82.49242389456137,87.04596486914255,36.12478373637688,63.32456079595025,111.400179533069,82.86132994346639,25.94224354214569,102.8834291807967,96.00520819205592,73.37574531137656,80,140.9113196304683,105.0761628534274,185.324040534411,40.22437072223753,64.20280367709809,53.85164807134504,64.89992295835181,65.03076195155643,33.83784863137726,77.12976079309465,87.86353054595519,52.88667128870941,124.5552086425935,146.3283977907228,82.63776376451628,80,73.49829930005184,80.0812087820857,78.16009211867653,33.42154993413681,61.61980201201558,77.00649323271382,83.02409288875127,62.07253821135398,75.1065909225016,85,86.83317338436964,190.0657780874821,16.1245154965971,58.69412236331676,32.14031735997639,108.5587398600407,45.96737973824482,19.1049731745428,54.23098745182499
Karlsruhe,64.62197768561404,112.1605991424796,97.26767191621273,152.6433752247375,32.7566787083184,97.71898484941399,38.48376280978771,61.29437168288782,174.6424919657298,129.5414991421668,18.24828759089466,21.21320343559643,0,90.13878188659973,65.85590330410783,54.08326913195984,82.46211251235322,93.38094023943002,75.47184905645283,38.11823710509184,82.85529554590944,111.879399354841,92.70382947861431,66.70832032063167,155.0032257728851,89,196.7866865415443,19.69771560359221,43.26661530556787,47.01063709417264,85.80209787645055,51.66236541235796,36.40054944640259,68.47627326307996,78.29431652425353,72.09022125087424,130.7822617941745,159.3800489396336,76.60939890117922,96.17692030835673,92.47702417357513,99.16148445843275,66.09841147864296,41.43669871020132,64.00781202322104,64.03124237432849,100.9603882718366,79.07591289387686,91.98369420718001,71.58910531638176,69.35416353759881,200.6614063540869,17.0293863659264,69.46221994724903,20.80865204668481,123.0650234632083,24.75883680627989,36.40054944640259,69.72087205421343
Kassel,114.843371598016,33.42154993413681,52.61178575186362,67.26812023536856,57.58472019555187,57.42821606144492,128.4133949399361,32.64965543462902,85,39.6232255123179,83.48652585896721,82.49242389456137,90.13878188659973,0,136.0661603779573,57.0087712549569,59.84145720150872,120.9504030584438,59.03388857258177,56.60388679233962,128.6934341759516,48.02082881417188,64.00781202322104,80.52949770115296,73.7360156233031,106.0188662455886,108.1665382639197,94.42986815621421,110.3675676999362,57.87054518492115,79.83107164506812,76.53757247260981,53.85164807134504,62.43396511515186,68.8839603971781,59.46427498927402,42.20189569201838,74.73285756613352,53.90732788777422,42.95346318982906,61,64.28063471995279,75.17978451685001,49.65883607174055,30.26549190084311,78.26237921249263,56.08921464952063,45.89117562233506,46.17358552246078,83.00602387778854,102.0441081101697,111.157545852722,73.7360156233031,25.49509756796392,110.1362792180669,48.27007354458868,103.3924562045027,95.13148795220224,40.71854614300467
Kempten,29.68164415931166,165.4236984231703,158.7765725792064,203.2264746532794,89.05054744357274,160.1249512099848,61.61168720299745,116.3786922078092,219.036526634258,174.2871194322747,58.13776741499453,87.04596486914255,65.85590330410783,136.0661603779573,0,117.6605286406618,146.2908062729849,58.24946351684279,91.21951545584969,98.88377015466189,35.77708763999664,170.1881311960385,156.5790535161073,67.35725647619564,208.4826131839296,66.52818951391959,243.2488437793693,48.54894437575342,26.24880949681338,78.31347265956222,151.4892735476674,62.28964600958975,88.60022573334675,83.54639429682169,86.33075929238663,136.2130683891968,169.1892431568863,210.6015194627047,95.70788891204319,155.6181223379848,155.9134375222354,162.6099627944118,71.56814934033156,97.6933979345585,105.8017013095725,67.44627491566899,162.7882059609971,140.4279174523357,152.6106156202772,69.07966415668217,48.87739763939975,245.0020408078267,78.77182237323191,123.3693641063291,64.49806198638839,178.5721142843977,41.23105625617661,99.6393496566492,129.7690255800667
Koblenz,108.2081327812286,65.55150646628954,43.56604182158393,105.9481005020855,31.40063693621516,43.68065933568311,86.02325267042627,26,132.3820229487373,90.44335243676011,60,36.12478373637688,54.08326913195984,57.0087712549569,117.6605286406618,0,28.6530975637888,128.7982919141399,82.73451516749222,19.84943324127921,126.0634760745554,60.13318551349163,38.94868418830089,90.47098982546837,105.7213318115129,118.532695911297,151.8222645068898,69.1158447825099,92.41753080449618,59.23681287847955,37.589892258425,77.89736837660179,35.35533905932738,80.04998438475801,90.80198235721508,18.60107523773828,98.29038610159185,111.8257573191436,80.22468448052632,44.10215414239989,38.48376280978771,45.18849411078001,86.72946442818611,26,49.25444142409901,87.32124598286491,47.07440918375928,26,39.01281840626232,95.07891459203771,104.5609869884557,157.3086138773081,38.94868418830089,31.62277660168379,68.26419266350405,73.348483283569,76.94153624668537,41.23105625617661,19.69771560359221
Koeln,135.8823020117042,52.3450093132096,19.31320791582797,88.83692925805124,58.7962583843564,17.11724276862369,112.1472246647237,40.85339643163099,118.4060809249255,82.20097323024831,88.48163651289458,63.32456079595025,82.46211251235322,59.84145720150872,146.2908062729849,28.6530975637888,0,154.4020725249503,102.5280449438104,47.80167361086848,153.4438007871286,39.35733730830886,10.295630140987,114.5862120850497,85.61541917201598,142.8880680812782,134.7182244538578,97.75479527879949,120.9297316626478,83.48652585896721,20.24845673131659,103.4069630150697,61.55485358604957,101.5529418579295,111.6154111222998,10.44030650891055,94.82615672903758,93.47726996441435,98.97979591815695,25.49509756796392,10.19803902718557,16.76305461424021,110.2769241500687,51.66236541235796,66.09841147864296,111.5168148756052,21.37755832643195,14.0356688476182,19.1049731745428,118.8486432400471,130.728726758888,141.509716980849,67.60177512462228,40.60788100849391,95.12623192369179,54.70831746635972,105.5888251663025,63.0317380372777,23.08679276123039
Landshut,32.98484500494128,154.2076522096099,160.589538887189,185.2241884851976,97.61659694949419,163.6001222493431,109.6585609973065,115.433963806152,193.1320791582797,152.4631102922933,76.40026177965623,111.400179533069,93.38094023943002,120.9504030584438,58.24946351684279,128.7982919141399,154.4020725249503,0,62.60990336999411,109.2748827498799,23.3452350598575,165.4236984231703,163.835283135227,41.10960958218893,193.7059627373406,16.27882059609971,218.1306947680679,74.43117626371358,56.5685424949238,71.06335201775947,166.3550420035413,51.03920062069938,93.49331526906082,58.52349955359813,53.31041174104736,146.1677118928801,141.7603611733548,192.8367184952077,67.97793759742936,154.1752249876743,162.1110730332755,168.2408987137194,46.22769732530488,103.1746092796091,94.36630754670864,43.86342439892262,164.8302156766168,144.0451318163859,153.4828980701107,38.01315561749642,24.69817807045694,217.5890622251036,96.79876032264049,119.5031380341119,104.0048075811883,168.9289791598825,74.00675644831355,129.2942380773405,132.7742444904131
Lichtenfels,64.12487816752559,92.45539465060976,104.1009125800538,122.6539848516957,57.55866572463264,107.9120011861517,109.6585609973065,61.68468205316454,132.1968229572859,90.13878188659973,59.03388857258177,82.86132994346639,75.47184905645283,59.03388857258177,91.21951545584969,82.73451516749222,102.5280449438104,62.60990336999411,0,67.02984409947557,73.97972695272672,105.4751155486449,110.5712440013225,25.01999200639361,131.125893705248,47.16990566028302,157.0891466651977,66.48308055437865,69.85699678629192,29.1547594742265,118.6001686339442,30.4138126514911,51.35172830587107,8.062257748298549,9.899494936611665,96.56603957913983,80.89499366462674,130.2689525558565,5.385164807134504,96.26006440887103,108.2589488217949,113.6001760562016,20.02498439450079,58.00862004909271,36.6742416417845,24.08318915758459,108.2266141020775,89.96110270555825,96.89685237405806,25.70992026436488,47.2652091923859,157.4071154681389,67.06713054842886,63.06346010171025,95,107.298648640139,73.24616030891995,101.6513649687007,79.47955712005447
Mainz,88.3911760301898,74.54528824815154,60.16643582596529,115.2605743522042,11.6619037896906,61.26989472816156,74.14849964766651,24.69817807045694,138.8272307582342,94.54099639838793,40.8166632639171,25.94224354214569,38.11823710509184,56.60388679233962,98.88377015466189,19.84943324127921,47.80167361086848,109.2748827498799,67.02984409947557,0,106.2167595062098,73.824115301167,58.00862004909271,71.78439941937245,117.0683561001862,99.53893710503444,160.099968769516,50.56678751908213,73.24616030891995,41,57.14017850864661,58.60034129593445,16.49242250247064,63.19810123729984,74.16872656315464,38.2099463490856,98.73702446397704,121.807224744676,65.37583651472461,58.24946351684279,57.14017850864661,63.81222453417526,68.41052550594829,9.486832980505138,38.47076812334269,68.62215385719105,64.07807737440318,41.78516483155236,54.40588203494178,76.53757247260981,84.90583018850944,164.5600194457937,21.37755832643195,32.89376840679705,55.73149917237109,85.00588214941364,58.8727441181401,39.82461550347976,31.78049716414141
Muenchen,18.35755975068582,161.0124218810462,162.265215003093,195.1127878945919,94.79451460923254,164.6572197020222,92.02173656261873,117.2006825918689,206.1674077054858,163.4870025414864,68.26419266350405,102.8834291807967,82.85529554590944,128.6934341759516,35.77708763999664,126.0634760745554,153.4438007871286,23.3452350598575,73.97972695272672,106.2167595062098,0,169.8116603770189,163.3799253274404,49.24428900898052,202.4080037943164,35.4682957019364,231.0367936065596,63.15853069855251,41,73.24616030891995,162.8895331198417,52.83937925449163,91.96738552334735,67.91170738539859,66.18912297349165,144.3121616496683,154.8709139896837,202.7042180123541,79.2464510246358,157.0509471477329,162.0524606416083,168.505192798323,54.57105459856901,101.8626526259747,99.72963451251589,50.96076922496363,166.4812301732541,144.6927779814874,155.4155719353759,48.37354648979129,26.92582403567252,231.3655116909173,90.13878188659973,122.5887433657756,89.44271909999159,175.316856006489,60.16643582596529,119.230868486311,133.4166406412633
Muenster,153.9512909981595,20.02498439450079,20.24845673131659,49.64876634922564,81.74350127074322,24.08318915758459,146.0136979875518,53.85164807134504,79.98124780221924,50,112.6410227226298,96.00520819205592,111.879399354841,48.02082881417188,170.1881311960385,60.13318551349163,39.35733730830886,165.4236984231703,105.4751155486449,73.824115301167,169.8116603770189,0,34.71310991541957,124.3261838873855,46.48655719667784,151.426549851735,95.38343671728336,123.227432010896,143.9618004888797,96.56603957913983,55.97320787662612,117.0469991071963,81.59656855530139,107.5174404457249,115.3646392964499,47.43416490252569,66.61080993352356,54.12023651093924,100.657836257293,16.0312195418814,32.01562118716424,29.8328677803526,119.2057045614848,72.80109889280519,71.06335201775947,121.6593605112241,19.79898987322333,34.23448553724738,21.5870331449229,127.5617497528158,144.2671133696103,102.3425620160058,95.1892851112981,47.41307836451879,128.0156240464421,15.62049935181331,131.9393800197651,100.0199980003999,42.19004621945798
Neuss,145.9109317357682,50.77400909914441,15,84.20213774008353,68.8839603971781,10.63014581273465,121.8236430254817,49.24428900898052,114.6908889145079,81.49233092751734,98.73702446397704,73.37574531137656,92.70382947861431,64.00781202322104,156.5790535161073,38.94868418830089,10.295630140987,163.835283135227,110.5712440013225,58.00862004909271,163.3799253274404,34.71310991541957,0,123.7093367535369,79.64923100695951,151.9901312585788,129.5414991421668,108.0462863776446,131.186889588861,92.80086206496145,21.2602916254693,112.9291813483123,71.42128534267638,110.0590750460861,119.8665925101736,20.6155281280883,95.63472172804185,88.20430828479978,106.7754653466797,24.16609194718914,3.16227766016838,7,119.2686044187656,61.5223536610881,73.92563831310488,120.6731121667126,15,20.6155281280883,18.68154169226941,127.8632081562167,140.356688476182,136.8247053715081,77.89736837660179,47.75981574503821,105.0190458916858,50.32891812864648,115.8835622510803,72.06247289678588,31.38470965295043
Nuernburg,39.319206502675,113.5341358358798,119.7539143410352,146.1848145328372,60.4400529450463,122.9186723000212,95.1892851112981,74.81310045707235,157.0031846810758,114.284732138637,48.50773134253961,80,66.70832032063167,80.52949770115296,67.35725647619564,90.47098982546837,114.5862120850497,41.10960958218893,25.01999200639361,71.78439941937245,49.24428900898052,124.3261838873855,123.7093367535369,0,153.9350512391509,28.30194339616981,181.8378398463862,52.32590180780452,48.60041152089147,31.30495168499706,127.9531164137865,15.13274595042156,55.36244214266564,18.68154169226941,18.97366596101028,106.9439105325778,105.8017013095725,153.7920674157156,30.14962686336267,113.1370849898476,121.8277472499594,127.8006259765577,5.385164807134504,64.47480127925948,53.2634959423431,3.16227766016838,123.9879026357007,103.6001930500132,112.6099462747408,5,22.3606797749979,182.3321145602167,64.03124237432849,78.5175139698144,83.38465086573187,128.160056179763,56.859475903318,99.02019995940222,92.41753080449618
Oldenburg,188.4728097100481,43.28972164382672,66.30987860040162,13.34166406412633,123.1462545106427,69.31810730249349,190.7590102721232,94.13288479590966,41.78516483155236,44.59820624195552,152.9477034806342,140.9113196304683,155.0032257728851,73.7360156233031,208.4826131839296,105.7213318115129,85.61541917201598,193.7059627373406,131.125893705248,117.0683561001862,202.4080037943164,46.48655719667784,79.64923100695951,153.9350512391509,0,178.238604123798,50.44799302251776,163.8841053915846,182.3896926912264,131.0419780070493,100.4987562112089,150.2165104108067,121.5935853571232,135.5175265417724,140.6556077801379,93.92017887546851,61.85466837676846,10.77032961426901,125.7815566766448,62.0966987850401,77.3692445355388,73.57309290766564,148.5563866011825,114.109596441316,103.4456378974,151.7959156235766,64.8459713474939,80.2807573457052,68.00735254367721,156.080107637072,175.6929139151605,58.69412236331676,138,86.28441342444185,172.4905794529081,32.38826948140329,172.8380745090618,146.2497863246302,86.70063436907483
Regensburg,37.64306044943742,139.4022955334667,147.756556538111,169.4963126442578,88.02272433866155,151.0297983842923,110.6797181058933,103.0048542545447,176.9208862740632,136.5650028374766,71.06335201775947,105.0761628534274,89,106.0188662455886,66.52818951391959,118.532695911297,142.8880680812782,16.27882059609971,47.16990566028302,99.53893710503444,35.4682957019364,151.426549851735,151.9901312585788,28.30194339616981,178.238604123798,0,201.9207765436732,71.449282711585,58.18075283115542,59.53990258641679,156.080107637072,41.10960958218893,83.2586331859946,43.93176527297759,37.589892258425,135.2035502492446,125.5746789762968,177.1016657177453,52.4785670536077,140.8580846100074,150.0833101980363,156.0128199860511,32.80243893371345,92.57429448826494,80.62257748298549,31.38470965295043,151.9802618763371,131.8256424221024,140.5844941663198,24.20743687382041,21.18962010041709,201.3256069157622,89.62700485902673,106.4048871058092,102.4207010325549,154.2011673107568,73.00684899377592,123.685083983478,120.6731121667126
Rendsburg,219.6656550305486,86.33075929238663,115.6027681329474,46.09772228646444,164.0731544159495,119.0378091196238,234.1836885865452,135.7129323240788,25,69.00724599634447,191.5880998392124,185.324040534411,196.7866865415443,108.1665382639197,243.2488437793693,151.8222645068898,134.7182244538578,218.1306947680679,157.0891466651977,160.099968769516,231.0367936065596,95.38343671728336,129.5414991421668,181.8378398463862,50.44799302251776,201.9207765436732,0,202.5561650505854,218.0206412246327,165.0484777269999,150.6021248190078,181.7965896269784,161.245154965971,163.2482771731451,165.4236984231703,142.2251735804882,76.40026177965623,41.34005321718877,151.7959156235766,110.0227249253535,127.0944530654269,123.7093367535369,176.5672676347459,155.3640885146886,138.0144919926889,180.3468879687143,114.5862120850497,127.6322843170959,116.2755348299891,182.7840255602223,204.1984329028996,10.19803902718557,179.8693970635361,127.4754878398196,215.7452201092761,80.06247560499239,211.5325034125962,193.0025906561878,132.1892582625381
Stuttgart,44.94441010848846,120.5985074534507,110.6932698947863,160.0499921899404,41.48493702538308,111.8257573191436,43.41658669218482,70.03570517957252,179.3543977715629,133.9589489358587,11,40.22437072223753,19.69771560359221,94.42986815621421,48.54894437575342,69.1158447825099,97.75479527879949,74.43117626371358,66.48308055437865,50.56678751908213,63.15853069855251,123.227432010896,108.0462863776446,52.32590180780452,163.8841053915846,71.449282711585,202.5561650505854,0,24.08318915758459,41.59326868617084,103.3924562045027,38.27531841800928,42.2965719651132,58.69412236331676,67.00746227100382,87.66413177577246,132.4386650491464,167.1466422037846,68.8839603971781,108.1572928655299,107.4243920159663,114.1271221051333,53,50.44799302251776,65.30696746902278,50.11985634456667,114.6342008302932,92.30926280715278,104.7520882846733,56.859475903318,51.0098029794274,205.526154053444,30.23243291566195,77.64663547121665,31.32091952673165,132.8344834747363,9,56.08029957123981,81.93289937503738
Ulm,24,139.2695228684295,132.8344834747363,177.3696704625681,63.06346010171025,134.3316790634287,53.15072906367325,90.13878188659973,194.0412327316027,149.0134222142422,32.4499614791759,64.20280367709809,43.26661530556787,110.3675676999362,26.24880949681338,92.41753080449618,120.9297316626478,56.5685424949238,69.85699678629192,73.24616030891995,41,143.9618004888797,131.186889588861,48.60041152089147,182.3896926912264,58.18075283115542,218.0206412246327,24.08318915758459,0,53.00943312279428,127.3499116607467,39.56008088970496,62.39390995922599,61.84658438426491,66.88796603276258,111.0180165558726,144.8861622101987,184.6997563615069,73.7360156233031,129.4681427996864,130.384048104053,137.0583817210753,51.62363799656123,71.58910531638176,80.15609770940699,47.70744176750625,136.8831618571108,114.5294721894762,126.5740889755877,51.73973328110612,37.12142238654117,220.111335464578,53.90732788777422,97.12363255150623,48.50773134253961,152.3450031999737,19.31320791582797,79.17701686727027,103.7545179739176
Wuerzburg,57.77542730261716,88.60022573334675,89.8276126811795,125.131930377502,30.14962686336267,92.65527507918802,83.09632964216891,44.55333881989093,141.0319112825179,96.04686356149273,32.20248437620923,53.85164807134504,47.01063709417264,57.87054518492115,78.31347265956222,59.23681287847955,83.48652585896721,71.06335201775947,29.1547594742265,41,73.24616030891995,96.56603957913983,92.80086206496145,31.30495168499706,131.0419780070493,59.53990258641679,165.0484777269999,41.59326868617084,53.00943312279428,0,96.66436778875658,20.6155281280883,24.51530134426253,23.3452350598575,34.23448553724738,75.66372975210778,92.22797840135064,132.5745073534124,29.68164415931166,84.02380615040002,91.0494371207203,97.18538984847466,27.51363298439521,33.24154027718932,27.65863337187866,28.17800560721074,94.06912352095134,73,82.80700453464067,35.84689665786984,48.16637831516918,167.107749670684,37.94733192202055,49.4064773081425,67.20863039818622,102.5524256173397,49.76946855251722,72.78049189171504,61.71709649683789
Aachen,144.8102206337661,71.40028011149536,36.06937759374286,105.4229576515476,68.79680225126747,31.89043743820395,109.7314904665019,57.55866572463264,135.9485196682921,101.7889974407843,95.48298277703729,64.89992295835181,85.80209787645055,79.83107164506812,151.4892735476674,37.589892258425,20.24845673131659,166.3550420035413,118.6001686339442,57.14017850864661,162.8895331198417,55.97320787662612,21.2602916254693,127.9531164137865,100.4987562112089,156.080107637072,150.6021248190078,103.3924562045027,127.3499116607467,96.66436778875658,0,115.4859298789251,72.94518489934754,116.6919020326604,127.2006289292628,22.20360331117452,114.9347641055569,109.288608738514,115.5205609404664,44.40720662234904,24.04163056034261,26.92582403567252,124.0846485267215,63.50590523722971,83.02409288875127,124.8118584109699,36.23534186398687,33.95585369269929,38.27531841800928,132.5028301584536,142.0422472365176,158.0031645252714,73.53910524340094,59,94.42986815621421,71.58910531638176,110.2587864979476,58.52349955359813,41
Ansbach,38.3275357934736,108.3374358197571,110.3902169578446,143.5862110371327,47.01063709417264,113.1370849898476,81.60882305241266,65.11528238439882,157.3181489847881,113.1370849898476,33.52610922848042,65.03076195155643,51.66236541235796,76.53757247260981,62.28964600958975,77.89736837660179,103.4069630150697,51.03920062069938,30.4138126514911,58.60034129593445,52.83937925449163,117.0469991071963,112.9291813483123,15.13274595042156,150.2165104108067,41.10960958218893,181.7965896269784,38.27531841800928,39.56008088970496,20.6155281280883,115.4859298789251,0,42.5440947723653,22.3606797749979,29,95.13148795220224,107.0186899564744,151.1191582824626,34.17601498127012,104.6374693883601,111.2879148874666,117.5159563633807,14.7648230602334,52.15361924162119,47.01063709417264,12.36931687685298,114.6298390472568,93.38094023943002,103.3924562045027,20.09975124224178,27.58622844826744,183.1338308450954,49.16299421312742,70,68.87670143089025,122.5397894563231,43.86342439892262,84,82.07313811473277
Aschaffenburg,74.65252842335616,78.31347265956222,71.02112361825881,118.0042372120595,6.324555320336759,73.00684899377592,74.84650960465692,27.89265136196271,138.6542462386205,93.39164844888434,31.40063693621516,33.83784863137726,36.40054944640259,53.85164807134504,88.60022573334675,35.35533905932738,61.55485358604957,93.49331526906082,51.35172830587107,16.49242250247064,91.96738552334735,81.59656855530139,71.42128534267638,55.36244214266564,121.5935853571232,83.2586331859946,161.245154965971,42.2965719651132,62.39390995922599,24.51530134426253,72.94518489934754,42.5440947723653,0,47.01063709417264,58.00862004909271,52.80151512977634,94.42986815621421,125.015998976131,50.21951811795888,67.11929677819934,70.09279563550022,76.57675887630658,51.92301994298868,9.899494936611665,28.42534080710379,52.20153254455275,75.16648189186454,53.00943312279428,64.49806198638839,60.08327554319921,69.40461079784254,164.7543626129518,20.80865204668481,35.35533905932738,56.79788728465171,90.60905032059435,51.24451190127583,51.478150704935,41.88078318274385
Bamberg,57,95.69221493935649,104.6231331972045,127.5813465989445,53.00943312279428,108.1665382639197,101.9803902718557,60.8276253029822,138.452157801892,95.60334722173695,51.61395160225576,77.12976079309465,68.47627326307996,62.43396511515186,83.54639429682169,80.04998438475801,101.5529418579295,58.52349955359813,8.062257748298549,63.19810123729984,67.91170738539859,107.5174404457249,110.0590750460861,18.68154169226941,135.5175265417724,43.93176527297759,163.2482771731451,58.69412236331676,61.84658438426491,23.3452350598575,116.6919020326604,22.3606797749979,47.01063709417264,0,11,94.92101980067429,87.36704184073076,135.1924554107958,12.16552506059644,97.30878685915265,107.9120011861517,113.5341358358798,13.34166406412633,54.58937625582472,37.01351104664349,17.11724276862369,108.8117640698836,89.55445270895244,97.41663102366043,20.591260281974,41,163.8841053915846,61.1310068623117,63.24555320336759,87.65842800324451,110.4355015382282,65.29931086925804,96.10411021387171,78.71467461661771
Bayreuth,58.05170109479997,102.303470126873,113.7409337046254,131.9469590403659,64.00781202322104,117.4776574502573,110.4219181141136,70.77428911688199,140.4635183953471,99.16148445843275,60.90155991434045,87.86353054595519,78.29431652425353,68.8839603971781,86.33075929238663,90.80198235721508,111.6154111222998,53.31041174104736,9.899494936611665,74.16872656315464,66.18912297349165,115.3646392964499,119.8665925101736,18.97366596101028,140.6556077801379,37.589892258425,165.4236984231703,67.00746227100382,66.88796603276258,34.23448553724738,127.2006289292628,29,58.00862004909271,11,0,105.3043208990021,89.05054744357274,139.5564401953561,15,106.0188662455886,117.618025829377,123.0650234632083,15.26433752247375,65.49045732013177,46.14108798023731,19.23538406167134,117.8855377050128,99.28242543370907,106.5316854273882,18.02775637731995,40.04996878900157,165.38742394753,71.80529228406496,72.56031973468694,96.89685237405806,117.1537451385998,72.86288492778748,106.8877916321597,88.63972021616495
Bonn,126.5740889755877,57.8013840664737,28.2842712474619,96.15092303249095,49.51767361255979,27.01851217221259,101.8331969448077,35.35533905932738,124.8078523170718,86.31338250816034,78.60025445251433,52.88667128870941,72.09022125087424,59.46427498927402,136.2130683891968,18.60107523773828,10.44030650891055,146.1677118928801,96.56603957913983,38.2099463490856,144.3121616496683,47.43416490252569,20.6155281280883,106.9439105325778,93.92017887546851,135.2035502492446,142.2251735804882,87.66413177577246,111.0180165558726,75.66372975210778,22.20360331117452,95.13148795220224,52.80151512977634,94.92101980067429,105.3043208990021,0,97.34988443752771,101.237344888139,93.39164844888434,32.20248437620923,20.6155281280883,27.20294101747089,102.8591269649903,43.01162633521314,60.8276253029822,103.8315944209661,31.01612483854165,15.55634918610405,26,111.3642671596235,122.2006546627308,148.6068639060794,57.4543296888929,37.12142238654117,84.72307831990054,62.24146527838174,95.38343671728336,53.23532661682466,19.23538406167134
Braunschweig,144.2220510185596,46.69047011971501,81.27115109311545,49.67896939349689,98.83825170448939,86.33075929238663,169.2601547913743,74.81310045707235,51.41984052872976,18.68154169226941,121.8400590938793,124.5552086425935,130.7822617941745,42.20189569201838,169.1892431568863,98.29038610159185,94.82615672903758,141.7603611733548,80.89499366462674,98.73702446397704,154.8709139896837,66.61080993352356,95.63472172804185,105.8017013095725,61.85466837676846,125.5746789762968,76.40026177965623,132.4386650491464,144.8861622101987,92.22797840135064,114.9347641055569,107.0186899564744,94.42986815621421,87.36704184073076,89.05054744357274,97.34988443752771,0,56.58621740318043,75.66372975210778,71.5122367151245,92.47702417357513,93.30058949438637,100.6031808642252,91.4166286842826,67.35725647619564,104.4796630928718,83.24061508662703,82.15229759416349,77.07788269017254,106.5316854273882,128.1327436684316,76.53103945458993,114.9347641055569,67.35725647619564,151.2117720285031,56.08029957123981,141.1559421349311,137.2770920437929,80.2807573457052
Bremen,189.4465623863363,47.2652091923859,74.30343195303969,7.615773105863909,127.0629765116495,77.69813382572325,195.869854750546,98.12746812182611,31.01612483854165,41.04875150354759,156.1569723067145,146.3283977907228,159.3800489396336,74.73285756613352,210.6015194627047,111.8257573191436,93.47726996441435,192.8367184952077,130.2689525558565,121.807224744676,202.7042180123541,54.12023651093924,88.20430828479978,153.7920674157156,10.77032961426901,177.1016657177453,41.34005321718877,167.1466422037846,184.6997563615069,132.5745073534124,109.288608738514,151.1191582824626,125.015998976131,135.1924554107958,139.5564401953561,101.237344888139,56.58621740318043,0,124.8879497789919,69.07966415668217,85.75546629807339,82.41965784932621,148.4082207965583,118.1058846967415,104.9237818609299,151.8222645068898,73.24616030891995,86.97700845625813,75.23961722390672,155.6181223379848,175.8408371226661,48.91829923454004,142.351677194194,90.04998611882181,177.4964788383139,39,176.1391495380854,152.7776161615307,92.41753080449618
Coburg,69.02897942168927,87.32124598286491,99.84988733093293,117.2731853408954,56.51548460377916,103.7689741685828,111.7318217877074,58.24087911424414,126.9212354178764,84.75848040166836,60.8276253029822,82.63776376451628,76.60939890117922,53.90732788777422,95.70788891204319,80.22468448052632,98.97979591815695,67.97793759742936,5.385164807134504,65.37583651472461,79.2464510246358,100.657836257293,106.7754653466797,30.14962686336267,125.7815566766448,52.4785670536077,151.7959156235766,68.8839603971781,73.7360156233031,29.68164415931166,115.5205609404664,34.17601498127012,50.21951811795888,12.16552506059644,15,93.39164844888434,75.66372975210778,124.8879497789919,0,91.80958555619343,104.3886967061089,109.5901455423799,25.01999200639361,56.1426753904728,32.89376840679705,29,103.9422916814903,86.16263691415206,92.66067126888301,31.04834939252005,52.46903848937962,152.190669884852,67.11929677819934,59.09314681077663,96.54014708917737,102.1763181955584,76.02631123499285,101.1928851253881,75.8946638440411
