,0,0,0,0,0,0,0,0,0,0,0,0,0,0,0,0,0,0,0,0,0,0,0,0,0,0,0,0,0,0,0,0,0,0,0,0,0,0,0,0,0,0,0,0,0,0,0,0,0,0,1,1,1,1,1,1,1,1,1,1,1,1,1,1,1,1,1,1,1,1,1,1,1,1,1,1,1,1,1,1,1,1,1,1,1,1,1,1,1,1,1,1,1,1,1,1,1,1,1,1,2,2,2,2,2,2,2,2,2,2,2,2,2,2,2,2,2,2,2,2,2,2,2,2,2,2,2,2,2,2,2,2,2,2,2,2,2,2,2,2,2,2,2,2,2,2,2,2,2,2
0,0,0.539,0.510,0.648,0.141,0.616,0.520,0.173,0.922,0.469,0.374,1.105,0.548,0.100,0.742,0.332,0.436,0.300,0.648,0.469,0.592,0.548,0.316,0.141,0.141,0.539,0.539,0.387,0.624,0.806,0.469,0.374,0.412,0.469,0.866,0.141,0.173,1.349,0.768,0.458,0.616,0.592,0.361,0.583,0.300,0.224,0.374,0.592,0.995,0.883,4.004,3.617,4.164,3.094,3.792,3.416,3.785,2.345,3.750,2.888,2.704,3.228,3.146,3.700,2.581,3.628,3.435,3.010,3.768,2.883,3.854,3.076,4.047,3.658,3.416,3.597,2.494,2.818,2.702,2.895,4.135,3.412,3.520,3.912,3.618,3.000,3.022,3.312,3.596,3.010,2.387,3.153,3.074,3.126,3.345,2.090,3.058,4.047,4.245,3.531,5.285,4.208,5.302,4.690,5.057,6.095,3.592,5.636,5.048,5.639,4.357,4.520,4.854,4.190,4.417,4.626,4.645,6.240,6.498,4.141,5.122,4.029,6.211,4.110,4.970,4.840,5.097,5.546,6.014,4.881,4.161,4.571,5.789,4.892,4.607,3.896,4.797,5.020,4.637,4.208,5.257,5.136,4.654,4.277,4.460,4.651,4.140,5.312,3.977,4.007
0,0.539,0,0.300,0.332,0.608,1.091,0.510,0.424,0.510,0.173,0.866,1.628,1.054,0.548,1.175,0.837,0.707,0.762,0.781,0.557,0.648,0.224,0.500,0.592,0.500,0.346,0.245,0.678,1.149,1.342,0.173,0.300,0.787,0.173,0.510,0.458,0.529,0.819,0.548,0.678,0.985,0.141,0.849,0.361,0.812,0.316,0.458,0.141,0.678,1.360,4.096,3.686,4.237,2.970,3.812,3.391,3.860,2.147,3.788,2.805,2.462,3.245,3.041,3.712,2.559,3.700,3.434,2.972,3.692,2.793,3.894,3.074,4.019,3.657,3.447,3.651,2.419,2.700,2.579,2.855,4.117,3.399,3.597,3.979,3.558,2.998,2.929,3.243,3.622,2.955,2.179,3.103,3.079,3.114,3.365,1.913,3.030,4.080,4.295,3.538,5.339,4.181,5.357,4.709,5.091,6.160,3.480,5.687,5.041,5.747,4.419,4.521,4.902,4.134,4.402,4.681,4.683,6.369,6.531,4.062,5.190,4.002,6.262,4.106,5.043,4.852,5.158,5.592,6.155,4.892,4.169,4.548,5.860,4.960,4.651,3.915,4.860,5.072,4.702,4.181,5.321,5.207,4.700,4.250,4.499,4.718,4.153,5.390,3.981,4.031
0,0.510,0.300,0,0.245,0.510,1.086,0.265,0.412,0.436,0.316,0.883,1.587,1.010,0.520,1.237,0.755,0.831,0.700,0.510,0.648,0.640,0.469,0.510,0.616,0.548,0.300,0.332,0.781,1.054,1.285,0.316,0.316,0.854,0.316,0.361,0.490,0.436,0.927,0.300,0.656,0.959,0.265,0.781,0.141,0.806,0.332,0.374,0.265,0.500,1.364,4.277,3.850,4.416,3.154,3.997,3.551,4.011,2.307,3.975,2.950,2.648,3.403,3.259,3.879,2.720,3.881,3.575,3.153,3.896,2.978,4.031,3.259,4.207,3.831,3.632,3.834,2.615,2.888,2.771,3.036,4.283,3.530,3.732,4.155,3.767,3.146,3.103,3.407,3.785,3.140,2.354,3.268,3.233,3.273,3.543,2.086,3.195,4.273,4.470,3.703,5.473,4.335,5.529,4.868,5.247,6.336,3.608,5.866,5.225,5.894,4.574,4.694,5.070,4.292,4.544,4.827,4.846,6.521,6.718,4.251,5.349,4.144,6.447,4.281,5.194,5.015,5.339,5.778,6.313,5.054,4.342,4.717,6.041,5.092,4.806,4.067,5.027,5.229,4.868,4.335,5.475,5.354,4.864,4.431,4.662,4.849,4.299,5.559,4.150,4.186
0,0.648,0.332,0.245,0,0.648,1.166,0.332,0.500,0.300,0.316,1.000,1.715,1.166,0.656,1.323,0.866,0.877,0.806,0.707,0.648,0.539,0.424,0.548,0.721,0.678,0.173,0.224,0.877,1.170,1.425,0.316,0.510,1.005,0.316,0.300,0.583,0.608,0.837,0.300,0.700,0.970,0.265,0.866,0.141,0.922,0.458,0.374,0.265,0.520,1.530,4.177,3.734,4.306,2.985,3.873,3.393,3.890,2.112,3.855,2.778,2.452,3.268,3.108,3.738,2.581,3.776,3.421,3.000,3.750,2.816,3.892,3.130,4.062,3.685,3.511,3.723,2.470,2.720,2.604,2.891,4.128,3.367,3.607,4.042,3.626,2.997,2.938,3.236,3.648,2.990,2.163,3.108,3.084,3.122,3.413,1.916,3.045,4.155,4.350,3.562,5.336,4.177,5.406,4.722,5.110,6.215,3.421,5.738,5.081,5.784,4.452,4.553,4.946,4.130,4.397,4.701,4.710,6.414,6.590,4.088,5.230,3.986,6.323,4.144,5.070,4.873,5.217,5.655,6.215,4.913,4.199,4.555,5.932,4.963,4.669,3.927,4.910,5.105,4.760,4.177,5.350,5.233,4.746,4.288,4.533,4.719,4.150,5.439,4.012,4.047
0,0.141,0.608,0.510,0.648,0,0.616,0.458,0.224,0.922,0.529,0.424,1.086,0.548,0.173,0.794,0.265,0.539,0.265,0.566,0.529,0.574,0.632,0.346,0.245,0.283,0.539,0.574,0.500,0.557,0.781,0.529,0.447,0.520,0.529,0.854,0.245,0.173,1.400,0.728,0.458,0.583,0.640,0.300,0.566,0.332,0.300,0.346,0.640,0.975,0.917,4.061,3.663,4.219,3.148,3.850,3.457,3.825,2.387,3.808,2.922,2.759,3.271,3.219,3.746,2.627,3.685,3.467,3.063,3.834,2.938,3.885,3.134,4.104,3.707,3.474,3.655,2.557,2.874,2.760,2.950,4.179,3.438,3.551,3.965,3.686,3.036,3.071,3.354,3.640,3.066,2.437,3.197,3.113,3.167,3.399,2.142,3.103,4.109,4.297,3.576,5.313,4.246,5.351,4.731,5.096,6.146,3.617,5.688,5.101,5.676,4.398,4.568,4.901,4.231,4.451,4.663,4.688,6.279,6.554,4.196,5.164,4.061,6.266,4.161,5.008,4.884,5.150,5.602,6.057,4.923,4.208,4.614,5.844,4.920,4.645,3.934,4.845,5.062,4.686,4.246,5.297,5.173,4.701,4.330,4.504,4.679,4.174,5.359,4.025,4.047
0,0.616,1.091,1.086,1.166,0.616,0,0.995,0.700,1.459,1.010,0.346,0.616,0.400,0.592,0.332,0.387,0.539,0.412,1.122,0.678,0.831,1.010,0.648,0.529,0.648,1.015,1.025,0.539,0.458,0.480,1.010,0.970,0.608,1.010,1.418,0.648,0.700,1.881,1.300,0.608,0.374,1.127,0.387,1.122,0.361,0.806,0.812,1.162,1.572,0.678,3.612,3.247,3.787,2.944,3.470,3.154,3.407,2.328,3.415,2.706,2.715,2.919,2.983,3.390,2.337,3.259,3.146,2.778,3.547,2.707,3.509,2.793,3.771,3.367,3.094,3.247,2.319,2.676,2.573,2.661,3.847,3.140,3.145,3.541,3.387,2.724,2.841,3.103,3.273,2.789,2.375,2.922,2.791,2.855,3.035,2.057,2.805,3.712,3.883,3.226,4.906,3.926,4.922,4.357,4.698,5.705,3.426,5.266,4.735,5.206,3.977,4.201,4.483,3.937,4.115,4.250,4.292,5.791,6.134,3.918,4.728,3.748,5.836,3.801,4.576,4.507,4.722,5.179,5.560,4.545,3.846,4.288,5.392,4.502,4.247,3.569,4.412,4.641,4.250,3.926,4.868,4.739,4.285,3.989,4.102,4.265,3.818,4.917,3.663,3.674
0,0.520,0.510,0.265,0.332,0.458,0.995,0,0.424,0.548,0.480,0.866,1.493,0.954,0.510,1.208,0.648,0.860,0.600,0.458,0.624,0.548,0.608,0.458,0.624,0.608,0.316,0.424,0.812,0.949,1.208,0.480,0.500,0.917,0.480,0.469,0.520,0.424,1.109,0.316,0.548,0.819,0.447,0.678,0.224,0.775,0.424,0.300,0.490,0.616,1.360,4.231,3.785,4.367,3.127,3.956,3.490,3.934,2.278,3.936,2.883,2.650,3.336,3.263,3.821,2.663,3.835,3.494,3.116,3.879,2.950,3.942,3.220,4.170,3.783,3.592,3.791,2.598,2.865,2.755,2.998,4.223,3.442,3.641,4.102,3.755,3.074,3.063,3.356,3.723,3.106,2.339,3.214,3.165,3.209,3.496,2.064,3.140,4.239,4.415,3.641,5.376,4.264,5.468,4.799,5.171,6.280,3.531,5.814,5.180,5.808,4.498,4.637,5.005,4.227,4.461,4.742,4.778,6.440,6.671,4.219,5.274,4.062,6.399,4.228,5.114,4.948,5.289,5.731,6.240,4.985,4.287,4.663,5.988,4.994,4.732,3.991,4.962,5.153,4.803,4.264,5.397,5.268,4.797,4.384,4.593,4.750,4.218,5.496,4.090,4.112
0,0.173,0.424,0.412,0.500,0.224,0.700,0.424,0,0.787,0.332,0.500,1.237,0.700,0.200,0.837,0.424,0.447,0.374,0.671,0.387,0.447,0.412,0.224,0.224,0.224,0.374,0.374,0.447,0.735,0.949,0.332,0.361,0.548,0.332,0.748,0.100,0.245,1.229,0.663,0.424,0.608,0.469,0.424,0.458,0.424,0.141,0.224,0.469,0.906,1.044,3.965,3.562,4.117,2.987,3.730,3.326,3.728,2.211,3.692,2.780,2.569,3.154,3.055,3.625,2.496,3.582,3.348,2.921,3.684,2.782,3.782,3.005,3.969,3.579,3.356,3.545,2.402,2.711,2.594,2.809,4.051,3.318,3.458,3.861,3.538,2.914,2.919,3.209,3.524,2.921,2.256,3.058,2.990,3.040,3.277,1.970,2.970,3.991,4.189,3.455,5.219,4.121,5.248,4.616,4.990,6.045,3.474,5.580,4.975,5.597,4.300,4.447,4.797,4.098,4.336,4.566,4.579,6.204,6.442,4.047,5.070,3.940,6.159,4.037,4.914,4.769,5.045,5.493,5.985,4.809,4.087,4.483,5.746,4.831,4.540,3.822,4.746,4.963,4.590,4.121,5.201,5.082,4.599,4.200,4.398,4.589,4.061,5.262,3.905,3.936
0,0.922,0.510,0.436,0.300,0.922,1.459,0.548,0.787,0,0.557,1.285,1.997,1.432,0.927,1.612,1.149,1.158,1.086,0.831,0.911,0.812,0.640,0.831,1.005,0.943,0.469,0.490,1.140,1.449,1.703,0.557,0.700,1.257,0.557,0.141,0.866,0.860,0.624,0.316,0.959,1.261,0.424,1.158,0.361,1.208,0.721,0.671,0.424,0.346,1.792,4.379,3.923,4.498,3.089,4.044,3.538,4.077,2.179,4.036,2.893,2.494,3.434,3.233,3.901,2.737,3.971,3.571,3.151,3.877,2.943,4.057,3.297,4.208,3.846,3.691,3.910,2.613,2.834,2.718,3.041,4.272,3.509,3.792,4.232,3.766,3.154,3.056,3.362,3.818,3.132,2.229,3.245,3.247,3.277,3.586,2.005,3.194,4.332,4.529,3.723,5.497,4.310,5.582,4.880,5.271,6.395,3.503,5.914,5.232,5.976,4.629,4.705,5.118,4.249,4.528,4.869,4.877,6.617,6.756,4.207,5.407,4.116,6.498,4.297,5.249,5.026,5.401,5.830,6.427,5.065,4.359,4.697,6.116,5.132,4.838,4.085,5.089,5.274,4.939,4.310,5.524,5.406,4.914,4.429,4.701,4.889,4.302,5.626,4.168,4.208
0,0.469,0.173,0.316,0.316,0.529,1.010,0.480,0.332,0.557,0,0.787,1.556,1.010,0.500,1.100,0.755,0.624,0.700,0.775,0.529,0.520,0.200,0.447,0.510,0.447,0.265,0.173,0.656,1.044,1.261,0.000,0.346,0.755,0.000,0.557,0.374,0.500,0.938,0.557,0.656,0.883,0.265,0.742,0.346,0.728,0.265,0.346,0.173,0.728,1.311,4.044,3.636,4.186,2.948,3.771,3.342,3.807,2.131,3.739,2.775,2.456,3.203,3.013,3.662,2.526,3.652,3.385,2.922,3.669,2.759,3.846,3.036,3.980,3.603,3.401,3.606,2.387,2.672,2.550,2.818,4.072,3.350,3.543,3.929,3.528,2.950,2.900,3.198,3.571,2.919,2.168,3.063,3.025,3.068,3.318,1.910,2.988,4.035,4.250,3.494,5.292,4.144,5.311,4.658,5.047,6.108,3.453,5.633,4.998,5.697,4.375,4.482,4.860,4.106,4.376,4.641,4.632,6.307,6.488,4.029,5.147,3.969,6.211,4.071,4.992,4.811,5.103,5.544,6.092,4.854,4.119,4.493,5.818,4.914,4.598,3.873,4.818,5.034,4.669,4.144,5.274,5.165,4.667,4.220,4.458,4.672,4.106,5.333,3.945,3.987
0,0.374,0.866,0.883,1.000,0.424,0.346,0.866,0.500,1.285,0.787,0,0.787,0.346,0.387,0.387,0.332,0.361,0.361,0.949,0.616,0.781,0.812,0.548,0.283,0.374,0.866,0.854,0.361,0.458,0.520,0.787,0.707,0.300,0.787,1.237,0.424,0.500,1.679,1.136,0.608,0.548,0.933,0.332,0.949,0.100,0.574,0.678,0.933,1.367,0.583,3.807,3.455,3.982,3.071,3.650,3.333,3.629,2.412,3.592,2.871,2.773,3.118,3.082,3.579,2.510,3.450,3.350,2.926,3.685,2.837,3.735,2.960,3.937,3.541,3.270,3.432,2.437,2.793,2.680,2.814,4.035,3.344,3.378,3.739,3.520,2.915,2.985,3.260,3.468,2.936,2.449,3.089,2.978,3.038,3.214,2.142,2.978,3.886,4.084,3.419,5.149,4.124,5.133,4.563,4.918,5.912,3.597,5.464,4.917,5.450,4.202,4.397,4.697,4.126,4.332,4.483,4.501,6.028,6.330,4.068,4.955,3.956,6.032,3.991,4.806,4.715,4.917,5.372,5.789,4.756,4.034,4.467,5.599,4.749,4.463,3.782,4.629,4.868,4.470,4.124,5.097,4.978,4.503,4.170,4.316,4.511,4.032,5.128,3.860,3.886
0,1.105,1.628,1.587,1.715,1.086,0.616,1.493,1.237,1.997,1.556,0.787,0,0.616,1.091,0.640,0.854,1.082,0.922,1.463,1.273,1.418,1.581,1.225,1.049,1.140,1.578,1.597,1.044,0.656,0.361,1.556,1.435,0.964,1.556,1.931,1.183,1.162,2.429,1.792,1.162,0.938,1.670,0.877,1.643,0.831,1.323,1.364,1.694,2.042,0.548,3.791,3.484,3.987,3.393,3.744,3.517,3.640,2.871,3.672,3.146,3.257,3.240,3.397,3.695,2.735,3.479,3.490,3.165,3.912,3.142,3.785,3.127,4.091,3.688,3.375,3.490,2.757,3.134,3.040,3.050,4.169,3.501,3.396,3.760,3.740,3.089,3.273,3.511,3.568,3.184,2.915,3.317,3.145,3.217,3.339,2.590,3.183,3.957,4.111,3.543,5.122,4.256,5.116,4.624,4.933,5.871,3.865,5.460,5.006,5.335,4.195,4.480,4.697,4.292,4.419,4.470,4.534,5.886,6.325,4.288,4.912,4.085,6.013,4.095,4.769,4.770,4.913,5.372,5.636,4.806,4.134,4.605,5.543,4.709,4.488,3.860,4.608,4.848,4.438,4.256,5.062,4.925,4.501,4.298,4.342,4.480,4.113,5.089,3.957,3.955
0,0.548,1.054,1.010,1.166,0.548,0.400,0.954,0.700,1.432,1.010,0.346,0.616,0,0.520,0.520,0.387,0.671,0.412,0.927,0.787,1.005,1.049,0.707,0.529,0.583,1.054,1.063,0.539,0.458,0.387,1.010,0.837,0.458,1.010,1.360,0.648,0.574,1.838,1.237,0.671,0.678,1.091,0.480,1.086,0.361,0.755,0.860,1.127,1.466,0.469,3.951,3.597,4.130,3.266,3.811,3.514,3.764,2.619,3.760,3.040,2.995,3.268,3.302,3.748,2.672,3.597,3.507,3.130,3.870,3.041,3.867,3.130,4.116,3.728,3.437,3.586,2.642,3.000,2.895,3.000,4.205,3.501,3.506,3.886,3.713,3.082,3.173,3.457,3.632,3.127,2.661,3.271,3.154,3.211,3.384,2.330,3.154,4.052,4.228,3.579,5.260,4.277,5.268,4.718,5.051,6.052,3.760,5.619,5.085,5.548,4.324,4.549,4.827,4.278,4.451,4.593,4.650,6.140,6.477,4.260,5.071,4.095,6.182,4.144,4.930,4.857,5.073,5.523,5.902,4.893,4.204,4.655,5.723,4.853,4.609,3.922,4.753,4.982,4.576,4.277,5.217,5.081,4.617,4.326,4.449,4.616,4.179,5.271,4.007,4.027
0,0.100,0.548,0.520,0.656,0.173,0.592,0.510,0.200,0.927,0.500,0.387,1.091,0.520,0,0.735,0.316,0.447,0.245,0.656,0.412,0.600,0.557,0.265,0.173,0.173,0.548,0.548,0.346,0.648,0.812,0.500,0.387,0.424,0.500,0.872,0.173,0.141,1.345,0.775,0.374,0.592,0.583,0.374,0.592,0.316,0.245,0.387,0.616,1.010,0.889,3.975,3.582,4.134,3.059,3.759,3.385,3.750,2.313,3.722,2.848,2.676,3.189,3.122,3.669,2.540,3.596,3.399,2.985,3.735,2.853,3.813,3.041,4.016,3.632,3.385,3.565,2.464,2.787,2.674,2.862,4.102,3.375,3.481,3.879,3.589,2.965,2.987,3.283,3.564,2.978,2.356,3.119,3.043,3.092,3.314,2.049,3.023,4.019,4.211,3.496,5.242,4.169,5.267,4.657,5.018,6.065,3.551,5.609,5.017,5.599,4.316,4.483,4.816,4.148,4.368,4.581,4.612,6.209,6.467,4.111,5.081,3.985,6.183,4.072,4.933,4.802,5.071,5.516,5.985,4.840,4.130,4.545,5.753,4.848,4.573,3.856,4.758,4.977,4.592,4.169,5.218,5.092,4.610,4.238,4.420,4.607,4.102,5.283,3.938,3.969
0,0.742,1.175,1.237,1.323,0.794,0.332,1.208,0.837,1.612,1.100,0.387,0.640,0.520,0.735,0,0.632,0.510,0.648,1.323,0.806,1.010,1.072,0.819,0.624,0.714,1.175,1.149,0.548,0.648,0.548,1.100,1.054,0.548,1.100,1.581,0.755,0.860,1.962,1.490,0.825,0.640,1.241,0.616,1.292,0.469,0.917,0.995,1.257,1.732,0.557,3.501,3.183,3.689,2.929,3.390,3.137,3.362,2.377,3.321,2.740,2.731,2.893,2.903,3.344,2.330,3.161,3.151,2.733,3.477,2.680,3.501,2.729,3.705,3.312,3.010,3.154,2.274,2.655,2.548,2.621,3.814,3.164,3.127,3.454,3.302,2.722,2.832,3.095,3.228,2.748,2.406,2.910,2.775,2.839,2.970,2.093,2.786,3.610,3.807,3.191,4.893,3.917,4.846,4.316,4.658,5.612,3.483,5.175,4.664,5.147,3.931,4.150,4.419,3.933,4.121,4.220,4.239,5.711,6.040,3.870,4.669,3.760,5.735,3.750,4.527,4.465,4.625,5.080,5.461,4.507,3.789,4.245,5.292,4.488,4.204,3.548,4.343,4.595,4.182,3.917,4.818,4.700,4.230,3.937,4.052,4.254,3.807,4.832,3.621,3.646
0,0.332,0.837,0.755,0.866,0.265,0.387,0.648,0.424,1.149,0.755,0.332,0.854,0.387,0.316,0.632,0,0.548,0.141,0.742,0.574,0.648,0.819,0.436,0.332,0.436,0.735,0.775,0.510,0.374,0.583,0.755,0.686,0.548,0.755,1.086,0.412,0.374,1.628,0.949,0.447,0.412,0.860,0.141,0.794,0.245,0.529,0.520,0.883,1.217,0.794,3.927,3.534,4.090,3.108,3.743,3.370,3.691,2.394,3.697,2.862,2.782,3.164,3.180,3.641,2.544,3.559,3.366,2.992,3.770,2.888,3.760,3.041,4.016,3.612,3.367,3.537,2.508,2.837,2.729,2.876,4.083,3.342,3.415,3.838,3.619,2.941,3.017,3.289,3.530,2.998,2.447,3.122,3.017,3.076,3.295,2.140,3.020,3.999,4.173,3.473,5.175,4.150,5.219,4.616,4.970,6.012,3.562,5.562,4.999,5.518,4.263,4.461,4.772,4.146,4.343,4.527,4.566,6.116,6.431,4.130,5.024,3.962,6.139,4.057,4.867,4.769,5.023,5.478,5.894,4.807,4.104,4.523,5.706,4.777,4.520,3.820,4.710,4.926,4.549,4.150,5.158,5.029,4.571,4.236,4.379,4.537,4.061,5.222,3.918,3.931
0,0.436,0.707,0.831,0.877,0.539,0.539,0.860,0.447,1.158,0.624,0.361,1.082,0.671,0.447,0.510,0.548,0,0.510,1.082,0.436,0.632,0.574,0.458,0.300,0.361,0.735,0.678,0.283,0.762,0.860,0.624,0.671,0.424,0.624,1.149,0.361,0.583,1.480,1.095,0.583,0.574,0.787,0.510,0.877,0.374,0.510,0.608,0.787,1.319,0.877,3.611,3.251,3.778,2.778,3.416,3.082,3.432,2.110,3.363,2.610,2.449,2.890,2.780,3.344,2.261,3.242,3.119,2.655,3.407,2.550,3.530,2.711,3.681,3.294,3.036,3.214,2.147,2.496,2.377,2.548,3.791,3.113,3.187,3.531,3.243,2.678,2.706,2.990,3.240,2.663,2.138,2.827,2.739,2.793,2.977,1.844,2.724,3.657,3.872,3.184,4.960,3.886,4.930,4.339,4.710,5.711,3.339,5.252,4.677,5.285,4.006,4.164,4.491,3.877,4.113,4.291,4.286,5.869,6.114,3.792,4.764,3.726,5.822,3.755,4.616,4.492,4.709,5.158,5.634,4.535,3.797,4.217,5.406,4.567,4.253,3.562,4.432,4.672,4.279,3.886,4.904,4.795,4.302,3.924,4.106,4.329,3.812,4.933,3.629,3.667
0,0.300,0.762,0.700,0.806,0.265,0.412,0.600,0.374,1.086,0.700,0.361,0.922,0.412,0.245,0.648,0.141,0.510,0,0.742,0.458,0.616,0.742,0.332,0.300,0.387,0.678,0.707,0.424,0.510,0.678,0.700,0.624,0.529,0.700,1.030,0.361,0.316,1.539,0.906,0.316,0.412,0.775,0.245,0.742,0.283,0.469,0.480,0.825,1.175,0.843,3.886,3.486,4.046,3.030,3.686,3.314,3.644,2.309,3.648,2.787,2.694,3.103,3.110,3.589,2.472,3.511,3.309,2.934,3.697,2.818,3.707,2.978,3.956,3.562,3.314,3.486,2.435,2.762,2.655,2.809,4.026,3.285,3.367,3.791,3.552,2.883,2.943,3.228,3.479,2.931,2.360,3.058,2.963,3.017,3.240,2.045,2.956,3.948,4.122,3.415,5.124,4.087,5.171,4.566,4.917,5.970,3.489,5.521,4.945,5.476,4.211,4.402,4.719,4.076,4.273,4.471,4.518,6.087,6.383,4.064,4.974,3.896,6.097,3.995,4.822,4.712,4.983,5.432,5.867,4.749,4.052,4.474,5.659,4.727,4.473,3.762,4.658,4.871,4.491,4.087,5.110,4.977,4.511,4.169,4.324,4.486,4.006,5.184,3.856,3.874
0,0.648,0.781,0.510,0.707,0.566,1.122,0.458,0.671,0.831,0.775,0.949,1.463,0.927,0.656,1.323,0.742,1.082,0.742,0,0.959,0.943,0.938,0.775,0.787,0.748,0.728,0.806,0.985,0.933,1.153,0.775,0.600,0.954,0.775,0.700,0.735,0.520,1.342,0.539,0.831,1.068,0.755,0.806,0.566,0.866,0.640,0.663,0.755,0.686,1.281,4.588,4.164,4.737,3.565,4.347,3.913,4.316,2.731,4.320,3.320,3.100,3.739,3.682,4.227,3.076,4.202,3.912,3.536,4.297,3.381,4.342,3.619,4.583,4.193,3.979,4.167,3.017,3.302,3.191,3.415,4.641,3.865,4.026,4.477,4.165,3.490,3.497,3.791,4.124,3.527,2.789,3.641,3.579,3.626,3.892,2.504,3.559,4.622,4.798,4.048,5.768,4.685,5.851,5.206,5.569,6.658,3.975,6.199,5.587,6.169,4.881,5.043,5.391,4.654,4.871,5.128,5.175,6.793,7.059,4.649,5.652,4.482,6.781,4.634,5.495,5.353,5.667,6.114,6.583,5.389,4.694,5.084,6.355,5.379,5.128,4.395,5.339,5.537,5.173,4.685,5.781,5.646,5.179,4.795,4.985,5.135,4.628,5.872,4.494,4.514
0,0.469,0.557,0.648,0.648,0.529,0.678,0.624,0.387,0.911,0.529,0.616,1.273,0.787,0.412,0.806,0.574,0.436,0.458,0.959,0,0.480,0.447,0.200,0.424,0.447,0.520,0.480,0.387,0.922,1.072,0.529,0.600,0.671,0.529,0.911,0.374,0.500,1.249,0.866,0.265,0.548,0.557,0.592,0.663,0.574,0.436,0.447,0.656,1.118,1.149,3.665,3.247,3.811,2.663,3.409,3.015,3.413,1.913,3.385,2.454,2.278,2.825,2.750,3.312,2.159,3.271,3.030,2.619,3.356,2.468,3.457,2.680,3.650,3.277,3.041,3.231,2.083,2.396,2.285,2.486,3.734,3.003,3.142,3.550,3.220,2.596,2.594,2.903,3.211,2.600,1.954,2.739,2.681,2.722,2.961,1.640,2.648,3.682,3.870,3.132,4.892,3.791,4.928,4.301,4.664,5.737,3.156,5.277,4.658,5.278,3.972,4.119,4.470,3.760,3.989,4.231,4.264,5.908,6.126,3.730,4.742,3.604,5.853,3.705,4.596,4.440,4.746,5.183,5.695,4.477,3.775,4.184,5.427,4.502,4.226,3.493,4.419,4.628,4.252,3.791,4.876,4.750,4.259,3.864,4.068,4.260,3.739,4.960,3.572,3.608
0,0.592,0.648,0.640,0.539,0.574,0.831,0.548,0.447,0.812,0.520,0.781,1.418,1.005,0.600,1.010,0.648,0.632,0.616,0.943,0.480,0,0.539,0.412,0.574,0.640,0.374,0.424,0.748,0.906,1.175,0.520,0.755,0.927,0.520,0.825,0.500,0.648,1.292,0.748,0.548,0.539,0.648,0.583,0.574,0.707,0.548,0.300,0.648,1.030,1.360,3.763,3.324,3.897,2.706,3.497,3.023,3.473,1.900,3.463,2.468,2.280,2.890,2.816,3.350,2.234,3.375,3.041,2.640,3.442,2.502,3.496,2.769,3.708,3.300,3.127,3.330,2.156,2.431,2.317,2.548,3.759,2.995,3.187,3.637,3.305,2.617,2.631,2.895,3.253,2.655,1.962,2.762,2.694,2.750,3.030,1.709,2.687,3.770,3.953,3.184,4.936,3.824,5.006,4.330,4.718,5.805,3.135,5.331,4.711,5.360,4.051,4.183,4.553,3.804,4.055,4.309,4.309,5.967,6.202,3.766,4.827,3.639,5.920,3.782,4.655,4.497,4.805,5.258,5.767,4.540,3.813,4.179,5.534,4.559,4.263,3.545,4.512,4.715,4.376,3.824,4.945,4.832,4.367,3.945,4.145,4.315,3.764,5.017,3.646,3.662
0,0.548,0.224,0.469,0.424,0.632,1.010,0.608,0.412,0.640,0.200,0.812,1.581,1.049,0.557,1.072,0.819,0.574,0.742,0.938,0.447,0.539,0,0.447,0.548,0.490,0.361,0.224,0.608,1.127,1.315,0.200,0.447,0.768,0.200,0.671,0.424,0.592,0.917,0.700,0.640,0.883,0.300,0.806,0.490,0.768,0.361,0.447,0.300,0.866,1.342,3.885,3.479,4.025,2.777,3.603,3.186,3.654,1.975,3.575,2.619,2.291,3.043,2.835,3.503,2.362,3.490,3.234,2.760,3.490,2.590,3.695,2.867,3.811,3.444,3.236,3.441,2.214,2.502,2.379,2.650,3.912,3.203,3.396,3.768,3.351,2.796,2.733,3.041,3.413,2.750,2.005,2.902,2.872,2.910,3.154,1.741,2.827,3.868,4.087,3.333,5.141,3.984,5.149,4.501,4.888,5.947,3.305,5.473,4.831,5.544,4.217,4.316,4.697,3.942,4.215,4.483,4.474,6.160,6.321,3.859,4.987,3.812,6.048,3.903,4.837,4.649,4.944,5.380,5.944,4.690,3.959,4.337,5.652,4.763,4.443,3.715,4.655,4.872,4.503,3.984,5.117,5.008,4.501,4.048,4.295,4.522,3.952,5.177,3.779,3.829
0,0.316,0.500,0.510,0.548,0.346,0.648,0.458,0.224,0.831,0.447,0.548,1.225,0.707,0.265,0.819,0.436,0.458,0.332,0.775,0.200,0.412,0.447,0,0.316,0.346,0.412,0.412,0.412,0.794,0.985,0.447,0.490,0.624,0.447,0.806,0.245,0.332,1.249,0.728,0.224,0.510,0.500,0.458,0.529,0.480,0.300,0.283,0.574,0.995,1.095,3.828,3.409,3.975,2.834,3.581,3.173,3.571,2.064,3.552,2.612,2.435,2.990,2.926,3.474,2.328,3.438,3.184,2.782,3.536,2.636,3.612,2.853,3.821,3.438,3.211,3.400,2.258,2.565,2.454,2.657,3.896,3.153,3.294,3.715,3.399,2.753,2.762,3.061,3.372,2.771,2.112,2.902,2.837,2.883,3.129,1.808,2.812,3.852,4.037,3.297,5.047,3.953,5.094,4.461,4.826,5.900,3.305,5.440,4.827,5.435,4.135,4.288,4.637,3.927,4.153,4.393,4.425,6.058,6.295,3.900,4.906,3.764,6.018,3.877,4.754,4.605,4.907,5.350,5.846,4.643,3.938,4.342,5.596,4.657,4.384,3.655,4.586,4.794,4.423,3.953,5.038,4.911,4.429,4.039,4.234,4.415,3.896,5.119,3.742,3.771
0,0.141,0.592,0.616,0.721,0.245,0.529,0.624,0.224,1.005,0.510,0.283,1.049,0.529,0.173,0.624,0.332,0.300,0.300,0.787,0.424,0.574,0.548,0.316,0,0.141,0.592,0.574,0.300,0.608,0.768,0.510,0.469,0.361,0.510,0.964,0.141,0.300,1.407,0.877,0.458,0.548,0.656,0.332,0.678,0.224,0.300,0.424,0.656,1.109,0.837,3.874,3.496,4.037,2.998,3.672,3.309,3.667,2.276,3.625,2.800,2.632,3.118,3.036,3.585,2.478,3.501,3.332,2.898,3.658,2.780,3.746,2.960,3.932,3.541,3.294,3.473,2.387,2.720,2.604,2.786,4.025,3.314,3.407,3.787,3.503,2.895,2.924,3.211,3.480,2.902,2.315,3.050,2.965,3.018,3.226,2.017,2.951,3.922,4.123,3.419,5.176,4.105,5.180,4.576,4.943,5.969,3.513,5.511,4.930,5.519,4.240,4.406,4.735,4.091,4.319,4.514,4.528,6.114,6.374,4.034,5.003,3.931,6.084,3.996,4.852,4.728,4.970,5.420,5.885,4.769,4.044,4.458,5.663,4.782,4.490,3.787,4.677,4.905,4.519,4.105,5.140,5.022,4.539,4.165,4.344,4.542,4.032,5.187,3.865,3.896
0,0.141,0.500,0.548,0.678,0.283,0.648,0.608,0.224,0.943,0.447,0.374,1.140,0.583,0.173,0.714,0.436,0.361,0.387,0.748,0.447,0.640,0.490,0.346,0.141,0,0.574,0.539,0.300,0.714,0.854,0.447,0.346,0.332,0.447,0.900,0.141,0.265,1.311,0.831,0.500,0.678,0.574,0.458,0.632,0.332,0.224,0.447,0.574,1.034,0.872,3.951,3.575,4.113,3.045,3.739,3.381,3.751,2.311,3.696,2.860,2.655,3.191,3.079,3.659,2.542,3.575,3.409,2.963,3.707,2.834,3.828,3.023,3.995,3.614,3.363,3.544,2.437,2.768,2.650,2.846,4.096,3.391,3.494,3.863,3.554,2.970,2.978,3.276,3.557,2.960,2.345,3.114,3.041,3.090,3.297,2.047,3.018,3.990,4.198,3.491,5.260,4.175,5.256,4.654,5.021,6.047,3.572,5.588,4.998,5.605,4.320,4.475,4.810,4.155,4.387,4.593,4.607,6.205,6.446,4.090,5.082,4.001,6.160,4.063,4.936,4.801,5.048,5.494,5.974,4.841,4.117,4.531,5.737,4.867,4.572,3.863,4.753,4.982,4.591,4.175,5.221,5.103,4.611,4.227,4.419,4.627,4.111,5.269,3.934,3.972
0,0.539,0.346,0.300,0.173,0.539,1.015,0.316,0.374,0.469,0.265,0.866,1.578,1.054,0.548,1.175,0.735,0.735,0.678,0.728,0.520,0.374,0.361,0.412,0.592,0.574,0,0.141,0.762,1.039,1.296,0.265,0.500,0.906,0.265,0.469,0.458,0.529,0.975,0.424,0.583,0.806,0.316,0.721,0.224,0.787,0.374,0.224,0.316,0.678,1.418,4.042,3.604,4.175,2.902,3.754,3.283,3.760,2.052,3.730,2.689,2.404,3.151,3.015,3.619,2.472,3.646,3.309,2.890,3.654,2.720,3.774,3.015,3.953,3.568,3.388,3.596,2.369,2.632,2.516,2.784,4.019,3.260,3.479,3.913,3.524,2.883,2.846,3.137,3.527,2.886,2.105,3.005,2.966,3.010,3.292,1.849,2.936,4.031,4.225,3.447,5.217,4.074,5.282,4.605,4.992,6.088,3.345,5.612,4.969,5.652,4.328,4.441,4.824,4.036,4.297,4.581,4.588,6.275,6.470,3.992,5.105,3.886,6.198,4.032,4.943,4.760,5.088,5.531,6.073,4.801,4.082,4.445,5.805,4.841,4.546,3.812,4.785,4.985,4.638,4.074,5.226,5.110,4.627,4.183,4.414,4.598,4.036,5.308,3.900,3.931
0,0.539,0.245,0.332,0.224,0.574,1.025,0.424,0.374,0.490,0.173,0.854,1.597,1.063,0.548,1.149,0.775,0.678,0.707,0.806,0.480,0.424,0.224,0.412,0.574,0.539,0.141,0,0.707,1.086,1.319,0.173,0.458,0.860,0.173,0.510,0.436,0.548,0.911,0.510,0.600,0.843,0.245,0.762,0.300,0.787,0.346,0.300,0.245,0.721,1.404,3.987,3.559,4.122,2.846,3.697,3.243,3.723,2.007,3.673,2.655,2.345,3.110,2.941,3.575,2.427,3.590,3.279,2.837,3.587,2.665,3.744,2.958,3.897,3.520,3.332,3.540,2.304,2.575,2.456,2.729,3.976,3.236,3.450,3.861,3.455,2.848,2.796,3.095,3.484,2.830,2.052,2.961,2.929,2.970,3.240,1.794,2.891,3.971,4.175,3.403,5.190,4.037,5.235,4.566,4.954,6.038,3.321,5.562,4.916,5.617,4.288,4.393,4.778,3.996,4.264,4.546,4.546,6.238,6.416,3.937,5.064,3.855,6.144,3.982,4.906,4.718,5.037,5.476,6.032,4.759,4.035,4.402,5.752,4.815,4.509,3.775,4.739,4.945,4.590,4.037,5.187,5.074,4.581,4.130,4.370,4.572,4.004,5.262,3.854,3.892
0,0.387,0.678,0.781,0.877,0.500,0.539,0.812,0.447,1.140,0.656,0.361,1.044,0.539,0.346,0.548,0.510,0.283,0.424,0.985,0.387,0.748,0.608,0.412,0.300,0.300,0.762,0.707,0,0.787,0.837,0.656,0.574,0.316,0.656,1.114,0.361,0.469,1.439,1.058,0.469,0.640,0.735,0.548,0.854,0.374,0.469,0.640,0.787,1.273,0.806,3.720,3.354,3.887,2.877,3.520,3.203,3.536,2.202,3.480,2.700,2.546,2.985,2.900,3.461,2.347,3.345,3.226,2.787,3.506,2.665,3.625,2.812,3.793,3.425,3.146,3.318,2.256,2.606,2.492,2.655,3.905,3.220,3.286,3.637,3.353,2.787,2.807,3.114,3.356,2.773,2.229,2.938,2.860,2.905,3.089,1.908,2.832,3.770,3.974,3.289,5.048,3.982,5.030,4.453,4.806,5.822,3.428,5.372,4.791,5.371,4.095,4.264,4.584,3.964,4.181,4.369,4.397,5.977,6.221,3.906,4.852,3.811,5.937,3.850,4.715,4.589,4.830,5.270,5.743,4.627,3.917,4.352,5.497,4.650,4.365,3.657,4.521,4.753,4.349,3.982,4.997,4.873,4.376,4.015,4.198,4.411,3.915,5.049,3.722,3.764
0,0.624,1.149,1.054,1.170,0.557,0.458,0.949,0.735,1.449,1.044,0.458,0.656,0.458,0.648,0.648,0.374,0.762,0.510,0.933,0.922,0.906,1.127,0.794,0.608,0.714,1.039,1.086,0.787,0,0.346,1.044,0.975,0.707,1.044,1.378,0.714,0.693,1.952,1.225,0.812,0.592,1.192,0.346,1.091,0.424,0.837,0.819,1.175,1.476,0.686,3.997,3.635,4.173,3.320,3.867,3.519,3.787,2.651,3.801,3.068,3.043,3.309,3.363,3.766,2.729,3.654,3.511,3.145,3.946,3.079,3.883,3.192,4.158,3.735,3.487,3.643,2.704,3.045,2.938,3.048,4.220,3.494,3.519,3.931,3.782,3.094,3.216,3.458,3.650,3.173,2.707,3.294,3.156,3.228,3.423,2.412,3.184,4.102,4.274,3.611,5.278,4.303,5.308,4.728,5.079,6.081,3.770,5.637,5.118,5.583,4.367,4.591,4.875,4.321,4.506,4.640,4.668,6.147,6.519,4.297,5.117,4.126,6.212,4.198,4.953,4.893,5.094,5.561,5.916,4.935,4.221,4.643,5.784,4.879,4.618,3.953,4.806,5.035,4.657,4.303,5.251,5.127,4.689,4.389,4.494,4.641,4.189,5.287,4.058,4.058
0,0.806,1.342,1.285,1.425,0.781,0.480,1.208,0.949,1.703,1.261,0.520,0.361,0.387,0.812,0.548,0.583,0.860,0.678,1.153,1.072,1.175,1.315,0.985,0.768,0.854,1.296,1.319,0.837,0.346,0,1.261,1.136,0.707,1.261,1.631,0.900,0.872,2.152,1.490,0.970,0.781,1.393,0.600,1.345,0.548,1.030,1.082,1.393,1.726,0.412,3.947,3.621,4.136,3.403,3.859,3.581,3.782,2.802,3.788,3.167,3.184,3.336,3.413,3.792,2.784,3.618,3.571,3.205,3.974,3.156,3.909,3.208,4.180,3.770,3.481,3.618,2.766,3.132,3.028,3.097,4.260,3.571,3.530,3.903,3.803,3.154,3.295,3.544,3.672,3.226,2.848,3.363,3.212,3.283,3.435,2.534,3.240,4.080,4.253,3.639,5.282,4.350,5.278,4.747,5.079,6.042,3.887,5.612,5.123,5.534,4.351,4.600,4.853,4.374,4.537,4.629,4.670,6.090,6.485,4.347,5.085,4.179,6.175,4.207,4.935,4.901,5.065,5.527,5.845,4.941,4.240,4.690,5.725,4.874,4.625,3.976,4.773,5.013,4.612,4.350,5.230,5.102,4.662,4.402,4.486,4.641,4.225,5.255,4.071,4.076
0,0.469,0.173,0.316,0.316,0.529,1.010,0.480,0.332,0.557,0.000,0.787,1.556,1.010,0.500,1.100,0.755,0.624,0.700,0.775,0.529,0.520,0.200,0.447,0.510,0.447,0.265,0.173,0.656,1.044,1.261,0,0.346,0.755,0.000,0.557,0.374,0.500,0.938,0.557,0.656,0.883,0.265,0.742,0.346,0.728,0.265,0.346,0.173,0.728,1.311,4.044,3.636,4.186,2.948,3.771,3.342,3.807,2.131,3.739,2.775,2.456,3.203,3.013,3.662,2.526,3.652,3.385,2.922,3.669,2.759,3.846,3.036,3.980,3.603,3.401,3.606,2.387,2.672,2.550,2.818,4.072,3.350,3.543,3.929,3.528,2.950,2.900,3.198,3.571,2.919,2.168,3.063,3.025,3.068,3.318,1.910,2.988,4.035,4.250,3.494,5.292,4.144,5.311,4.658,5.047,6.108,3.453,5.633,4.998,5.697,4.375,4.482,4.860,4.106,4.376,4.641,4.632,6.307,6.488,4.029,5.147,3.969,6.211,4.071,4.992,4.811,5.103,5.544,6.092,4.854,4.119,4.493,5.818,4.914,4.598,3.873,4.818,5.034,4.669,4.144,5.274,5.165,4.667,4.220,4.458,4.672,4.106,5.333,3.945,3.987
0,0.374,0.300,0.316,0.510,0.447,0.970,0.500,0.361,0.700,0.346,0.707,1.435,0.837,0.387,1.054,0.686,0.671,0.624,0.600,0.600,0.755,0.447,0.490,0.469,0.346,0.500,0.458,0.574,0.975,1.136,0.346,0,0.592,0.346,0.640,0.374,0.332,1.039,0.608,0.640,0.949,0.361,0.728,0.447,0.656,0.224,0.490,0.361,0.742,1.131,4.206,3.813,4.359,3.180,3.957,3.571,3.989,2.387,3.927,3.003,2.715,3.397,3.237,3.872,2.724,3.818,3.603,3.153,3.876,2.992,4.041,3.228,4.190,3.824,3.587,3.779,2.604,2.909,2.789,3.030,4.292,3.575,3.727,4.104,3.735,3.165,3.129,3.442,3.775,3.137,2.421,3.289,3.245,3.285,3.514,2.133,3.205,4.219,4.429,3.697,5.480,4.358,5.491,4.868,5.239,6.290,3.693,5.827,5.206,5.857,4.550,4.681,5.038,4.320,4.566,4.815,4.831,6.473,6.675,4.258,5.317,4.177,6.398,4.265,5.173,5.009,5.292,5.729,6.249,5.048,4.330,4.730,5.979,5.092,4.798,4.069,4.987,5.206,4.821,4.358,5.453,5.333,4.831,4.417,4.640,4.851,4.315,5.517,4.138,4.183
0,0.412,0.787,0.854,1.005,0.520,0.608,0.917,0.548,1.257,0.755,0.300,0.964,0.458,0.424,0.548,0.548,0.424,0.529,0.954,0.671,0.927,0.768,0.624,0.361,0.332,0.906,0.860,0.316,0.707,0.707,0.755,0.592,0,0.755,1.208,0.458,0.510,1.565,1.140,0.707,0.806,0.872,0.583,0.954,0.346,0.548,0.768,0.872,1.319,0.592,3.917,3.582,4.095,3.153,3.751,3.461,3.768,2.492,3.697,2.988,2.825,3.242,3.142,3.704,2.621,3.557,3.491,3.035,3.756,2.929,3.881,3.058,4.036,3.662,3.373,3.537,2.516,2.876,2.759,2.914,4.158,3.491,3.530,3.854,3.592,3.051,3.082,3.379,3.597,3.032,2.516,3.205,3.114,3.165,3.326,2.205,3.095,3.984,4.199,3.541,5.297,4.250,5.252,4.696,5.050,6.030,3.722,5.582,5.025,5.588,4.332,4.510,4.816,4.239,4.456,4.616,4.631,6.172,6.436,4.162,5.081,4.087,6.142,4.099,4.945,4.837,5.035,5.480,5.925,4.877,4.155,4.593,5.704,4.897,4.601,3.913,4.748,4.993,4.579,4.250,5.230,5.112,4.616,4.268,4.438,4.660,4.173,5.256,3.974,4.016
0,0.469,0.173,0.316,0.316,0.529,1.010,0.480,0.332,0.557,0.000,0.787,1.556,1.010,0.500,1.100,0.755,0.624,0.700,0.775,0.529,0.520,0.200,0.447,0.510,0.447,0.265,0.173,0.656,1.044,1.261,0.000,0.346,0.755,0,0.557,0.374,0.500,0.938,0.557,0.656,0.883,0.265,0.742,0.346,0.728,0.265,0.346,0.173,0.728,1.311,4.044,3.636,4.186,2.948,3.771,3.342,3.807,2.131,3.739,2.775,2.456,3.203,3.013,3.662,2.526,3.652,3.385,2.922,3.669,2.759,3.846,3.036,3.980,3.603,3.401,3.606,2.387,2.672,2.550,2.818,4.072,3.350,3.543,3.929,3.528,2.950,2.900,3.198,3.571,2.919,2.168,3.063,3.025,3.068,3.318,1.910,2.988,4.035,4.250,3.494,5.292,4.144,5.311,4.658,5.047,6.108,3.453,5.633,4.998,5.697,4.375,4.482,4.860,4.106,4.376,4.641,4.632,6.307,6.488,4.029,5.147,3.969,6.211,4.071,4.992,4.811,5.103,5.544,6.092,4.854,4.119,4.493,5.818,4.914,4.598,3.873,4.818,5.034,4.669,4.144,5.274,5.165,4.667,4.220,4.458,4.672,4.106,5.333,3.945,3.987
0,0.866,0.510,0.361,0.300,0.854,1.418,0.469,0.748,0.141,0.557,1.237,1.931,1.360,0.872,1.581,1.086,1.149,1.030,0.700,0.911,0.825,0.671,0.806,0.964,0.900,0.469,0.510,1.114,1.378,1.631,0.557,0.640,1.208,0.557,0,0.831,0.787,0.714,0.200,0.927,1.237,0.424,1.105,0.300,1.158,0.678,0.640,0.424,0.245,1.723,4.450,3.996,4.573,3.194,4.127,3.630,4.150,2.291,4.117,2.988,2.615,3.514,3.336,3.987,2.820,4.044,3.657,3.245,3.976,3.043,4.135,3.381,4.302,3.936,3.771,3.986,2.707,2.938,2.823,3.132,4.365,3.596,3.863,4.307,3.863,3.239,3.156,3.461,3.901,3.226,2.343,3.339,3.332,3.365,3.669,2.107,3.283,4.415,4.608,3.808,5.575,4.402,5.662,4.967,5.354,6.476,3.604,5.998,5.324,6.044,4.704,4.794,5.197,4.344,4.613,4.945,4.961,6.685,6.843,4.310,5.483,4.205,6.583,4.384,5.324,5.113,5.482,5.914,6.492,5.151,4.447,4.794,6.192,5.206,4.920,4.168,5.165,5.351,5.011,4.402,5.601,5.480,4.991,4.521,4.781,4.962,4.387,5.704,4.253,4.291
0,0.141,0.458,0.490,0.583,0.245,0.648,0.520,0.100,0.866,0.374,0.424,1.183,0.648,0.173,0.755,0.412,0.361,0.361,0.735,0.374,0.500,0.424,0.245,0.141,0.141,0.458,0.436,0.361,0.714,0.900,0.374,0.374,0.458,0.374,0.831,0,0.265,1.273,0.755,0.436,0.600,0.520,0.412,0.548,0.361,0.173,0.316,0.520,0.985,0.970,3.915,3.524,4.072,2.972,3.691,3.306,3.695,2.218,3.650,2.775,2.571,3.127,3.023,3.596,2.474,3.536,3.332,2.895,3.652,2.762,3.759,2.970,3.937,3.550,3.315,3.501,2.375,2.694,2.577,2.782,4.027,3.308,3.431,3.818,3.503,2.895,2.903,3.195,3.494,2.895,2.258,3.040,2.968,3.018,3.242,1.967,2.948,3.947,4.150,3.428,5.195,4.102,5.209,4.589,4.961,6.002,3.479,5.540,4.942,5.559,4.266,4.417,4.760,4.082,4.319,4.537,4.548,6.161,6.401,4.024,5.033,3.926,6.116,4.006,4.881,4.740,5.002,5.450,5.937,4.781,4.056,4.460,5.700,4.805,4.510,3.797,4.706,4.930,4.550,4.102,5.167,5.050,4.563,4.170,4.365,4.564,4.040,5.221,3.876,3.909
0,0.173,0.529,0.436,0.608,0.173,0.700,0.424,0.245,0.860,0.500,0.500,1.162,0.574,0.141,0.860,0.374,0.583,0.316,0.520,0.500,0.648,0.592,0.332,0.300,0.265,0.529,0.548,0.469,0.693,0.872,0.500,0.332,0.510,0.500,0.787,0.265,0,1.300,0.678,0.424,0.686,0.548,0.447,0.520,0.424,0.245,0.387,0.583,0.906,0.954,4.106,3.705,4.263,3.159,3.882,3.496,3.870,2.390,3.848,2.941,2.753,3.303,3.236,3.787,2.648,3.724,3.506,3.100,3.848,2.960,3.924,3.161,4.134,3.751,3.510,3.692,2.575,2.890,2.777,2.975,4.215,3.477,3.597,4.006,3.707,3.074,3.089,3.388,3.682,3.090,2.435,3.226,3.156,3.203,3.435,2.131,3.134,4.146,4.335,3.611,5.354,4.276,5.391,4.774,5.134,6.192,3.635,5.736,5.137,5.721,4.435,4.600,4.937,4.251,4.470,4.696,4.732,6.336,6.592,4.221,5.202,4.087,6.311,4.188,5.053,4.917,5.199,5.644,6.116,4.955,4.250,4.660,5.880,4.960,4.691,3.969,4.881,5.094,4.713,4.276,5.338,5.209,4.728,4.352,4.539,4.718,4.213,5.410,4.053,4.083
0,1.349,0.819,0.927,0.837,1.400,1.881,1.109,1.229,0.624,0.938,1.679,2.429,1.838,1.345,1.962,1.628,1.480,1.539,1.342,1.249,1.292,0.917,1.249,1.407,1.311,0.975,0.911,1.439,1.952,2.152,0.938,1.039,1.565,0.938,0.714,1.273,1.300,0,0.911,1.367,1.726,0.768,1.646,0.917,1.628,1.127,1.183,0.794,0.781,2.145,4.453,4.012,4.561,3.048,4.072,3.596,4.182,2.159,4.082,2.936,2.381,3.507,3.169,3.961,2.804,4.037,3.658,3.191,3.818,2.941,4.156,3.332,4.205,3.896,3.738,3.965,2.619,2.811,2.694,3.069,4.306,3.603,3.923,4.299,3.722,3.247,3.055,3.393,3.892,3.143,2.177,3.283,3.339,3.348,3.640,1.982,3.245,4.359,4.580,3.780,5.583,4.342,5.626,4.934,5.324,6.437,3.521,5.954,5.233,6.071,4.705,4.725,5.163,4.250,4.560,4.942,4.938,6.728,6.759,4.170,5.471,4.161,6.522,4.314,5.333,5.059,5.452,5.853,6.535,5.095,4.401,4.728,6.146,5.230,4.913,4.152,5.143,5.327,4.984,4.342,5.591,5.481,4.954,4.419,4.753,4.991,4.375,5.696,4.200,4.273
0,0.768,0.548,0.300,0.300,0.728,1.300,0.316,0.663,0.316,0.557,1.136,1.792,1.237,0.775,1.490,0.949,1.095,0.906,0.539,0.866,0.748,0.700,0.728,0.877,0.831,0.424,0.510,1.058,1.225,1.490,0.557,0.608,1.140,0.557,0.200,0.755,0.678,0.911,0,0.837,1.118,0.469,0.970,0.224,1.049,0.616,0.539,0.469,0.316,1.616,4.445,3.991,4.573,3.243,4.141,3.647,4.140,2.352,4.127,3.015,2.698,3.520,3.390,3.997,2.834,4.044,3.662,3.270,4.021,3.082,4.130,3.399,4.330,3.951,3.782,3.991,2.744,2.985,2.872,3.158,4.383,3.601,3.847,4.307,3.904,3.245,3.194,3.490,3.906,3.257,2.410,3.363,3.338,3.376,3.680,2.163,3.302,4.428,4.612,3.818,5.568,4.420,5.666,4.975,5.357,6.479,3.637,6.005,5.347,6.027,4.700,4.810,5.201,4.371,4.626,4.941,4.965,6.664,6.857,4.352,5.479,4.219,6.592,4.402,5.317,5.124,5.485,5.924,6.470,5.162,4.461,4.815,6.195,5.194,4.920,4.173,5.165,5.351,5.011,4.420,5.597,5.473,4.995,4.548,4.785,4.950,4.392,5.700,4.267,4.295
0,0.458,0.678,0.656,0.700,0.458,0.608,0.548,0.424,0.959,0.656,0.608,1.162,0.671,0.374,0.825,0.447,0.583,0.316,0.831,0.265,0.548,0.640,0.224,0.458,0.500,0.583,0.600,0.469,0.812,0.970,0.656,0.640,0.707,0.656,0.927,0.436,0.424,1.367,0.837,0,0.480,0.648,0.510,0.671,0.548,0.490,0.458,0.762,1.114,1.100,3.787,3.357,3.933,2.818,3.543,3.143,3.513,2.066,3.523,2.571,2.454,2.938,2.934,3.438,2.283,3.396,3.135,2.773,3.514,2.627,3.547,2.820,3.793,3.416,3.178,3.360,2.252,2.559,2.456,2.632,3.859,3.103,3.228,3.670,3.385,2.711,2.739,3.043,3.332,2.751,2.119,2.872,2.804,2.846,3.095,1.794,2.778,3.822,3.989,3.253,4.970,3.901,5.040,4.415,4.764,5.853,3.260,5.402,4.793,5.358,4.068,4.240,4.577,3.874,4.077,4.316,4.376,5.996,6.251,3.881,4.837,3.701,5.979,3.829,4.689,4.550,4.871,5.309,5.788,4.584,3.904,4.320,5.539,4.576,4.332,3.596,4.523,4.721,4.349,3.901,4.971,4.832,4.358,3.992,4.174,4.334,3.841,5.072,3.689,3.713
0,0.616,0.985,0.959,0.970,0.583,0.374,0.819,0.608,1.261,0.883,0.548,0.938,0.678,0.592,0.640,0.412,0.574,0.412,1.068,0.548,0.539,0.883,0.510,0.548,0.678,0.806,0.843,0.640,0.592,0.781,0.883,0.949,0.806,0.883,1.237,0.600,0.686,1.726,1.118,0.480,0,0.995,0.361,0.949,0.500,0.742,0.616,1.034,1.418,1.030,3.579,3.165,3.734,2.762,3.385,2.988,3.312,2.078,3.341,2.494,2.484,2.789,2.853,3.263,2.182,3.209,2.977,2.627,3.426,2.536,3.372,2.687,3.652,3.237,3.012,3.184,2.173,2.494,2.392,2.518,3.701,2.950,3.028,3.479,3.279,2.557,2.659,2.914,3.151,2.642,2.140,2.750,2.632,2.696,2.931,1.841,2.648,3.647,3.808,3.097,4.786,3.767,4.851,4.231,4.588,5.645,3.191,5.193,4.628,5.148,3.888,4.088,4.402,3.771,3.966,4.150,4.186,5.748,6.067,3.767,4.653,3.579,5.776,3.689,4.488,4.390,4.658,5.117,5.536,4.429,3.727,4.139,5.353,4.392,4.135,3.438,4.344,4.554,4.193,3.767,4.781,4.654,4.207,3.872,4.006,4.151,3.672,4.852,3.547,3.550
0,0.592,0.141,0.265,0.265,0.640,1.127,0.447,0.469,0.424,0.265,0.933,1.670,1.091,0.583,1.241,0.860,0.787,0.775,0.755,0.557,0.648,0.300,0.500,0.656,0.574,0.316,0.245,0.735,1.192,1.393,0.265,0.361,0.872,0.265,0.424,0.520,0.548,0.768,0.469,0.648,0.995,0,0.883,0.300,0.872,0.374,0.458,0.200,0.616,1.432,4.121,3.695,4.256,2.956,3.822,3.385,3.863,2.114,3.807,2.777,2.437,3.239,3.055,3.715,2.548,3.719,3.419,2.978,3.695,2.789,3.881,3.081,4.024,3.665,3.461,3.667,2.423,2.693,2.575,2.855,4.112,3.378,3.592,3.994,3.569,2.988,2.915,3.234,3.625,2.955,2.152,3.094,3.076,3.108,3.373,1.881,3.023,4.100,4.305,3.536,5.324,4.164,5.365,4.706,5.085,6.174,3.439,5.703,5.047,5.749,4.417,4.519,4.904,4.112,4.375,4.670,4.685,6.384,6.544,4.060,5.190,3.977,6.279,4.104,5.043,4.846,5.178,5.608,6.176,4.884,4.174,4.550,5.874,4.946,4.651,3.905,4.864,5.067,4.702,4.164,5.319,5.199,4.696,4.245,4.497,4.703,4.141,5.405,3.976,4.024
0,0.361,0.849,0.781,0.866,0.300,0.387,0.678,0.424,1.158,0.742,0.332,0.877,0.480,0.374,0.616,0.141,0.510,0.245,0.806,0.592,0.583,0.806,0.458,0.332,0.458,0.721,0.762,0.548,0.346,0.600,0.742,0.728,0.583,0.742,1.105,0.412,0.447,1.646,0.970,0.510,0.361,0.883,0,0.806,0.245,0.548,0.500,0.883,1.241,0.831,3.876,3.486,4.039,3.063,3.695,3.314,3.641,2.352,3.643,2.820,2.739,3.119,3.126,3.586,2.504,3.511,3.315,2.931,3.724,2.835,3.715,2.995,3.964,3.551,3.317,3.489,2.460,2.787,2.678,2.827,4.029,3.291,3.367,3.788,3.569,2.890,2.970,3.231,3.476,2.948,2.406,3.071,2.960,3.023,3.243,2.112,2.970,3.946,4.124,3.423,5.132,4.104,5.171,4.562,4.923,5.958,3.520,5.505,4.945,5.476,4.220,4.414,4.728,4.105,4.310,4.489,4.513,6.064,6.380,4.077,4.982,3.922,6.084,4.012,4.820,4.722,4.965,5.425,5.841,4.763,4.047,4.459,5.662,4.737,4.467,3.775,4.667,4.888,4.516,4.104,5.114,4.991,4.535,4.193,4.336,4.497,4.011,5.166,3.874,3.885
0,0.583,0.361,0.141,0.141,0.566,1.122,0.224,0.458,0.361,0.346,0.949,1.643,1.086,0.592,1.292,0.794,0.877,0.742,0.566,0.663,0.574,0.490,0.529,0.678,0.632,0.224,0.300,0.854,1.091,1.345,0.346,0.447,0.954,0.346,0.300,0.548,0.520,0.917,0.224,0.671,0.949,0.300,0.806,0,0.866,0.412,0.346,0.300,0.480,1.456,4.253,3.813,4.386,3.097,3.962,3.491,3.969,2.232,3.942,2.881,2.579,3.356,3.219,3.830,2.672,3.855,3.513,3.102,3.855,2.924,3.976,3.222,4.162,3.782,3.599,3.805,2.573,2.832,2.717,2.990,4.226,3.461,3.684,4.123,3.730,3.089,3.045,3.342,3.738,3.092,2.285,3.209,3.176,3.217,3.503,2.027,3.142,4.243,4.434,3.654,5.418,4.274,5.491,4.815,5.197,6.300,3.527,5.827,5.179,5.857,4.532,4.647,5.030,4.231,4.487,4.781,4.798,6.485,6.681,4.196,5.309,4.080,6.411,4.237,5.150,4.965,5.303,5.743,6.284,5.004,4.293,4.657,6.012,5.041,4.756,4.015,4.991,5.187,4.837,4.274,5.431,5.310,4.827,4.385,4.618,4.797,4.240,5.521,4.104,4.135
