Head,Tail,Difference
0,0,0
0,1,-3.1001
0,2,-2.13959
0,3,-0.02022
0,4,-3.82062
0,5,-4.65026
0,6,-0.858417
0,7,-3.774
0,8,-0.696957
0,9,0
0,10,-10.3938
0,11,-0.454746
0,12,0
0,13,-1.56048
0,14,-13.2342
0,15,-2.34276
0,16,0
0,17,-3.14465
0,18,0
0,19,-5.89085
0,20,-0.66538
0,21,-1.10276
0,22,-3.91932
0,23,-5.59482
1,0,-3.1001
1,1,0
1,2,-4.81067
1,3,-4.48701
1,4,-0.413439
1,5,-1.76505
1,6,-8.66041
1,7,-8.5511
1,8,-6.19219
1,9,2.19087
1,10,-11.3988
1,11,-5.13068
1,12,-2.33822
1,13,-0.691583
1,14,-18.7266
1,15,-0.667928
1,16,-3.27648
1,17,-2.36906
1,18,-4.53823
1,19,-16.0286
1,20,-1.56146
1,21,-13.0204
1,22,-1.055
1,23,-7.04107
2,0,-2.13959
2,1,-4.81067
2,2,0
2,3,-4.38779
2,4,-6.46769
2,5,-4.50226
2,6,-2.12176
2,7,-10.6725
2,8,-3.32215
2,9,-5.96044
2,10,-10.9625
2,11,-5.59773
2,12,-1.71607
2,13,-1.43198
2,14,-12.5891
2,15,-0.923738
2,16,-3.64886
2,17,-1.48386
2,18,-3.62216
2,19,-3.6231
2,20,-5.61324
2,21,-1.03142
2,22,-3.0008
2,23,-4.8397
3,0,-0.02022
3,1,-4.48701
3,2,-4.38779
3,3,0
3,4,-5.72234
3,5,-6.62437
3,6,-1.55246
3,7,-8.45932
3,8,-1.56583
3,9,-2.26611
3,10,-14.0463
3,11,-2.37491
3,12,-0.0163522
3,13,-1.66449
3,14,-17.6195
3,15,-3.90664
3,16,-0.08224
3,17,-5.64492
3,18,-0.797919
3,19,-8.28009
3,20,-2.35999
3,21,-1.63131
3,22,-5.93888
3,23,-8.82095
4,0,-3.82062
4,1,-0.413439
4,2,-6.46769
4,3,-5.72234
4,4,0
4,5,-0.35877
4,6,-12.581
4,7,-10.646
4,8,-8.57139
4,9,-1.56923
4,10,-14.1014
4,11,-6.63119
4,12,-3.04621
4,13,-1.08505
4,14,-25.4593
4,15,-1.05577
4,16,-4.02139
4,17,-2.76198
4,18,-5.30556
4,19,-25.1479
4,20,-8.01719
4,21,-20.5561
4,22,-0.743749
4,23,-8.25816
5,0,-4.65026
5,1,-1.76505
5,2,-4.50226
5,3,-6.62437
5,4,-0.35877
5,5,0
5,6,-8.18605
5,7,-10.3895
5,8,-6.854
5,9,0.0281553
5,10,-6.26142
5,11,-7.07267
5,12,-3.53063
5,13,-2.79085
5,14,-11.8133
5,15,-1.88488
5,16,-5.58267
5,17,-2.12241
5,18,-6.47604
5,19,-9.71517
5,20,-3.46734
5,21,-10.1532
5,22,-0.675511
5,23,-3.82954
6,0,-0.858417
6,1,-8.66041
6,2,-2.12176
6,3,-1.55246
6,4,-12.581
6,5,-8.18605
6,6,0
6,7,-11.0674
6,8,-0.116986
6,9,-12.9055
6,10,-19.0316
6,11,-3.77619
6,12,-0.728276
6,13,-1.37619
6,14,-20.9061
6,15,-1.83976
6,16,-1.46992
6,17,-3.72183
6,18,-3.94939
6,19,-7.68331
6,20,-10.0384
6,21,-0.151186
6,22,-5.70636
6,23,-10.5143
7,0,-3.774
7,1,-8.5511
7,2,-10.6725
7,3,-8.45932
7,4,-10.646
7,5,-10.3895
7,6,-11.0674
7,7,0
7,8,-9.90964
7,9,-7.56118
7,10,-20.131
7,11,-6.03855
7,12,-3.82419
7,13,-5.4409
7,14,-27.7291
7,15,-7.68381
7,16,-7.11471
7,17,-9.97289
7,18,-4.34896
7,19,-20.0821
7,20,-7.74621
7,21,-12.9143
7,22,-9.63749
7,23,-14.6078
8,0,-0.696957
8,1,-6.19219
8,2,-3.32215
8,3,-1.56583
8,4,-8.57139
8,5,-6.854
8,6,-0.116986
8,7,-9.90964
8,8,0
8,9,-7.26951
8,10,-15.3214
8,11,-3.50359
8,12,-0.574597
8,13,-1.09195
8,14,-17.6498
8,15,-1.94408
8,16,-1.37661
8,17,-4.21783
8,18,-2.61584
8,19,-6.66669
8,20,-6.11672
8,21,-0.267453
8,22,-5.26499
8,23,-8.76882
9,0,0
9,1,2.19087
9,2,-5.96044
9,3,-2.26611
9,4,-1.56923
9,5,0.0281553
9,6,-12.9055
9,7,-7.56118
9,8,-7.26951
9,9,0
9,10,-22.0533
9,11,-3.24323
9,12,0
9,13,2.81128
9,14,-40.0765
9,15,1.53651
9,16,0
9,17,-1.76107
9,18,-0.123245
9,19,-36.3194
9,20,0.691851
9,21,-24.8331
9,22,0.38751
9,23,-10.8039
10,0,-10.3938
10,1,-11.3988
10,2,-10.9625
10,3,-14.0463
10,4,-14.1014
10,5,-6.26142
10,6,-19.0316
10,7,-20.131
10,8,-15.3214
10,9,-22.0533
10,10,0
10,11,-15.2195
10,12,-8.6973
10,13,-8.61285
10,14,-10.5243
10,15,-7.54555
10,16,-12.2757
10,17,-7.26881
10,18,-14.3066
10,19,-21.3356
10,20,-20.4434
10,21,-26.7899
10,22,-6.25213
10,23,-6.4442
11,0,-0.454746
11,1,-5.13068
11,2,-5.59773
11,3,-2.37491
11,4,-6.63119
11,5,-7.07267
11,6,-3.77619
11,7,-6.03855
11,8,-3.50359
11,9,-3.24323
11,10,-15.2195
11,11,0
11,12,-0.409516
11,13,-2.23816
11,14,-20.0584
11,15,-4.27597
11,16,-1.51609
11,17,-6.14553
11,18,-1.2564
11,19,-11.238
11,20,-3.45666
11,21,-4.24882
11,22,-6.31753
11,23,-9.89204
12,0,0
12,1,-2.33822
12,2,-1.71607
12,3,-0.0163522
12,4,-3.04621
12,5,-3.53063
12,6,-0.728276
12,7,-3.82419
12,8,-0.574597
12,9,0
12,10,-8.6973
12,11,-0.409516
12,12,0
12,13,-0.95333
12,14,-11.5818
12,15,-1.66512
12,16,0
12,17,-2.40149
12,18,0
12,19,-5.20661
12,20,-0.516218
12,21,-0.968763
12,22,-2.92427
12,23,-4.5554
13,0,-1.56048
13,1,-0.691583
13,2,-1.43198
13,3,-1.66449
13,4,-1.08505
13,5,-2.79085
13,6,-1.37619
13,7,-5.4409
13,8,-1.09195
13,9,2.81128
13,10,-8.61285
13,11,-2.23816
13,12,-0.95333
13,13,0
13,14,-12.106
13,15,-0.941509
13,16,-1.76389
13,17,-1.87501
13,18,0.348687
13,19,-5.59354
13,20,1.47202
13,21,-1.90606
13,22,-2.32899
13,23,-4.34632
14,0,-13.2342
14,1,-18.7266
14,2,-12.5891
14,3,-17.6195
14,4,-25.4593
14,5,-11.8133
14,6,-20.9061
14,7,-27.7291
14,8,-17.6498
14,9,-40.0765
14,10,-10.5243
14,11,-20.0584
14,12,-11.5818
14,13,-12.106
14,14,0
14,15,-10.807
14,16,-15.998
14,17,-10.0032
14,18,-18.9769
14,19,-21.9532
14,20,-30.0224
14,21,-29.9822
14,22,-10.4284
14,23,-7.64215
15,0,-2.34276
15,1,-0.667928
15,2,-0.923738
15,3,-3.90664
15,4,-1.05577
15,5,-1.88488
15,6,-1.83976
15,7,-7.68381
15,8,-1.94408
15,9,1.53651
15,10,-7.54555
15,11,-4.27597
15,12,-1.66512
15,13,-0.941509
15,14,-10.807
15,15,0
15,16,-3.60046
15,17,-0.862315
15,18,-1.8025
15,19,-4.51849
15,20,0.212474
15,21,-2.01422
15,22,-1.34281
15,23,-3.2262
16,0,0
16,1,-3.27648
16,2,-3.64886
16,3,-0.08224
16,4,-4.02139
16,5,-5.58267
16,6,-1.46992
16,7,-7.11471
16,8,-1.37661
16,9,0
16,10,-12.2757
16,11,-1.51609
16,12,0
16,13,-1.76389
16,14,-15.998
16,15,-3.60046
16,16,0
16,17,-4.80128
16,18,0
16,19,-7.67334
16,20,-0.660658
16,21,-1.62776
16,22,-5.10353
16,23,-7.61839
17,0,-3.14465
17,1,-2.36906
17,2,-1.48386
17,3,-5.64492
17,4,-2.76198
17,5,-2.12241
17,6,-3.72183
17,7,-9.97289
17,8,-4.21783
17,9,-1.76107
17,10,-7.26881
17,11,-6.14553
17,12,-2.40149
17,13,-1.87501
17,14,-10.0032
17,15,-0.862315
17,16,-4.80128
17,17,0
17,18,-3.93465
17,19,-3.94622
17,20,-2.91943
17,21,-3.21503
17,22,-1.24064
17,23,-2.39345
18,0,0
18,1,-4.53823
18,2,-3.62216
18,3,-0.797919
18,4,-5.30556
18,5,-6.47604
18,6,-3.94939
18,7,-4.34896
18,8,-2.61584
18,9,-0.123245
18,10,-14.3066
18,11,-1.2564
18,12,0
18,13,0.348687
18,14,-18.9769
18,15,-1.8025
18,16,0
18,17,-3.93465
18,18,0
18,19,-11.8412
18,20,-1.12727
18,21,-6.19856
18,22,-5.01853
18,23,-8.22705
19,0,-5.89085
19,1,-16.0286
19,2,-3.6231
19,3,-8.28009
19,4,-25.1479
19,5,-9.71517
19,6,-7.68331
19,7,-20.0821
19,8,-6.66669
19,9,-36.3194
19,10,-21.3356
19,11,-11.238
19,12,-5.20661
19,13,-5.59354
19,14,-21.9532
19,15,-4.51849
19,16,-7.67334
19,17,-3.94622
19,18,-11.8412
19,19,0
19,20,-25.2765
19,21,-11.863
19,22,-6.44764
19,23,-4.54298
20,0,-0.66538
20,1,-1.56146
20,2,-5.61324
20,3,-2.35999
20,4,-8.01719
20,5,-3.46734
20,6,-10.0384
20,7,-7.74621
20,8,-6.11672
20,9,0.691851
20,10,-20.4434
20,11,-3.45666
20,12,-0.516218
20,13,1.47202
20,14,-30.0224
20,15,0.212474
20,16,-0.660658
20,17,-2.91943
20,18,-1.12727
20,19,-25.2765
20,20,0
20,21,-17.5196
20,22,-1.84135
20,23,-11.0079
21,0,-1.10276
21,1,-13.0204
21,2,-1.03142
21,3,-1.63131
21,4,-20.5561
21,5,-10.1532
21,6,-0.151186
21,7,-12.9143
21,8,-0.267453
21,9,-24.8331
21,10,-26.7899
21,11,-4.24882
21,12,-0.968763
21,13,-1.90606
21,14,-29.9822
21,15,-2.01422
21,16,-1.62776
21,17,-3.21503
21,18,-6.19856
21,19,-11.863
21,20,-17.5196
21,21,0
21,22,-6.33909
21,23,-10.8847
22,0,-3.91932
22,1,-1.055
22,2,-3.0008
22,3,-5.93888
22,4,-0.743749
22,5,-0.675511
22,6,-5.70636
22,7,-9.63749
22,8,-5.26499
22,9,0.38751
22,10,-6.25213
22,11,-6.31753
22,12,-2.92427
22,13,-2.32899
22,14,-10.4284
22,15,-1.34281
22,16,-5.10353
22,17,-1.24064
22,18,-5.01853
22,19,-6.44764
22,20,-1.84135
22,21,-6.33909
22,22,0
22,23,-2.71851
23,0,-5.59482
23,1,-7.04107
23,2,-4.8397
23,3,-8.82095
23,4,-8.25816
23,5,-3.82954
23,6,-10.5143
23,7,-14.6078
23,8,-8.76882
23,9,-10.8039
23,10,-6.4442
23,11,-9.89204
23,12,-4.5554
23,13,-4.34632
23,14,-7.64215
23,15,-3.2262
23,16,-7.61839
23,17,-2.39345
23,18,-8.22705
23,19,-4.54298
23,20,-11.0079
23,21,-10.8847
23,22,-2.71851
23,23,0
