Using	MDS Digraph

Executed in	0.662782 seconds

Intrinsic Dimensionality	2

Reordered	NO

Number of nodes	59
Number of edges	0

Is MDS Digraph directed?	YES
Is MDS Digraph connected??	NO

Randomized Coordinates
"[
87.665 -57.471 -48.524 -93.646 19.407 -48.981 77.444 -8.558 -103.884 -62.183 50.241 29.777 48.270 -26.681 107.257 -5.586 -33.261 88.727 27.522 11.052 100.654 -61.859 -43.180 51.595 -99.980 72.553 -128.821 60.798 81.101 30.679 -31.769 49.594 19.270 33.113 36.098 -22.879 -52.497 -101.106 22.041 -46.814 -43.419 -49.974 46.337 10.703 3.138 49.881 -52.235 -30.428 -43.080 52.972 73.899 -128.049 32.178 -15.645 61.308 -70.656 69.423 26.546 -20.494 
19.852 5.333 -28.971 23.916 -15.526 -34.168 -55.729 -8.353 53.620 35.780 -12.789 -41.106 -30.829 18.392 -2.376 -34.086 -40.514 52.886 41.235 -23.309 32.894 -13.975 -42.856 35.333 12.379 54.404 53.676 -15.801 -2.968 12.337 -60.747 20.473 -9.242 35.524 45.979 -40.559 51.672 23.084 40.664 -19.297 -39.881 -41.168 34.968 -14.009 14.004 32.807 -31.040 -26.963 -24.396 40.202 33.150 63.555 -25.186 -4.369 -46.991 -1.191 -18.346 -59.940 -21.471 
]"

C Cloned
"[
-16164.937 9910.555 9748.013 15330.182 -2757.530 9954.640 -11424.038 1791.386 16264.758 9572.267 -8363.038 -3610.598 -7261.242 3869.216 -18771.394 2393.877 7393.657 -17744.682 -6440.852 -991.614 -18996.106 11305.640 9235.114 -10471.547 17110.097 -14946.360 20394.250 -10094.937 -14105.275 -5922.903 7948.826 -9513.259 -3046.581 -7176.530 -8134.309 5627.419 7237.691 16880.301 -5445.648 8944.962 9176.233 10519.504 -9506.767 -1324.292 -1048.242 -10041.394 10425.911 6400.979 8512.725 -10908.445 -14280.547 19866.199 -4706.970 2904.979 -8874.750 12519.894 -11480.767 -2188.784 4505.063 
9910.555 -6645.953 -5292.496 -11071.326 2472.962 -5294.869 9463.453 -848.123 -12511.750 -7569.242 5876.453 3893.894 5946.250 -3278.292 12372.097 -285.631 -3367.852 9706.809 2686.640 1499.877 11360.386 -6943.869 -4530.394 5535.945 -11625.411 7765.131 -15411.259 7128.555 9399.216 3331.589 -2986.682 5466.233 2320.911 3358.962 3665.182 -2240.089 -6622.818 -11872.208 2121.843 -5166.547 -4591.275 -5313.004 4980.725 1420.199 207.250 5439.097 -5646.598 -3204.530 -4682.784 5707.047 8073.945 -15493.309 4036.521 -1722.530 7600.741 -8124.614 8155.725 3605.708 -2166.445 
9748.013 -5292.496 -6389.038 -7781.869 962.419 -6741.411 4328.911 -1295.665 -6872.292 -3984.784 4123.911 462.352 2939.708 -1534.835 10239.555 -2533.174 -5582.394 11719.267 5167.097 -247.665 11811.843 -6815.411 -6676.937 7056.402 -8989.953 10181.589 -9453.801 4957.013 7630.674 3637.047 -6603.225 6030.691 1406.369 5278.419 6158.640 -4576.631 -2049.360 -8476.750 4482.301 -5667.089 -6527.818 -7249.547 6441.182 228.657 1103.708 6702.555 -6871.140 -4516.072 -5594.326 7508.504 9015.402 -8761.852 1700.979 -1762.072 3150.199 -6967.157 5804.182 -940.835 -3221.987 
15330.182 -11071.326 -7781.869 -18696.699 4447.589 -7591.242 17255.080 -1193.496 -22065.123 -13405.614 10171.080 7667.521 10480.877 -5903.665 20330.725 488.996 -4353.225 14190.436 3081.267 3223.504 17439.013 -10968.242 -5999.767 8057.572 -19330.784 10979.758 -26716.631 12303.182 15381.843 5187.216 -3028.055 8225.860 4135.538 4437.589 4396.809 -2298.462 -12363.191 -20057.581 2216.470 -7951.920 -6264.648 -7463.377 6891.352 2674.826 -130.123 7828.725 -8279.970 -4432.903 -6897.157 8129.674 12316.572 -27095.682 7211.148 -2707.903 13575.369 -13189.987 14050.352 7953.335 -2820.818 
-2757.530 2472.962 962.419 4447.589 -1208.123 865.047 -4821.631 110.792 5599.165 3465.674 -2324.631 -2459.191 -2854.835 1600.623 -4212.987 -830.716 11.063 -1881.275 190.555 -1136.208 -3005.699 1936.047 312.521 -914.140 4373.504 -1092.953 6807.657 -2871.530 -3233.869 -793.496 -684.767 -1269.852 -1008.174 -138.123 76.097 -369.174 3584.097 4766.708 407.758 1179.369 407.640 672.911 -715.360 -820.886 294.165 -913.987 1032.318 351.386 916.131 -805.038 -1834.140 6833.606 -2013.564 516.386 -3876.343 2679.301 -3266.360 -2886.377 127.470 
9954.640 -5294.869 -6741.411 -7591.242 865.047 -7143.784 3694.538 -1394.038 -6433.665 -3677.157 4150.538 84.979 2562.335 -1367.208 10498.182 -2910.547 -6031.767 12310.894 5422.725 -504.038 12086.470 -7016.784 -7179.309 7402.030 -8962.326 10996.216 -8895.174 4800.640 7785.301 3802.674 -7315.598 6322.318 1316.996 5749.047 6701.267 -5009.004 -1591.733 -8401.123 4912.928 -5919.462 -6985.191 -7721.920 6991.809 99.284 1278.335 7030.182 -7248.513 -4817.445 -5899.699 7878.131 9469.030 -8147.225 1486.606 -1884.445 2772.826 -7048.530 5665.809 -1479.208 -3479.360 
-11424.038 9463.453 4328.911 17255.080 -4821.631 3694.538 -18235.140 360.284 22148.657 13625.165 -9299.140 -9201.699 -10948.343 6222.114 -16926.496 -2909.225 677.555 -7922.784 309.047 -4294.716 -11891.208 8177.538 1816.013 -4002.648 16830.996 -5250.462 26154.148 -11217.038 -12907.377 -3318.004 -1941.275 -5431.360 -4081.682 -1259.631 -433.411 -1082.682 14027.589 18149.199 1079.250 5209.860 2289.131 3067.402 -3261.869 -3174.394 1095.657 -4027.496 4613.809 1780.877 4058.623 -3742.547 -7755.648 27075.097 -7867.072 1869.877 -14769.852 10848.792 -12835.869 -10823.886 829.962 
1791.386 -848.123 -1295.665 -1193.496 110.792 -1394.038 360.284 -252.292 -807.920 -511.411 673.284 -210.275 320.080 -146.462 1799.928 -637.801 -1275.021 2412.640 1140.470 -203.292 2325.216 -1338.038 -1432.564 1439.775 -1441.581 2249.962 -1385.428 825.386 1375.047 720.419 -1581.852 1224.063 162.741 1130.792 1358.013 -1067.259 -65.987 -1280.377 1113.674 -1177.716 -1394.445 -1516.174 1413.555 -23.970 308.080 1355.928 -1417.767 -987.699 -1130.953 1531.877 1778.775 -1256.479 144.352 -310.699 297.572 -1279.784 795.555 -589.462 -705.614 
16264.758 -12511.750 -6872.292 -22065.123 5599.165 -6433.665 22148.657 -807.920 -27355.547 -16799.038 11864.657 10634.097 13323.453 -7497.089 22753.301 2558.572 -2502.648 12885.013 1291.843 4713.080 17520.589 -11457.665 -4389.191 7061.148 -22148.208 9065.335 -32537.055 14414.758 17359.419 5113.792 -157.479 8096.436 4926.114 3023.165 2506.386 -467.886 -16492.614 -23475.004 74.047 -7601.343 -4834.072 -5995.801 5762.928 3713.402 -872.547 6788.301 -7569.394 -3442.326 -6325.581 6545.250 11804.148 -33453.106 9305.725 -2901.326 17981.945 -14579.411 16503.928 11943.911 -2002.242 
9572.267 -7569.242 -3984.784 -13405.614 3465.674 -3677.157 13625.165 -511.411 -16799.038 -10292.530 7301.165 6669.606 8219.962 -4669.581 13599.809 1766.080 -1171.140 7271.521 499.352 3036.589 10185.097 -6667.157 -2292.682 3939.657 -13361.699 5116.843 -19869.547 8594.267 10455.928 2980.301 350.030 4747.945 3062.623 1535.674 1238.894 83.623 -10238.106 -14223.496 -214.445 -4469.835 -2539.564 -3261.292 3157.436 2299.911 -576.038 3838.809 -4214.886 -1891.818 -3626.072 3652.758 6790.657 -20556.598 5732.233 -1673.818 11078.453 -8699.903 9855.436 7707.419 -973.733 
-8363.038 5876.453 4123.911 10171.080 -2324.631 4150.538 -9299.140 673.284 11864.657 7301.165 -5363.140 -4040.699 -5632.343 3163.114 -10847.496 -269.225 2313.555 -7591.784 -1654.953 -1734.716 -9295.208 5841.538 3215.013 -4287.648 10270.996 -5873.462 14315.148 -6509.038 -8256.377 -2747.004 1638.725 -4467.360 -2160.682 -2423.631 -2497.411 1236.318 6543.589 10896.199 -1205.750 4154.860 3250.131 3935.402 -3737.869 -1458.394 43.657 -4215.496 4441.809 2396.877 3705.623 -4298.547 -6639.648 14503.097 -3863.072 1425.877 -7361.852 7204.792 -7443.869 -4284.886 1490.962 
-3610.598 3893.894 462.352 7667.521 -2459.191 84.979 -9201.699 -210.275 10634.097 6669.606 -4040.699 -5168.259 -5417.903 3095.555 -6545.055 -2475.784 -1364.004 -949.343 1685.487 -2612.275 -3417.767 2610.979 -962.547 -94.208 6864.436 207.979 12156.589 -4932.598 -5086.937 -864.564 -3192.835 -1233.920 -1935.242 1001.809 1569.030 -2046.242 7376.030 7973.640 2015.691 1243.301 -732.428 -383.157 139.572 -1792.953 946.097 -214.055 612.250 -385.682 592.063 214.894 -1747.208 13064.538 -3993.631 531.318 -7536.411 4082.233 -5721.428 -6530.445 -536.598 
-7261.242 5946.250 2939.708 10480.877 -2854.835 2562.335 -10948.343 320.080 13323.453 8219.962 -5632.343 -5417.903 -6549.547 3780.911 -10579.699 -1546.428 700.352 -5311.987 -104.157 -2483.920 -7788.411 5025.335 1481.809 -2828.852 10598.792 -3586.665 15656.945 -6862.242 -8024.581 -2155.208 -754.479 -3548.564 -2418.886 -993.835 -606.614 -256.886 8209.386 11247.996 377.047 3368.657 1711.928 2327.199 -2279.072 -1891.598 630.453 -2737.699 3032.606 1320.674 2557.419 -2659.750 -5072.852 16273.894 -4651.275 1237.674 -8851.055 6856.589 -7861.072 -6286.089 617.758 
3869.216 -3278.292 -1534.835 -5903.665 1600.623 -1367.208 6222.114 -146.462 -7497.089 -4669.581 3163.114 3095.555 3780.911 -2088.631 5921.758 1017.030 -312.191 2669.470 -17.699 1438.538 4102.047 -2761.208 -655.733 1445.606 -5866.750 1958.792 -8864.598 3843.216 4456.877 1115.250 491.979 1856.894 1324.572 456.623 163.843 270.572 -4696.157 -6326.547 -359.496 -1852.886 -800.614 -1147.343 1220.386 1058.860 -335.089 1480.758 -1600.937 -664.869 -1377.123 1418.708 2800.606 -9174.648 2619.182 -667.869 5079.402 -3737.953 4402.386 3673.369 -312.784 
-18771.394 12372.097 10239.555 20330.725 -4212.987 10498.182 -16926.496 1799.928 22753.301 13599.809 -10847.496 -6545.055 -10579.699 5921.758 -23059.852 971.419 7037.199 -18852.140 -5703.309 -2579.072 -21542.564 13349.182 9098.657 -10951.004 21582.640 -15406.818 28034.792 -13174.394 -17452.733 -6535.360 6566.369 -10560.716 -4226.038 -6983.987 -7549.767 4799.962 11615.233 21811.843 -4629.106 9922.504 9017.775 10515.047 -9849.225 -2418.750 -695.699 -10599.852 11021.453 6424.521 9125.267 -11194.903 -15785.004 28043.741 -7111.428 3350.521 -13410.208 15156.436 -15011.225 -6036.242 4242.606 
2393.877 -285.631 -2533.174 488.996 -830.716 -2910.547 -2909.225 -637.801 2558.572 1766.080 -269.225 -2475.784 -1546.428 1017.030 971.419 -2375.309 -3152.530 4510.131 3081.962 -1479.801 3450.708 -1608.547 -3451.072 3002.267 -314.089 4503.453 2129.063 -375.123 677.538 1203.911 -4523.360 1866.555 -402.767 2869.284 3496.504 -3029.767 3000.504 375.114 3088.165 -1824.225 -3220.953 -3361.682 2848.047 -809.479 1022.572 2822.419 -2671.275 -2157.208 -2115.462 3411.369 3069.267 3010.013 -1409.157 -475.208 -2539.937 -856.292 -573.953 -3813.970 -1695.123 
7393.657 -3367.852 -5582.394 -4353.225 11.063 -6031.767 677.555 -1275.021 -2502.648 -1171.140 2313.555 -1364.004 700.352 -312.191 7037.199 -3152.530 -5497.750 10280.911 5200.741 -1193.021 9422.487 -5248.767 -6356.292 6337.047 -5675.309 9182.233 -4277.157 2711.657 5052.318 3050.691 -7053.581 4985.335 532.013 5109.063 6156.284 -4814.987 671.284 -4858.106 4730.945 -4696.445 -6126.174 -6691.903 5990.826 -445.699 1416.352 6013.199 -6000.496 -4198.428 -4836.682 6749.148 7592.047 -3319.208 74.623 -1397.428 299.843 -4830.513 3113.826 -3087.191 -3088.343 
-17744.682 9706.809 11719.267 14190.436 -1881.275 12310.894 -7922.784 2412.640 12885.013 7271.521 -7591.784 -949.343 -5311.987 2669.470 -18852.140 4510.131 10280.911 -21372.428 -9296.598 541.640 -21394.852 12517.894 12175.369 -12915.292 16411.352 -18663.106 17353.504 -9158.682 -14149.021 -6734.648 12165.080 -10960.004 -2477.326 -9665.275 -11293.055 8463.674 3778.945 15419.555 -8321.394 10457.216 12080.487 13338.758 -11930.513 -375.038 -2040.987 -12396.140 12517.165 8404.233 10273.979 -13668.191 -16669.292 15951.453 -3135.716 3226.233 -5846.496 12540.148 -10372.513 1647.470 5869.318 
-6440.852 2686.640 5167.097 3081.267 190.555 5422.725 309.047 1140.470 1291.843 499.352 -1654.953 1685.487 -104.157 -17.699 -5703.309 3081.962 5200.741 -9296.598 -4908.767 1381.470 -8363.021 4549.725 5938.199 -5739.462 4555.182 -8478.275 2710.335 -2046.852 -4292.191 -2702.818 6764.911 -4429.174 -293.496 -4733.445 -5789.225 4595.504 -1470.225 3687.386 -4553.564 4189.047 5732.318 6115.589 -5414.682 611.792 -1349.157 -5437.309 5516.996 3821.063 4312.809 -6255.360 -6804.462 1743.284 369.114 1266.063 594.335 3996.979 -2287.682 3439.301 2918.148 
-991.614 1499.877 -247.665 3223.504 -1136.208 -504.038 -4294.716 -203.292 4713.080 3036.589 -1734.716 -2612.275 -2483.920 1438.538 -2579.072 -1479.801 -1193.021 541.640 1381.470 -1306.292 -654.784 654.962 -996.564 477.775 2884.419 914.962 5462.572 -2101.614 -1922.953 -61.581 -2108.852 -163.937 -837.259 972.792 1407.013 -1375.259 3535.013 3229.623 1447.674 138.284 -881.445 -883.174 610.555 -869.970 600.080 411.928 -249.767 -617.699 -185.953 696.877 -156.225 5791.521 -1877.648 122.301 -3604.428 1574.216 -2451.445 -3439.462 -560.614 
-18996.106 11360.386 11811.843 17439.013 -3005.699 12086.470 -11891.208 2325.216 17520.589 10185.097 -9295.208 -3417.767 -7788.411 4102.047 -21542.564 3450.708 9422.487 -21394.852 -8363.021 -654.784 -22475.275 13302.470 11623.945 -12746.716 19414.928 -18245.530 22639.080 -11217.106 -16155.445 -6998.072 10301.657 -11408.428 -3396.750 -9091.699 -10297.479 7332.250 7062.521 18808.131 -7120.818 10838.792 11529.063 12787.335 -11681.937 -1334.462 -1627.411 -12296.564 12625.741 7852.809 10338.555 -13359.614 -17120.716 21672.030 -4803.140 3397.809 -9292.920 14389.725 -12799.937 -1383.953 5582.894 
11305.640 -6943.869 -6815.411 -10968.242 1936.047 -7016.784 8177.538 -1338.038 -11457.665 -6667.157 5841.538 2610.979 5025.335 -2761.208 13349.182 -1608.547 -5248.767 12517.894 4549.725 654.962 13302.470 -8041.784 -6572.309 7445.030 -12056.326 10547.216 -14480.174 7159.640 9829.301 4105.674 -5700.598 6793.318 2099.996 5085.047 5788.267 -3978.004 -5080.733 -11863.123 3854.928 -6337.462 -6474.191 -7378.920 6779.809 865.284 829.335 7061.182 -7352.513 -4510.445 -6028.699 7682.131 10156.030 -14068.225 3338.606 -2060.445 6386.826 -8793.530 7977.809 1671.792 -3125.360 
9235.114 -4530.394 -6676.937 -5999.767 312.521 -7179.309 1816.013 -1432.564 -4389.191 -2292.682 3215.013 -962.547 1481.809 -655.733 9098.657 -3451.072 -6356.292 12175.369 5938.199 -996.564 11623.945 -6572.309 -7414.835 7511.504 -7617.852 10860.691 -6550.699 4008.114 6854.775 3667.148 -7971.123 5961.792 893.470 6049.521 7037.741 -5473.530 -98.259 -6721.648 5404.402 -5703.987 -7175.716 -7857.445 7093.284 -284.242 1430.809 7133.657 -7175.038 -4952.970 -5832.225 7995.606 9333.504 -5662.750 556.080 -1746.970 1341.301 -6205.055 4355.284 -2830.733 -3614.886 
-10471.547 5535.945 7056.402 8057.572 -914.140 7402.030 -4002.648 1439.775 7061.148 3939.657 -4287.648 -94.208 -2828.852 1445.606 -10951.004 3002.267 6337.047 -12915.292 -5739.462 477.775 -12746.716 7445.030 7511.504 -7820.157 9347.487 -11358.970 9366.640 -5154.547 -8204.886 -4038.513 7514.216 -6559.869 -1325.191 -5929.140 -7001.920 5159.809 1699.080 8740.691 -5134.259 6286.352 7253.623 8019.894 -7245.377 -111.903 -1291.852 -7460.004 7526.301 5053.369 6185.114 -8311.055 -9985.157 8762.589 -1479.581 1925.369 -2997.360 7476.284 -5936.377 1583.606 3685.453 
17110.097 -11625.411 -8989.953 -19330.784 4373.504 -8962.326 16830.996 -1441.581 -22148.208 -13361.699 10270.996 6864.436 10598.792 -5866.750 21582.640 -314.089 -5675.309 16411.352 4555.182 2884.419 19414.928 -12056.326 -7617.852 9347.487 -20302.869 13299.674 -27135.716 12469.097 16373.758 5920.131 -4856.140 9473.775 4049.453 5730.504 6032.725 -3668.547 -11846.275 -20809.665 3349.386 -8880.004 -7699.733 -9021.462 8392.267 2546.741 266.792 9090.640 -9748.055 -5396.987 -7976.242 9758.589 13914.487 -27238.767 7227.063 -3003.987 13456.284 -14125.072 14270.267 6857.250 -3623.903 
-14946.360 7765.131 10181.589 10979.758 -1092.953 10996.216 -5250.462 2249.962 9065.335 5116.843 -5873.462 207.979 -3586.665 1958.792 -15406.818 4503.453 9182.233 -18663.106 -8478.275 914.962 -18245.530 10547.216 10860.691 -11358.970 13299.674 -16465.784 12683.826 -7140.360 -11467.699 -5841.326 11398.402 -9426.682 -1784.004 -8726.953 -10279.733 7825.996 1976.267 12337.877 -7653.072 8794.538 10789.809 11904.080 -10569.191 -66.716 -2023.665 -10830.818 10875.487 7282.555 8918.301 -12082.869 -14350.970 11716.775 -1977.394 2754.555 -3805.174 10485.470 -8066.191 2588.792 5298.640 
20394.250 -15411.259 -9453.801 -26716.631 6807.657 -8895.174 26154.148 -1385.428 -32537.055 -19869.547 14315.148 12156.589 15656.945 -8864.598 28034.792 2129.063 -4277.157 17353.504 2710.335 5462.572 22639.080 -14480.174 -6550.699 9366.640 -27135.716 12683.826 -38968.564 17371.250 21440.911 6651.284 -1688.987 10401.928 5996.606 4741.657 4324.877 -1486.394 -19124.123 -28561.513 1192.538 -9956.852 -6832.581 -8554.309 8131.419 4242.894 -631.055 9356.792 -10180.903 -5000.835 -8477.089 9213.741 15572.640 -39835.614 10891.216 -3603.835 20764.436 -18081.920 19874.419 13457.402 -2928.750 
-10094.937 7128.555 4957.013 12303.182 -2871.530 4800.640 -11217.038 825.386 14414.758 8594.267 -6509.038 -4932.598 -6862.242 3843.216 -13174.394 -375.123 2711.657 -9158.682 -2046.852 -2101.614 -11217.106 7159.640 4008.114 -5154.547 12469.097 -7140.360 17371.250 -7896.937 -9971.275 -3356.903 1955.826 -5379.259 -2624.581 -2927.530 -2875.309 1454.419 8059.691 13182.301 -1448.648 5142.962 4023.233 4848.504 -4499.767 -1746.292 85.758 -5007.394 5354.911 2869.979 4418.725 -5238.445 -7906.547 17625.199 -4713.970 1731.979 -8963.750 8477.894 -9029.767 -5119.784 1744.063 
-14105.275 9399.216 7630.674 15381.843 -3233.869 7785.301 -12907.377 1375.047 17359.419 10455.928 -8256.377 -5086.937 -8024.581 4456.877 -17452.733 677.538 5052.318 -14149.021 -4292.191 -1922.953 -16155.445 9829.301 6854.775 -8204.886 16373.758 -11467.699 21440.911 -9971.275 -13197.614 -4879.242 4825.487 -7952.598 -3194.920 -5220.869 -5658.648 3556.080 8721.352 16498.962 -3393.987 7469.623 6823.894 7971.165 -7358.106 -1855.631 -389.581 -7948.733 8204.572 4751.640 6828.386 -8423.784 -11788.886 21349.860 -5455.309 2561.640 -10271.089 11507.555 -11400.106 -4665.123 3141.725 
-5922.903 3331.589 3637.047 5187.216 -793.496 3802.674 -3318.004 720.419 5113.792 2980.301 -2747.004 -864.564 -2155.208 1115.250 -6535.360 1203.911 3050.691 -6734.648 -2702.818 -61.581 -6998.072 4105.674 3667.148 -4038.513 5920.131 -5841.326 6651.284 -3356.903 -4879.242 -2178.869 3421.860 -3564.225 -953.547 -2903.496 -3349.275 2369.453 1958.725 5576.335 -2372.614 3393.996 3714.267 4120.538 -3720.733 -298.259 -551.208 -3864.360 4053.945 2594.013 3185.758 -4290.411 -5344.513 6348.233 -1385.937 1063.013 -2576.716 4316.928 -3850.733 -212.750 1763.097 
7948.826 -2986.682 -6603.225 -3028.055 -684.767 -7315.598 -1941.275 -1581.852 -157.479 350.030 1638.725 -3192.835 -754.479 491.979 6566.369 -4523.360 -7053.581 12165.080 6764.911 -2108.852 10301.657 -5700.598 -7971.123 7514.216 -4856.140 11398.402 -1688.987 1955.826 4825.487 3421.860 -9409.411 5645.504 39.182 6408.233 8008.453 -6386.818 2875.453 -3581.937 6396.114 -5341.275 -7606.004 -8227.733 7310.996 -1033.530 1993.521 7112.369 -7101.326 -5261.259 -5709.513 8293.318 8900.216 -192.038 -1041.208 -1472.259 -1844.987 -4661.343 2232.996 -5648.021 -3892.174 
-9513.259 5466.233 6030.691 8225.860 -1269.852 6322.318 -5431.360 1224.063 8096.436 4747.945 -4467.360 -1233.920 -3548.564 1856.894 -10560.716 1866.555 4985.335 -10960.004 -4429.174 -163.937 -11408.428 6793.318 5961.792 -6559.869 9473.775 -9426.682 10401.928 -5379.259 -7952.598 -3564.225 5645.504 -5749.581 -1550.903 -4733.852 -5449.631 3984.097 3158.369 9167.979 -3842.970 5368.640 5968.911 6615.182 -6039.089 -468.614 -856.564 -6289.716 6428.589 4128.657 5285.402 -6900.767 -8704.869 10162.877 -2139.292 1776.657 -4227.072 7011.572 -6188.089 -126.106 2980.741 
-3046.581 2320.911 1406.369 4135.538 -1008.174 1316.996 -4081.682 162.741 4926.114 3062.623 -2160.682 -1935.242 -2418.886 1324.572 -4226.038 -402.767 532.013 -2477.326 -293.496 -837.259 -3396.750 2099.996 893.470 -1325.191 4049.453 -1784.004 5996.606 -2624.581 -3194.920 -953.547 39.182 -1550.903 -880.225 -574.174 -491.953 97.775 2980.047 4426.657 -64.292 1476.318 982.589 1136.860 -1199.411 -656.937 153.114 -1295.038 1492.267 723.335 1207.080 -1266.089 -2238.191 6004.555 -1705.614 536.335 -3280.394 2662.250 -3001.411 -2146.428 372.419 
-7176.530 3358.962 5278.419 4437.589 -138.123 5749.047 -1259.631 1130.792 3023.165 1535.674 -2423.631 1001.809 -993.835 456.623 -6983.987 2869.284 5109.063 -9665.275 -4733.445 972.792 -9091.699 5085.047 6049.521 -5929.140 5730.504 -8726.953 4741.657 -2927.530 -5220.869 -2903.496 6408.233 -4733.852 -574.174 -4686.123 -5637.903 4326.826 -189.903 5123.708 -4323.242 4493.369 5628.640 6226.911 -5534.360 275.114 -1164.835 -5612.987 5628.318 3932.386 4617.131 -6369.038 -7221.140 3774.606 -287.564 1377.386 -750.343 4759.301 -3280.360 2565.623 2872.470 
-8134.309 3665.182 6158.640 4396.809 76.097 6701.267 -433.411 1358.013 2506.386 1238.894 -2497.411 1569.030 -606.614 163.843 -7549.767 3496.504 6156.284 -11293.055 -5789.225 1407.013 -10297.479 5788.267 7037.741 -7001.920 6032.725 -10279.733 4324.877 -2875.309 -5658.648 -3349.275 8008.453 -5449.631 -491.953 -5637.903 -6831.682 5443.047 -910.682 5146.928 -5315.021 5247.589 6795.860 7514.131 -6551.140 511.335 -1490.614 -6613.767 6580.538 4739.606 5371.352 -7517.818 -8374.920 3357.826 -40.343 1519.606 -176.123 5275.521 -3394.140 3512.843 3459.691 
5627.419 -2240.089 -4576.631 -2298.462 -369.174 -5009.004 -1082.682 -1067.259 -467.886 83.623 1236.318 -2046.242 -256.886 270.572 4799.962 -3029.767 -4814.987 8463.674 4595.504 -1375.259 7332.250 -3978.004 -5473.530 5159.809 -3668.547 7825.996 -1486.394 1454.419 3556.080 2369.453 -6386.818 3984.097 97.775 4326.826 5443.047 -4332.225 1827.047 -2723.343 4358.708 -3714.682 -5243.411 -5636.140 4877.589 -614.937 1243.114 4883.962 -4897.733 -3586.665 -3938.920 5728.911 6158.809 -713.445 -582.614 -1045.665 -1086.394 -3319.750 1696.589 -3664.428 -2673.581 
7237.691 -6622.818 -2049.360 -12363.191 3584.097 -1591.733 14027.589 -65.987 -16492.614 -10238.106 6543.589 7376.030 8209.386 -4696.157 11615.233 3000.504 671.284 3778.945 -1470.225 3535.013 7062.521 -5080.733 -98.259 1699.080 -11846.275 1976.267 -19124.123 8059.691 8721.352 1958.725 2875.453 3158.369 2980.047 -189.903 -910.682 1827.047 -10831.682 -13038.072 -1915.021 -2947.411 -429.140 -965.869 1223.860 2567.335 -1117.614 1841.233 -2219.462 -337.394 -1935.648 1394.182 4409.080 -20091.174 5914.657 -1175.394 11408.877 -7277.479 9302.860 9045.843 115.691 
16880.301 -11872.208 -8476.750 -20057.581 4766.708 -8401.123 18149.199 -1280.377 -23475.004 -14223.496 10896.199 7973.640 11247.996 -6326.547 21811.843 375.114 -4858.106 15419.555 3687.386 3229.623 18808.131 -11863.123 -6721.648 8740.691 -20809.665 12337.877 -28561.513 13182.301 16498.962 5576.335 -3581.937 9167.979 4426.657 5123.708 5146.928 -2723.343 -13038.072 -21516.462 2493.589 -8569.801 -7010.530 -8233.259 7785.470 2867.945 -133.004 8483.843 -9121.852 -5007.784 -7582.038 8840.792 13307.691 -28905.564 7740.267 -2906.784 14594.487 -14234.869 15055.470 8038.453 -3162.699 
-5445.648 2121.843 4482.301 2216.470 407.758 4912.928 1079.250 1113.674 74.047 -214.445 -1205.750 2015.691 377.047 -359.496 -4629.106 3088.165 4730.945 -8321.394 -4553.564 1447.674 -7120.818 3854.928 5404.402 -5134.259 3349.386 -7653.072 1192.538 -1448.648 -3393.987 -2372.614 6396.114 -3842.970 -64.292 -4323.242 -5315.021 4358.708 -1915.021 2493.589 -4248.360 3584.250 5214.521 5557.792 -4859.479 713.996 -1290.953 -4842.106 4792.199 3626.267 3891.013 -5589.157 -5979.259 528.487 699.318 1108.267 1115.538 3282.182 -1510.479 3769.504 2632.352 
8944.962 -5166.547 -5667.089 -7951.920 1179.369 -5919.462 5209.860 -1177.716 -7601.343 -4469.835 4154.860 1243.301 3368.657 -1852.886 9922.504 -1824.225 -4696.445 10457.216 4189.047 138.284 10838.792 -6337.462 -5703.987 6286.352 -8880.004 8794.538 -9956.852 5142.962 7469.623 3393.996 -5341.275 5368.640 1476.318 4493.369 5247.589 -3714.682 -2947.411 -8569.801 3584.250 -5145.140 -5608.869 -6287.598 5731.131 378.606 836.657 5968.504 -6096.191 -3894.123 -4985.377 6457.453 8292.352 -9567.903 2002.928 -1665.123 3995.148 -6670.208 5721.131 176.114 -2765.038 
9176.233 -4591.275 -6527.818 -6264.648 407.640 -6985.191 2289.131 -1394.445 -4834.072 -2539.564 3250.131 -732.428 1711.928 -800.614 9017.775 -3220.953 -6126.174 12080.487 5732.318 -881.445 11529.063 -6474.191 -7175.716 7253.623 -7699.733 10789.809 -6832.581 4023.233 6823.894 3714.267 -7606.004 5968.911 982.589 5628.640 6795.860 -5243.411 -429.140 -7010.530 5214.521 -5608.869 -6954.598 -7640.326 6851.402 -175.123 1372.928 6887.775 -7025.920 -4798.852 -5701.106 7721.725 9007.623 -5972.631 786.199 -1700.852 1571.419 -6265.937 4585.402 -2455.614 -3504.767 
10519.504 -5313.004 -7249.547 -7463.377 672.911 -7721.920 3067.402 -1516.174 -5995.801 -3261.292 3935.402 -383.157 2327.199 -1147.343 10515.047 -3361.682 -6691.903 13338.758 6115.589 -883.174 12787.335 -7378.920 -7857.445 8019.894 -9021.462 11904.080 -8554.309 4848.504 7971.165 4120.538 -8227.733 6615.182 1136.860 6226.911 7514.131 -5636.140 -965.869 -8233.259 5557.792 -6287.598 -7640.326 -8398.055 7569.674 -140.852 1386.199 7618.047 -7791.648 -5268.581 -6323.835 8535.996 10266.894 -7489.360 1191.470 -1947.581 2145.691 -7171.665 5522.674 -2265.343 -3842.496 
-9506.767 4980.725 6441.182 6891.352 -715.360 6991.809 -3261.869 1413.555 5762.928 3157.436 -3737.869 139.572 -2279.072 1220.386 -9849.225 2848.047 5990.826 -11930.513 -5414.682 610.555 -11681.937 6779.809 7093.284 -7245.377 8392.267 -10569.191 8131.419 -4499.767 -7358.106 -3720.733 7310.996 -6039.089 -1199.411 -5534.360 -6551.140 4877.589 1223.860 7785.470 -4859.479 5731.131 6851.402 7569.674 -6720.598 -58.123 -1247.072 -6903.225 7108.080 4795.148 5639.894 -7722.275 -9190.377 7517.369 -1181.801 1720.148 -2447.581 6526.063 -5158.598 1741.386 3340.233 
-1324.292 1420.199 228.657 2674.826 -820.886 99.284 -3174.394 -23.970 3713.402 2299.911 -1458.394 -1792.953 -1891.598 1058.860 -2418.750 -809.479 -445.699 -375.038 611.792 -869.970 -1334.462 865.284 -284.242 -111.903 2546.741 -66.716 4242.894 -1746.292 -1855.631 -298.259 -1033.530 -468.614 -656.937 275.114 511.335 -614.937 2567.335 2867.945 713.996 378.606 -175.123 -140.852 -58.123 -595.648 352.402 -135.750 234.555 -94.377 278.369 37.199 -615.903 4531.843 -1387.326 237.623 -2674.106 1428.538 -1979.123 -2301.140 -142.292 
-1048.242 207.250 1103.708 -130.123 294.165 1278.335 1095.657 308.080 -872.547 -576.038 43.657 946.097 630.453 -335.089 -695.699 1022.572 1416.352 -2040.987 -1349.157 600.080 -1627.411 829.335 1430.809 -1291.852 266.792 -2023.665 -631.055 85.758 -389.581 -551.208 1993.521 -856.564 153.114 -1164.835 -1490.614 1243.114 -1117.614 -133.004 -1290.953 836.657 1372.928 1386.199 -1247.072 352.402 -381.547 -1249.699 1157.606 972.674 960.419 -1480.750 -1420.852 -1042.106 544.725 236.674 888.945 436.589 122.928 1430.911 789.758 
-10041.394 5439.097 6702.555 7828.725 -913.987 7030.182 -4027.496 1355.928 6788.301 3838.809 -4215.496 -214.055 -2737.699 1480.758 -10599.852 2822.419 6013.199 -12396.140 -5437.309 411.928 -12296.564 7061.182 7133.657 -7460.004 9090.640 -10830.818 9356.792 -5007.394 -7948.733 -3864.360 7112.369 -6289.716 -1295.038 -5612.987 -6613.767 4883.962 1841.233 8483.843 -4842.106 5968.504 6887.775 7618.047 -6903.225 -135.750 -1249.699 -7117.852 7389.453 4795.521 5873.267 -7920.903 -9542.004 8750.741 -1503.428 1817.521 -2974.208 7068.436 -5696.225 1349.758 3493.606 
10425.911 -5646.598 -6871.140 -8279.970 1032.318 -7248.513 4613.809 -1417.767 -7569.394 -4214.886 4441.809 612.250 3032.606 -1600.937 11021.453 -2671.275 -6000.496 12517.165 5516.996 -249.767 12625.741 -7352.513 -7175.038 7526.301 -9748.055 10875.487 -10180.903 5354.911 8204.572 4053.945 -7101.326 6428.589 1492.267 5628.318 6580.538 -4897.733 -2219.462 -9121.852 4792.199 -6096.191 -7025.920 -7791.648 7108.080 234.555 1157.606 7389.453 -7385.242 -4854.174 -6020.428 8010.402 9912.301 -9502.953 1866.877 -1916.174 3556.097 -7465.259 6029.080 -943.937 -3472.089 
6400.979 -3204.530 -4516.072 -4432.903 351.386 -4817.445 1780.877 -987.699 -3442.326 -1891.818 2396.877 -385.682 1320.674 -664.869 6424.521 -2157.208 -4198.428 8404.233 3821.063 -617.699 7852.809 -4510.445 -4952.970 5053.369 -5396.987 7282.555 -5000.835 2869.979 4751.640 2594.013 -5261.259 4128.657 723.335 3932.386 4739.606 -3586.665 -337.394 -5007.784 3626.267 -3894.123 -4798.852 -5268.581 4795.148 -94.377 972.674 4795.521 -4854.174 -3291.106 -3925.360 5377.470 6195.369 -4407.886 532.945 -1165.106 1214.165 -4339.191 3192.148 -1727.869 -2393.021 
8512.725 -4682.784 -5594.326 -6897.157 916.131 -5899.699 4058.623 -1130.953 -6325.581 -3626.072 3705.623 592.063 2557.419 -1377.123 9125.267 -2115.462 -4836.682 10273.979 4312.809 -185.953 10338.555 -6028.699 -5832.225 6185.114 -7976.242 8918.301 -8477.089 4418.725 6828.386 3185.758 -5709.513 5285.402 1207.080 4617.131 5371.352 -3938.920 -1935.648 -7582.038 3891.013 -4985.377 -5701.106 -6323.835 5639.894 278.369 960.419 5873.267 -6020.428 -3925.360 -4897.614 6581.216 7892.114 -8016.140 1510.691 -1541.360 3023.911 -6150.445 5157.894 -672.123 -2833.275 
-10908.445 5707.047 7508.504 8129.674 -805.038 7878.131 -3742.547 1531.877 6545.250 3652.758 -4298.547 214.894 -2659.750 1418.708 -11194.903 3411.369 6749.148 -13668.191 -6255.360 696.877 -13359.614 7682.131 7995.606 -8311.055 9758.589 -12082.869 9213.741 -5238.445 -8423.784 -4290.411 8293.318 -6900.767 -1266.089 -6369.038 -7517.818 5728.911 1394.182 8840.792 -5589.157 6457.453 7721.725 8535.996 -7722.275 37.199 -1480.750 -7920.903 8010.402 5377.470 6581.216 -8851.953 -10501.055 8611.691 -1330.479 2049.470 -2658.259 7476.386 -5867.275 2082.708 3921.555 
-14280.547 8073.945 9015.402 12316.572 -1834.140 9469.030 -7755.648 1778.775 11804.148 6790.657 -6639.648 -1747.208 -5072.852 2800.606 -15785.004 3069.267 7592.047 -16669.292 -6804.462 -156.225 -17120.716 10156.030 9333.504 -9985.157 13914.487 -14350.970 15572.640 -7906.547 -11788.886 -5344.513 8900.216 -8704.869 -2238.191 -7221.140 -8374.920 6158.809 4409.080 13307.691 -5979.259 8292.352 9007.623 10266.894 -9190.377 -615.903 -1420.852 -9542.004 9912.301 6195.369 7892.114 -10501.055 -13118.157 14605.589 -3040.581 2601.369 -5974.360 10644.284 -9120.377 -50.394 4453.453 
19866.199 -15493.309 -8761.852 -27095.682 6833.606 -8147.225 27075.097 -1256.479 -33453.106 -20556.598 14503.097 13064.538 16273.894 -9174.648 28043.741 3010.013 -3319.208 15951.453 1743.284 5791.521 21672.030 -14068.225 -5662.750 8762.589 -27238.767 11716.775 -39835.614 17625.199 21349.860 6348.233 -192.038 10162.877 6004.555 3774.606 3357.826 -713.445 -20091.174 -28905.564 528.487 -9567.903 -5972.631 -7489.360 7517.369 4531.843 -1042.106 8750.741 -9502.953 -4407.886 -8016.140 8611.691 14605.589 -40902.665 11372.165 -3538.886 21533.386 -18052.970 20182.369 14445.352 -2550.801 
-4706.970 4036.521 1700.979 7211.148 -2013.564 1486.606 -7867.072 144.352 9305.725 5732.233 -3863.072 -3993.631 -4651.275 2619.182 -7111.428 -1409.157 74.623 -3135.716 369.114 -1877.648 -4803.140 3338.606 556.080 -1479.581 7227.063 -1977.394 10891.216 -4713.970 -5455.309 -1385.937 -1041.208 -2139.292 -1705.614 -287.564 -40.343 -582.614 5914.657 7740.267 699.318 2002.928 786.199 1191.470 -1181.801 -1387.326 544.725 -1503.428 1866.877 532.945 1510.691 -1330.479 -3040.581 11372.165 -3331.004 789.945 -6345.784 4572.860 -5383.801 -4747.818 275.030 
2904.979 -1722.530 -1762.072 -2707.903 516.386 -1884.445 1869.877 -310.699 -2901.326 -1673.818 1425.877 531.318 1237.674 -667.869 3350.521 -475.208 -1397.428 3226.233 1266.063 122.301 3397.809 -2060.445 -1746.970 1925.369 -3003.987 2754.555 -3603.835 1731.979 2561.640 1063.013 -1472.259 1776.657 536.335 1377.386 1519.606 -1045.665 -1175.394 -2906.784 1108.267 -1665.123 -1700.852 -1947.581 1720.148 237.623 236.674 1817.521 -1916.174 -1165.106 -1541.360 2049.470 2601.369 -3538.886 789.945 -497.106 1519.165 -2221.191 1985.148 344.131 -793.021 
-8874.750 7600.741 3150.199 13575.369 -3876.343 2772.826 -14769.852 297.572 17981.945 11078.453 -7361.852 -7536.411 -8851.055 5079.402 -13410.208 -2539.937 299.843 -5846.496 594.335 -3604.428 -9292.920 6386.826 1341.301 -2997.360 13456.284 -3805.174 20764.436 -8963.750 -10271.089 -2576.716 -1844.987 -4227.072 -3280.394 -750.343 -176.123 -1086.394 11408.877 14594.487 1115.538 3995.148 1571.419 2145.691 -2447.581 -2674.106 888.945 -2974.208 3556.097 1214.165 3023.911 -2658.259 -5974.360 21533.386 -6345.784 1519.165 -11952.564 8626.080 -10238.581 -8914.598 551.250 
12519.894 -8124.614 -6967.157 -13189.987 2679.301 -7048.530 10848.792 -1279.784 -14579.411 -8699.903 7204.792 4082.233 6856.589 -3737.953 15156.436 -856.292 -4830.513 12540.148 3996.979 1574.216 14389.725 -8793.530 -6205.055 7476.284 -14125.072 10485.470 -18081.920 8477.894 11507.555 4316.928 -4661.343 7011.572 2662.250 4759.301 5275.521 -3319.750 -7277.479 -14234.869 3282.182 -6670.208 -6265.937 -7171.665 6526.063 1428.538 436.589 7068.436 -7465.259 -4339.191 -6150.445 7476.386 10644.284 -18052.970 4572.860 -2221.191 8626.080 -9995.275 9721.063 3691.047 -2950.106 
-11480.767 8155.725 5804.182 14050.352 -3266.360 5665.809 -12835.869 795.555 16503.928 9855.436 -7443.869 -5721.428 -7861.072 4402.386 -15011.225 -573.953 3113.826 -10372.513 -2287.682 -2451.445 -12799.937 7977.809 4355.284 -5936.377 14270.267 -8066.191 19874.419 -9029.767 -11400.106 -3850.733 2232.996 -6188.089 -3001.411 -3280.360 -3394.140 1696.589 9302.860 15055.470 -1510.479 5721.131 4585.402 5522.674 -5158.598 -1979.123 122.928 -5696.225 6029.080 3192.148 5157.894 -5867.275 -9120.377 20182.369 -5383.801 1985.148 -10238.581 9721.063 -10324.598 -5869.614 2069.233 
-2188.784 3605.708 -940.835 7953.335 -2886.377 -1479.208 -10823.886 -589.462 11943.911 7707.419 -4284.886 -6530.445 -6286.089 3673.369 -6036.242 -3813.970 -3087.191 1647.470 3439.301 -3439.462 -1383.953 1671.792 -2830.733 1583.606 6857.250 2588.792 13457.402 -5119.784 -4665.123 -212.750 -5648.021 -126.106 -2146.428 2565.623 3512.843 -3664.428 9045.843 8038.453 3769.504 176.114 -2455.614 -2265.343 1741.386 -2301.140 1430.911 1349.758 -943.937 -1727.869 -672.123 2082.708 -50.394 14445.352 -4747.818 344.131 -8914.598 3691.047 -5869.614 -8614.631 -1575.784 
4505.063 -2166.445 -3221.987 -2820.818 127.470 -3479.360 829.962 -705.614 -2002.242 -973.733 1490.962 -536.598 617.758 -312.784 4242.606 -1695.123 -3088.343 5869.318 2918.148 -560.614 5582.894 -3125.360 -3614.886 3685.453 -3623.903 5298.640 -2928.750 1744.063 3141.725 1763.097 -3892.174 2980.741 372.419 2872.470 3459.691 -2673.581 115.691 -3162.699 2632.352 -2765.038 -3504.767 -3842.496 3340.233 -142.292 789.758 3493.606 -3472.089 -2393.021 -2833.275 3921.555 4453.453 -2550.801 275.030 -793.021 551.250 -2950.106 2069.233 -1575.784 -1736.937 
]"

C Squared
"[
-16164.937 9910.555 9748.013 15330.182 -2757.530 9954.640 -11424.038 1791.386 16264.758 9572.267 -8363.038 -3610.598 -7261.242 3869.216 -18771.394 2393.877 7393.657 -17744.682 -6440.852 -991.614 -18996.106 11305.640 9235.114 -10471.547 17110.097 -14946.360 20394.250 -10094.937 -14105.275 -5922.903 7948.826 -9513.259 -3046.581 -7176.530 -8134.309 5627.419 7237.691 16880.301 -5445.648 8944.962 9176.233 10519.504 -9506.767 -1324.292 -1048.242 -10041.394 10425.911 6400.979 8512.725 -10908.445 -14280.547 19866.199 -4706.970 2904.979 -8874.750 12519.894 -11480.767 -2188.784 4505.063 
9910.555 -6645.953 -5292.496 -11071.326 2472.962 -5294.869 9463.453 -848.123 -12511.750 -7569.242 5876.453 3893.894 5946.250 -3278.292 12372.097 -285.631 -3367.852 9706.809 2686.640 1499.877 11360.386 -6943.869 -4530.394 5535.945 -11625.411 7765.131 -15411.259 7128.555 9399.216 3331.589 -2986.682 5466.233 2320.911 3358.962 3665.182 -2240.089 -6622.818 -11872.208 2121.843 -5166.547 -4591.275 -5313.004 4980.725 1420.199 207.250 5439.097 -5646.598 -3204.530 -4682.784 5707.047 8073.945 -15493.309 4036.521 -1722.530 7600.741 -8124.614 8155.725 3605.708 -2166.445 
9748.013 -5292.496 -6389.038 -7781.869 962.419 -6741.411 4328.911 -1295.665 -6872.292 -3984.784 4123.911 462.352 2939.708 -1534.835 10239.555 -2533.174 -5582.394 11719.267 5167.097 -247.665 11811.843 -6815.411 -6676.937 7056.402 -8989.953 10181.589 -9453.801 4957.013 7630.674 3637.047 -6603.225 6030.691 1406.369 5278.419 6158.640 -4576.631 -2049.360 -8476.750 4482.301 -5667.089 -6527.818 -7249.547 6441.182 228.657 1103.708 6702.555 -6871.140 -4516.072 -5594.326 7508.504 9015.402 -8761.852 1700.979 -1762.072 3150.199 -6967.157 5804.182 -940.835 -3221.987 
15330.182 -11071.326 -7781.869 -18696.699 4447.589 -7591.242 17255.080 -1193.496 -22065.123 -13405.614 10171.080 7667.521 10480.877 -5903.665 20330.725 488.996 -4353.225 14190.436 3081.267 3223.504 17439.013 -10968.242 -5999.767 8057.572 -19330.784 10979.758 -26716.631 12303.182 15381.843 5187.216 -3028.055 8225.860 4135.538 4437.589 4396.809 -2298.462 -12363.191 -20057.581 2216.470 -7951.920 -6264.648 -7463.377 6891.352 2674.826 -130.123 7828.725 -8279.970 -4432.903 -6897.157 8129.674 12316.572 -27095.682 7211.148 -2707.903 13575.369 -13189.987 14050.352 7953.335 -2820.818 
-2757.530 2472.962 962.419 4447.589 -1208.123 865.047 -4821.631 110.792 5599.165 3465.674 -2324.631 -2459.191 -2854.835 1600.623 -4212.987 -830.716 11.063 -1881.275 190.555 -1136.208 -3005.699 1936.047 312.521 -914.140 4373.504 -1092.953 6807.657 -2871.530 -3233.869 -793.496 -684.767 -1269.852 -1008.174 -138.123 76.097 -369.174 3584.097 4766.708 407.758 1179.369 407.640 672.911 -715.360 -820.886 294.165 -913.987 1032.318 351.386 916.131 -805.038 -1834.140 6833.606 -2013.564 516.386 -3876.343 2679.301 -3266.360 -2886.377 127.470 
9954.640 -5294.869 -6741.411 -7591.242 865.047 -7143.784 3694.538 -1394.038 -6433.665 -3677.157 4150.538 84.979 2562.335 -1367.208 10498.182 -2910.547 -6031.767 12310.894 5422.725 -504.038 12086.470 -7016.784 -7179.309 7402.030 -8962.326 10996.216 -8895.174 4800.640 7785.301 3802.674 -7315.598 6322.318 1316.996 5749.047 6701.267 -5009.004 -1591.733 -8401.123 4912.928 -5919.462 -6985.191 -7721.920 6991.809 99.284 1278.335 7030.182 -7248.513 -4817.445 -5899.699 7878.131 9469.030 -8147.225 1486.606 -1884.445 2772.826 -7048.530 5665.809 -1479.208 -3479.360 
-11424.038 9463.453 4328.911 17255.080 -4821.631 3694.538 -18235.140 360.284 22148.657 13625.165 -9299.140 -9201.699 -10948.343 6222.114 -16926.496 -2909.225 677.555 -7922.784 309.047 -4294.716 -11891.208 8177.538 1816.013 -4002.648 16830.996 -5250.462 26154.148 -11217.038 -12907.377 -3318.004 -1941.275 -5431.360 -4081.682 -1259.631 -433.411 -1082.682 14027.589 18149.199 1079.250 5209.860 2289.131 3067.402 -3261.869 -3174.394 1095.657 -4027.496 4613.809 1780.877 4058.623 -3742.547 -7755.648 27075.097 -7867.072 1869.877 -14769.852 10848.792 -12835.869 -10823.886 829.962 
1791.386 -848.123 -1295.665 -1193.496 110.792 -1394.038 360.284 -252.292 -807.920 -511.411 673.284 -210.275 320.080 -146.462 1799.928 -637.801 -1275.021 2412.640 1140.470 -203.292 2325.216 -1338.038 -1432.564 1439.775 -1441.581 2249.962 -1385.428 825.386 1375.047 720.419 -1581.852 1224.063 162.741 1130.792 1358.013 -1067.259 -65.987 -1280.377 1113.674 -1177.716 -1394.445 -1516.174 1413.555 -23.970 308.080 1355.928 -1417.767 -987.699 -1130.953 1531.877 1778.775 -1256.479 144.352 -310.699 297.572 -1279.784 795.555 -589.462 -705.614 
16264.758 -12511.750 -6872.292 -22065.123 5599.165 -6433.665 22148.657 -807.920 -27355.547 -16799.038 11864.657 10634.097 13323.453 -7497.089 22753.301 2558.572 -2502.648 12885.013 1291.843 4713.080 17520.589 -11457.665 -4389.191 7061.148 -22148.208 9065.335 -32537.055 14414.758 17359.419 5113.792 -157.479 8096.436 4926.114 3023.165 2506.386 -467.886 -16492.614 -23475.004 74.047 -7601.343 -4834.072 -5995.801 5762.928 3713.402 -872.547 6788.301 -7569.394 -3442.326 -6325.581 6545.250 11804.148 -33453.106 9305.725 -2901.326 17981.945 -14579.411 16503.928 11943.911 -2002.242 
9572.267 -7569.242 -3984.784 -13405.614 3465.674 -3677.157 13625.165 -511.411 -16799.038 -10292.530 7301.165 6669.606 8219.962 -4669.581 13599.809 1766.080 -1171.140 7271.521 499.352 3036.589 10185.097 -6667.157 -2292.682 3939.657 -13361.699 5116.843 -19869.547 8594.267 10455.928 2980.301 350.030 4747.945 3062.623 1535.674 1238.894 83.623 -10238.106 -14223.496 -214.445 -4469.835 -2539.564 -3261.292 3157.436 2299.911 -576.038 3838.809 -4214.886 -1891.818 -3626.072 3652.758 6790.657 -20556.598 5732.233 -1673.818 11078.453 -8699.903 9855.436 7707.419 -973.733 
