Head,Tail,Difference
0,0,0
0,1,0
0,2,0
0,3,0
0,4,7.10543e-15
0,5,0
0,6,-7.10543e-15
0,7,-3.55271e-15
0,8,0
0,9,0
0,10,0
0,11,0
0,12,7.10543e-15
0,13,0
0,14,0
0,15,0
0,16,0
0,17,0
0,18,0
0,19,0
0,20,7.10543e-15
0,21,0
0,22,-3.55271e-15
0,23,0
0,24,3.55271e-15
0,25,0
0,26,-7.10543e-15
0,27,0
0,28,0
0,29,0
0,30,0
0,31,0
0,32,3.55271e-15
0,33,0
0,34,0
0,35,-7.10543e-15
0,36,0
0,37,0
0,38,0
0,39,0
0,40,0
0,41,0
0,42,7.10543e-15
0,43,3.55271e-15
0,44,0
0,45,-3.55271e-15
0,46,0
0,47,0
0,48,0
0,49,0
0,50,0
0,51,0
0,52,0
0,53,-3.55271e-15
0,54,0
0,55,0
0,56,0
0,57,0
0,58,-7.10543e-15
0,59,0
0,60,7.10543e-15
0,61,7.10543e-15
0,62,0
0,63,0
0,64,7.10543e-15
0,65,0
0,66,0
0,67,0
0,68,0
0,69,-3.55271e-15
0,70,0
0,71,0
0,72,7.10543e-15
0,73,-7.10543e-15
0,74,0
0,75,0
0,76,-3.55271e-15
0,77,3.55271e-15
0,78,3.55271e-15
0,79,0
0,80,0
0,81,0
0,82,0
0,83,0
0,84,0
0,85,0
0,86,0
0,87,0
0,88,0
0,89,0
0,90,-7.10543e-15
0,91,-3.55271e-15
0,92,-7.10543e-15
0,93,-7.10543e-15
0,94,0
0,95,7.10543e-15
0,96,0
0,97,0
0,98,0
0,99,-7.10543e-15
1,0,0
1,1,0
1,2,28.137
1,3,27.8674
1,4,29.1057
1,5,26.8793
1,6,25.7874
1,7,27.6291
1,8,28.8326
1,9,24.203
1,10,28.9842
1,11,28.6987
1,12,26.9284
1,13,26.7157
1,14,28.122
1,15,26.4411
1,16,27.5217
1,17,30.5176
1,18,28.5008
1,19,25.6605
1,20,27.7722
1,21,0
1,22,27.2895
1,23,29.2231
1,24,27.2892
1,25,27.0441
1,26,0
1,27,0
1,28,26.8399
1,29,24.6592
1,30,25.451
1,31,27.9297
1,32,29.5078
1,33,26.3148
1,34,28.6192
1,35,27.9419
1,36,28.2587
1,37,26.8325
1,38,26.4273
1,39,0
1,40,29.4916
1,41,27.229
1,42,29.3517
1,43,28.1866
1,44,25.9169
1,45,25.2492
1,46,26.0491
1,47,24.489
1,48,28.1843
1,49,28.981
1,50,25.3719
1,51,30.1156
1,52,26.0476
1,53,27.4681
1,54,28.2913
1,55,27.1067
1,56,27.0193
1,57,27.0433
1,58,26.0478
1,59,26.905
1,60,0
1,61,28.5638
1,62,30.0805
1,63,28.4521
1,64,27.9099
1,65,25.0549
1,66,25.7938
1,67,7.10543e-15
1,68,27.657
1,69,28.4745
1,70,27.6702
1,71,26.3647
1,72,28.6051
1,73,24.3282
1,74,31.554
1,75,26.0584
1,76,30.3426
1,77,26.9272
1,78,0
1,79,26.7329
1,80,0
1,81,26.4174
1,82,26.9005
1,83,31.284
1,84,27.3862
1,85,27.5045
1,86,27.5978
1,87,25.9576
1,88,26.0233
1,89,0
1,90,25.8014
1,91,29.902
1,92,27.3122
1,93,29.9146
1,94,26.4691
1,95,25.5079
1,96,24.079
1,97,25.5086
1,98,0
1,99,26.2918
2,0,0
2,1,28.137
2,2,0
2,3,26.544
2,4,26.9703
2,5,27.3059
2,6,25.8653
2,7,27.468
2,8,27.2686
2,9,24.7399
2,10,26.4316
2,11,29.1906
2,12,25.5915
2,13,27.212
2,14,28.0876
2,15,26.6094
2,16,27.831
2,17,25.3276
2,18,27.0815
2,19,24.9686
2,20,26.8261
2,21,3.55271e-15
2,22,25.3748
2,23,27.0527
2,24,25.3409
2,25,26.2024
2,26,0
2,27,3.55271e-15
2,28,27.3651
2,29,25.946
2,30,26.0386
2,31,26.9338
2,32,25.3701
2,33,28.2162
2,34,27.3783
2,35,27.1235
2,36,27.8792
2,37,25.7829
2,38,26.6312
2,39,0
2,40,25.8694
2,41,28.8928
2,42,28.5656
2,43,26.2762
2,44,27.8958
2,45,26.3353
2,46,24.6497
2,47,26.5471
2,48,25.1032
2,49,27.4426
2,50,25.4431
2,51,27.0375
2,52,26.4908
2,53,28.0811
2,54,28.4916
2,55,28.5048
2,56,27.4625
2,57,24.9368
2,58,25.1436
2,59,27.6115
2,60,0
2,61,28.7221
2,62,28.4081
2,63,27.0029
2,64,24.921
2,65,25.4365
2,66,25.6862
2,67,7.10543e-15
2,68,27.1095
2,69,24.4879
2,70,27.8866
2,71,28.8072
2,72,26.735
2,73,25.0176
2,74,28.6279
2,75,28.5632
2,76,28.0995
2,77,28.457
2,78,0
2,79,24.2335
2,80,0
2,81,26.8314
2,82,27.8482
2,83,28.3381
2,84,27.9137
2,85,28.9281
2,86,28.8904
2,87,25.2938
2,88,27.706
2,89,0
2,90,28.4011
2,91,28.0661
2,92,27.946
2,93,27.2919
2,94,28.4961
2,95,30.2342
2,96,26.9584
2,97,23.7761
2,98,3.55271e-15
2,99,25.2029
3,0,0
3,1,27.8674
3,2,26.544
3,3,0
3,4,27.9688
3,5,26.796
3,6,25.5274
3,7,25.3792
3,8,29.4813
3,9,26.1298
3,10,25.2317
3,11,28.4053
3,12,25.4823
3,13,27.4562
3,14,27.8317
3,15,25.0827
3,16,27.0736
3,17,26.653
3,18,26.3482
3,19,26.623
3,20,26.4328
3,21,-3.55271e-15
3,22,27.1031
3,23,27.1103
3,24,24.6631
3,25,27.4506
3,26,0
3,27,0
3,28,25.6623
3,29,27.3833
3,30,26.1342
3,31,25.7032
3,32,27.0707
3,33,28.4664
3,34,26.9338
3,35,26.1453
3,36,27.7738
3,37,25.4934
3,38,27.314
3,39,0
3,40,27.8249
3,41,27.3846
3,42,26.1582
3,43,28.2634
3,44,27.0568
3,45,25.5096
3,46,25.6428
3,47,22.234
3,48,25.4811
3,49,30.2642
3,50,27.0637
3,51,29.344
3,52,24.4397
3,53,25.8008
3,54,28.5035
3,55,25.4156
3,56,25.1269
3,57,24.8144
3,58,26.3865
3,59,26.1127
3,60,0
3,61,25.7801
3,62,28.3228
3,63,28.377
3,64,28.4321
3,65,24.8008
3,66,25.6275
3,67,0
3,68,28.801
3,69,25.7507
3,70,27.8381
3,71,28.0713
3,72,23.5675
3,73,24.4423
3,74,26.9073
3,75,26.0565
3,76,28.0485
3,77,25.8908
3,78,0
3,79,22.9086
3,80,0
3,81,26.1002
3,82,25.6883
3,83,29.3009
3,84,28.8753
3,85,25.8157
3,86,26.7134
3,87,25.1884
3,88,25.6805
3,89,0
3,90,26.2966
3,91,27.373
3,92,25.7197
3,93,26.9072
3,94,26.545
3,95,24.7892
3,96,25.9706
3,97,22.3655
3,98,0
3,99,26.3982
4,0,7.10543e-15
4,1,29.1057
4,2,26.9703
4,3,27.9688
4,4,0
4,5,31.5344
4,6,26.5712
4,7,27.1326
4,8,28.5294
4,9,27.3671
4,10,29.8225
4,11,30.7941
4,12,26.2586
4,13,30.4293
4,14,29.1575
4,15,27.5888
4,16,30.7081
4,17,26.4085
4,18,28.8761
4,19,28.87
4,20,29.8137
4,21,0
4,22,27.7354
4,23,26.3758
4,24,29.0786
4,25,29.5112
4,26,0
4,27,7.10543e-15
4,28,27.2472
4,29,28.7859
4,30,31.1701
4,31,29.0802
4,32,29.8328
4,33,30.6605
4,34,29.428
4,35,27.7006
4,36,29.9786
4,37,28.7715
4,38,31.9862
4,39,0
4,40,27.1134
4,41,27.6047
4,42,29.6942
4,43,26.8061
4,44,26.5441
4,45,28.2143
4,46,28.4645
4,47,26.477
4,48,29.0854
4,49,28.8745
4,50,30.3661
4,51,31.6874
4,52,27.2921
4,53,26.1309
4,54,28.656
4,55,28.2682
4,56,27.331
4,57,27.6334
4,58,30.4897
4,59,30.4144
4,60,3.55271e-15
4,61,29.5052
4,62,27.0162
4,63,28.6486
4,64,28.8641
4,65,27.7588
4,66,28.444
4,67,7.10543e-15
4,68,29.1496
4,69,28.7366
4,70,27.8984
4,71,26.8892
4,72,26.537
4,73,27.5791
4,74,29.4532
4,75,28.9598
4,76,31.2952
4,77,29.8794
4,78,7.10543e-15
4,79,28.0097
4,80,7.10543e-15
4,81,26.5652
4,82,27.683
4,83,28.7623
4,84,29.5667
4,85,27.942
4,86,27.114
4,87,24.9182
4,88,29.3715
4,89,0
4,90,28.5216
4,91,28.9235
4,92,28.7589
4,93,28.6935
4,94,30.0697
4,95,26.9166
4,96,28.5017
4,97,25.409
4,98,7.10543e-15
4,99,27.4507
5,0,0
5,1,26.8793
5,2,27.3059
5,3,26.796
5,4,31.5344
5,5,0
5,6,24.6512
5,7,27.8901
5,8,28.7279
5,9,26.1182
5,10,27.4587
5,11,31.8326
5,12,29.2591
5,13,27.8304
5,14,27.6214
5,15,25.0157
5,16,26.7121
5,17,26.0206
5,18,28.0999
5,19,27.8803
5,20,27.8592
5,21,-7.10543e-15
5,22,26.9901
5,23,28.4018
5,24,25.1147
5,25,27.9924
5,26,0
5,27,-3.55271e-15
5,28,27.5868
5,29,29.0983
5,30,25.9154
5,31,29.6302
5,32,29.71
5,33,29.1245
5,34,27.4522
5,35,28.7585
5,36,26.954
5,37,27.1712
5,38,26.6748
5,39,0
5,40,27.2881
5,41,27.5384
5,42,29.2571
5,43,28.3988
5,44,26.517
5,45,27.1205
5,46,28.3485
5,47,26.8272
5,48,25.4888
5,49,26.6294
5,50,29.4237
5,51,28.4673
5,52,27.1191
5,53,27.9511
5,54,27.7647
5,55,28.4545
5,56,26.3344
5,57,25.6022
5,58,26.5336
5,59,28.2025
5,60,0
5,61,28.6733
5,62,30.1024
5,63,26.9134
5,64,29.8351
5,65,30.1263
5,66,26.2779
5,67,0
5,68,28.3944
5,69,27.2637
5,70,28.4795
5,71,26.9272
5,72,24.7825
5,73,26.5827
5,74,30.9551
5,75,28.9048
5,76,26.9619
5,77,27.6286
5,78,-7.10543e-15
5,79,27.7166
5,80,0
5,81,27.708
5,82,26.7716
5,83,26.0761
5,84,27.0504
5,85,27.451
5,86,28.1968
5,87,27.3511
5,88,30.4003
5,89,0
5,90,30.2842
5,91,29.4459
5,92,27.2434
5,93,27.9808
5,94,29.9281
5,95,28.3532
5,96,27.2756
5,97,24.9545
5,98,0
5,99,27.2499
6,0,-7.10543e-15
6,1,25.7874
6,2,25.8653
6,3,25.5274
6,4,26.5712
6,5,24.6512
6,6,0
6,7,22.4327
6,8,26.3632
6,9,24.2638
6,10,27.4593
6,11,26.1958
6,12,23.1859
6,13,25.6246
6,14,25.382
6,15,25.5921
6,16,25.2214
6,17,25.5075
6,18,22.3153
6,19,26.5056
6,20,29.0913
6,21,-7.10543e-15
6,22,25.784
6,23,24.2867
6,24,23.68
6,25,25.6615
6,26,0
6,27,-3.55271e-15
6,28,26.1883
6,29,28.5124
6,30,27.5341
6,31,26.3755
6,32,25.959
6,33,27.3552
6,34,26.9315
6,35,25.8105
6,36,24.7638
6,37,25.2267
6,38,25.581
6,39,-7.10543e-15
6,40,26.2585
6,41,25.3164
6,42,24.2125
6,43,26.256
6,44,23.752
6,45,24.6491
6,46,28.1696
6,47,21.873
6,48,21.5533
6,49,24.0416
6,50,27.536
6,51,26.9984
6,52,25.5218
6,53,23.0343
6,54,24.3107
6,55,25.7854
6,56,22.1969
6,57,24.0369
6,58,25.3825
6,59,27.4136
6,60,-7.10543e-15
6,61,26.675
6,62,26.0919
6,63,27.0004
6,64,24.6964
6,65,26.4455
6,66,25.3441
6,67,-3.55271e-15
6,68,24.6658
6,69,23.9385
6,70,25.9492
6,71,26.4823
6,72,24.8978
6,73,25.6654
6,74,26.3823
6,75,25.2692
6,76,25.4989
6,77,24.7896
6,78,-7.10543e-15
6,79,26.904
6,80,-7.10543e-15
6,81,23.9388
6,82,23.011
6,83,25.4984
6,84,25.8893
6,85,24.8886
6,86,26.3694
6,87,25.1017
6,88,27.1914
6,89,-7.10543e-15
6,90,26.2752
6,91,25.8797
6,92,26.5499
6,93,24.5406
6,94,24.281
6,95,24.6615
6,96,27.0532
6,97,22.6614
6,98,0
6,99,27.3278
7,0,-3.55271e-15
7,1,27.6291
7,2,27.468
7,3,25.3792
7,4,27.1326
7,5,27.8901
7,6,22.4327
7,7,0
7,8,27.1093
7,9,24.1522
7,10,24.4697
7,11,24.9073
7,12,24.9222
7,13,27.3676
7,14,26.2983
7,15,23.9683
7,16,27.5155
7,17,25.8322
7,18,27.6883
7,19,23.5209
7,20,25.4001
7,21,0
7,22,25.491
7,23,24.796
7,24,26.4735
7,25,25.3622
7,26,0
7,27,-3.55271e-15
7,28,29.1738
7,29,27.0409
7,30,25.5882
7,31,26.6686
7,32,28.0528
7,33,27.1872
7,34,26.8351
7,35,28.5593
7,36,27.8479
7,37,26.5351
7,38,27.4108
7,39,0
7,40,26.2748
7,41,27.7953
7,42,27.4838
7,43,24.5625
7,44,27.6148
7,45,27.6333
7,46,24.5807
7,47,24.5687
7,48,27.1857
7,49,27.67
7,50,24.5167
7,51,27.4931
7,52,26.9051
7,53,26.5177
7,54,26.2008
7,55,29.4026
7,56,27.0648
7,57,21.8165
7,58,26.0866
7,59,28.2192
7,60,0
7,61,27.9207
7,62,25.0539
7,63,27.8732
7,64,26.0016
7,65,25.1373
7,66,26.1457
7,67,0
7,68,26.6246
7,69,25.8686
7,70,25.1366
7,71,25.7612
7,72,26.9587
7,73,26.6074
7,74,27.685
7,75,28.1693
7,76,28.1069
7,77,27.4781
7,78,-7.10543e-15
7,79,25.0096
7,80,0
7,81,24.7323
7,82,24.9106
7,83,26.1352
7,84,28.3179
7,85,26.0281
7,86,27.2221
7,87,26.7829
7,88,25.9852
7,89,-7.10543e-15
7,90,26.7453
7,91,27.7522
7,92,27.5399
7,93,26.5203
7,94,27.5211
7,95,28.202
7,96,23.6416
7,97,25.6223
7,98,0
7,99,23.8715
8,0,0
8,1,28.8326
8,2,27.2686
8,3,29.4813
8,4,28.5294
8,5,28.7279
8,6,26.3632
8,7,27.1093
8,8,0
8,9,28.6555
8,10,30.097
8,11,30.1651
8,12,25.4101
8,13,27.9808
8,14,28.2527
8,15,27.6449
8,16,28.51
8,17,27.9293
8,18,28.8959
8,19,25.7444
8,20,29.2419
8,21,0
8,22,26.2355
8,23,28.2737
8,24,27.4439
8,25,27.5992
8,26,0
8,27,-3.55271e-15
8,28,26.1932
8,29,27.6692
8,30,26.8773
8,31,27.02
8,32,27.2178
8,33,27.4704
8,34,28.7527
8,35,27.4437
8,36,27.8102
8,37,28.1433
8,38,30.1343
8,39,-3.55271e-15
8,40,28.2555
8,41,27.3425
8,42,27.1965
8,43,28.4812
8,44,29.5234
8,45,28.3439
8,46,26.5751
8,47,25.5064
8,48,25.5741
8,49,26.0452
8,50,27.5375
8,51,29.1955
8,52,26.0672
8,53,28.085
8,54,29.0248
8,55,25.9979
8,56,26.9162
8,57,25.1203
8,58,25.5345
8,59,27.4327
8,60,0
8,61,29.4185
8,62,27.6781
8,63,29.0924
8,64,27.8642
8,65,26.5438
8,66,27.012
8,67,0
8,68,27.6884
8,69,25.8359
8,70,27.109
8,71,28.6164
8,72,26.2187
8,73,26.5623
8,74,30.0367
8,75,26.0194
8,76,29.4105
8,77,27.6282
8,78,0
8,79,24.8645
8,80,0
8,81,26.2864
8,82,26.3823
8,83,28.1025
8,84,28.4373
8,85,27.5351
8,86,26.4326
8,87,26.7438
8,88,28.3319
8,89,-3.55271e-15
8,90,30.5185
8,91,28.8463
8,92,26.7289
8,93,27.462
8,94,28.0638
8,95,28.0924
8,96,25.1248
8,97,22.6802
8,98,-3.55271e-15
8,99,25.9965
9,0,0
9,1,24.203
9,2,24.7399
9,3,26.1298
9,4,27.3671
9,5,26.1182
9,6,24.2638
9,7,24.1522
9,8,28.6555
9,9,0
9,10,26.8845
9,11,28.0265
9,12,24.884
9,13,27.7868
9,14,27.6011
9,15,25.3279
9,16,24.8075
9,17,27.2483
9,18,27.0409
9,19,26.8207
9,20,27.7492
9,21,-3.55271e-15
9,22,25.5803
9,23,26.3503
9,24,25.0519
9,25,27.542
9,26,0
9,27,-3.55271e-15
9,28,27.8783
9,29,29.0706
9,30,26.7114
9,31,28.4364
9,32,26.3071
9,33,27.6785
9,34,31.197
9,35,26.1908
9,36,27.2365
9,37,25.2811
9,38,27.7765
9,39,0
9,40,26.3812
9,41,27.3268
9,42,29.0361
9,43,27.2049
9,44,24.2008
9,45,27.1026
9,46,27.0976
9,47,26.4253
9,48,24.5431
9,49,25.5508
9,50,28.043
9,51,27.2693
9,52,28.228
9,53,24.1802
9,54,28.9538
9,55,25.5095
9,56,26.4388
9,57,25.1677
9,58,27.454
9,59,29.3505
9,60,0
9,61,26.5421
9,62,27.7881
9,63,29.4325
9,64,28.2515
9,65,26.8193
9,66,23.8426
9,67,0
9,68,28.3608
9,69,24.8943
9,70,28.1923
9,71,26.8024
9,72,26.4715
9,73,26.4261
9,74,28.8314
9,75,27.0717
9,76,25.6551
9,77,26.2295
9,78,0
9,79,28.6886
9,80,0
9,81,27.0433
9,82,28.0458
9,83,27.263
9,84,26.3397
9,85,26.11
9,86,27.5691
9,87,25.9474
9,88,28.5124
9,89,-3.55271e-15
9,90,27.9315
9,91,26.8702
9,92,28.062
9,93,26.3181
9,94,29.135
9,95,24.8017
9,96,24.274
9,97,22.9366
9,98,-3.55271e-15
9,99,27.3111
10,0,0
10,1,28.9842
10,2,26.4316
10,3,25.2317
10,4,29.8225
10,5,27.4587
10,6,27.4593
10,7,24.4697
10,8,30.097
10,9,26.8845
10,10,0
10,11,31.7399
10,12,24.161
10,13,26.6418
10,14,28.8331
10,15,24.2463
10,16,26.9329
10,17,24.3371
10,18,27.338
10,19,26.9592
10,20,30.0558
10,21,0
10,22,28.9818
10,23,27.4807
10,24,25.6371
10,25,28.9511
10,26,0
10,27,-3.55271e-15
10,28,26.3287
10,29,27.168
10,30,27.8205
10,31,28.5742
10,32,26.7709
10,33,28.7493
10,34,28.3964
10,35,28.732
10,36,27.3824
10,37,25.6582
10,38,27.9008
10,39,0
10,40,26.7873
10,41,30.4067
10,42,27.0925
10,43,26.2674
10,44,27.436
10,45,26.4178
10,46,26.5963
10,47,25.9977
10,48,25.1883
10,49,28.1379
10,50,30.2059
10,51,27.9055
10,52,28.1487
10,53,26.2645
10,54,26.7149
10,55,30.2613
10,56,26.4569
10,57,26.6583
10,58,26.47
10,59,27.5772
10,60,-3.55271e-15
10,61,26.1264
10,62,28.2703
10,63,28.8856
10,64,27.9417
10,65,28.7004
10,66,25.8792
10,67,0
10,68,27.4073
10,69,27.7672
10,70,25.4984
10,71,27.7813
10,72,25.1418
10,73,28.362
10,74,29.0408
10,75,27.4063
10,76,25.2967
10,77,26.5102
10,78,0
10,79,25.2617
10,80,0
10,81,25.7023
10,82,27.945
10,83,25.9221
10,84,28.0291
10,85,26.1401
10,86,30.6291
10,87,26.4059
10,88,28.437
10,89,0
10,90,28.0821
10,91,26.8653
10,92,26.5744
10,93,25.6265
10,94,28.021
10,95,27.9881
10,96,25.4082
10,97,26.0338
10,98,0
10,99,25.6534
11,0,0
11,1,28.6987
11,2,29.1906
11,3,28.4053
11,4,30.7941
11,5,31.8326
11,6,26.1958
11,7,24.9073
11,8,30.1651
11,9,28.0265
11,10,31.7399
11,11,0
11,12,24.6234
11,13,27.5695
11,14,28.3428
11,15,26.6745
11,16,28.081
11,17,28.67
11,18,28.0814
11,19,25.8277
11,20,27.4264
11,21,0
11,22,30.2297
11,23,27.9385
11,24,26.6942
11,25,28.181
11,26,0
11,27,-7.10543e-15
11,28,27.5465
11,29,27.6878
11,30,29.8811
11,31,29.5062
11,32,28.9652
11,33,29.8182
11,34,30.8157
11,35,27.4315
11,36,26.8283
11,37,26.7889
11,38,31.5379
11,39,-7.10543e-15
11,40,27.7658
11,41,27.8573
11,42,26.8912
11,43,28.0807
11,44,27.5975
11,45,26.5545
11,46,26.6468
11,47,23.668
11,48,26.3901
11,49,29.2989
11,50,28.5868
11,51,27.0755
11,52,27.7307
11,53,24.5299
11,54,28.8409
11,55,29.2397
11,56,26.1427
11,57,26.4629
11,58,27.1227
11,59,28.3493
11,60,-7.10543e-15
11,61,30.073
11,62,29.3035
11,63,28.2923
11,64,27.6709
11,65,31.2763
11,66,27.3688
11,67,0
11,68,26.439
11,69,27.7981
11,70,27.875
11,71,25.9418
11,72,27.2622
11,73,27.413
11,74,29.7415
11,75,25.0555
11,76,26.397
11,77,28.1389
11,78,-7.10543e-15
11,79,25.8441
11,80,0
11,81,27.0913
11,82,26.8506
11,83,28.8934
11,84,28.6945
11,85,28.1412
11,86,28.45
11,87,27.0961
11,88,28.488
11,89,0
11,90,31.8024
11,91,30.3384
11,92,26.0344
11,93,30.7055
11,94,28.0256
11,95,24.2383
11,96,27.2822
11,97,24.6767
11,98,-3.55271e-15
11,99,27.7822
12,0,7.10543e-15
12,1,26.9284
12,2,25.5915
12,3,25.4823
12,4,26.2586
12,5,29.2591
12,6,23.1859
12,7,24.9222
12,8,25.4101
12,9,24.884
12,10,24.161
12,11,24.6234
12,12,0
12,13,27.1025
12,14,24.1337
12,15,23.5248
12,16,28.1942
12,17,25.7259
12,18,28.1813
12,19,22.9027
12,20,25.2214
12,21,0
12,22,25.6202
12,23,26.8285
12,24,26.7691
12,25,23.7946
12,26,0
12,27,-3.55271e-15
12,28,25.7953
12,29,24.3629
12,30,24.4335
12,31,28.3206
12,32,26.7667
12,33,25.881
12,34,26.779
12,35,28.0042
12,36,25.5374
12,37,24.3511
12,38,26.7353
12,39,7.10543e-15
12,40,25.5243
12,41,25.9632
12,42,26.7964
12,43,23.3104
12,44,28.9953
12,45,25.4718
12,46,23.2138
12,47,24.2707
12,48,25.2478
12,49,27.5474
12,50,23.2429
12,51,24.5456
12,52,26.1478
12,53,26.641
12,54,26.5358
12,55,26.6194
12,56,27.0857
12,57,23.3969
12,58,22.31
12,59,26.104
12,60,0
12,61,25.8526
12,62,25.0312
12,63,27.3434
12,64,25.2598
12,65,25.6432
12,66,25.4903
12,67,0
12,68,26.493
12,69,24.4146
12,70,26.935
12,71,25.7178
12,72,23.7213
12,73,24.9247
12,74,27.8357
12,75,27.9058
12,76,28.1828
12,77,25.4953
12,78,0
12,79,24.7687
12,80,7.10543e-15
12,81,22.8618
12,82,26.3266
12,83,25.3325
12,84,26.8578
12,85,25.7507
12,86,26.2096
12,87,24.1869
12,88,25.6019
12,89,0
12,90,27.0479
12,91,26.8255
12,92,27.5268
12,93,26.4972
12,94,27.7469
12,95,26.5268
12,96,23.7017
12,97,26.0884
12,98,3.55271e-15
12,99,25.281
13,0,0
13,1,26.7157
13,2,27.212
13,3,27.4562
13,4,30.4293
13,5,27.8304
13,6,25.6246
13,7,27.3676
13,8,27.9808
13,9,27.7868
13,10,26.6418
13,11,27.5695
13,12,27.1025
13,13,0
13,14,25.7718
13,15,26.7697
13,16,28.5742
13,17,25.7423
13,18,28.9246
13,19,25.8845
13,20,26.5544
13,21,0
13,22,26.1893
13,23,26.3153
13,24,27.9879
13,25,25.5967
13,26,0
13,27,-3.55271e-15
13,28,26.0292
13,29,26.2275
13,30,24.7762
13,31,27.1742
13,32,27.5723
13,33,28.0341
13,34,27.3407
13,35,26.317
13,36,27.1996
13,37,25.1641
13,38,29.003
13,39,3.55271e-15
13,40,26.7541
13,41,27.1142
13,42,26.1038
13,43,28.7483
13,44,29.522
13,45,25.4789
13,46,25.977
13,47,25.9062
13,48,26.2402
13,49,28.1864
13,50,26.9391
13,51,28.2009
13,52,26.4775
13,53,27.5399
13,54,25.73
13,55,28.2101
13,56,25.6356
13,57,24.8168
13,58,23.6459
13,59,29.5071
13,60,0
13,61,28.7658
13,62,28.4402
13,63,30.1839
13,64,28.1645
13,65,26.9811
13,66,28.0595
13,67,7.10543e-15
13,68,26.67
13,69,26.1107
13,70,30.0638
13,71,24.9157
13,72,24.8631
13,73,26.2581
13,74,28.6616
13,75,25.6471
13,76,27.3248
13,77,27.2073
13,78,7.10543e-15
13,79,25.0164
13,80,-3.55271e-15
13,81,28.0838
13,82,27.7073
13,83,27.1241
13,84,26.9314
13,85,25.1947
13,86,28.2058
13,87,25.7345
13,88,30.0495
13,89,3.55271e-15
13,90,27.7341
13,91,28.3483
13,92,27.5125
13,93,27.3461
13,94,26.4793
13,95,25.7225
13,96,26.5009
13,97,24.7934
13,98,0
13,99,26.5662
14,0,0
14,1,28.122
14,2,28.0876
14,3,27.8317
14,4,29.1575
14,5,27.6214
14,6,25.382
14,7,26.2983
14,8,28.2527
14,9,27.6011
14,10,28.8331
14,11,28.3428
14,12,24.1337
14,13,25.7718
14,14,0
14,15,25.1636
14,16,24.8706
14,17,27.6694
14,18,27.0609
14,19,26.2461
14,20,26.449
14,21,3.55271e-15
14,22,28.0704
14,23,29.6866
14,24,27.9018
14,25,28.1737
14,26,0
14,27,-3.55271e-15
14,28,27.3026
14,29,26.9502
14,30,26.9324
14,31,26.1117
14,32,27.8497
14,33,26.2357
14,34,29.3468
14,35,28.7301
14,36,26.4484
14,37,25.6978
14,38,26.0688
14,39,0
14,40,27.1612
14,41,26.8148
14,42,28.4795
14,43,25.7884
14,44,27.724
14,45,26.5884
14,46,26.9962
14,47,24.1781
14,48,24.6391
14,49,27.6769
14,50,25.0063
14,51,27.6059
14,52,28.6919
14,53,26.2563
14,54,26.3035
14,55,25.4242
14,56,25.6785
14,57,25.1744
14,58,25.9686
14,59,29.6925
14,60,3.55271e-15
14,61,28.7623
14,62,28.0809
14,63,26.5402
14,64,27.0825
14,65,26.9312
14,66,23.5936
14,67,3.55271e-15
14,68,28.5185
14,69,28.2534
14,70,27.0009
14,71,27.5872
14,72,26.119
14,73,26.4967
14,74,28.5095
14,75,26.8761
14,76,27.8136
14,77,23.4484
14,78,0
14,79,24.2839
14,80,0
14,81,28.2408
14,82,27.875
14,83,26.8232
14,84,28.0056
14,85,26.7767
14,86,28.4812
14,87,26.1674
14,88,26.6521
14,89,3.55271e-15
14,90,27.4215
14,91,26.2215
14,92,25.3637
14,93,28.901
14,94,27.8004
14,95,25.9746
14,96,28.9008
14,97,25.0277
14,98,0
14,99,25.1653
15,0,0
15,1,26.4411
15,2,26.6094
15,3,25.0827
15,4,27.5888
15,5,25.0157
15,6,25.5921
15,7,23.9683
15,8,27.6449
15,9,25.3279
15,10,24.2463
15,11,26.6745
15,12,23.5248
15,13,26.7697
15,14,25.1636
15,15,0
15,16,27.5444
15,17,26.1668
15,18,25.4028
15,19,25.5251
15,20,27.1245
15,21,7.10543e-15
15,22,25.8499
15,23,22.799
15,24,23.1343
15,25,25.4719
15,26,0
15,27,0
15,28,23.2622
15,29,27.2812
15,30,28.5228
15,31,26.796
15,32,25.2152
15,33,28.5093
15,34,25.8734
15,35,28.1594
15,36,26.3476
15,37,27.9037
15,38,28.8448
15,39,3.55271e-15
15,40,26.4512
15,41,26.2036
15,42,25.8411
15,43,25.7217
15,44,26.3089
15,45,26.3552
15,46,26.2923
15,47,21.9859
15,48,23.8783
15,49,25.7739
15,50,26.9477
15,51,28.4679
15,52,25.4011
15,53,24.4365
15,54,25.4971
15,55,25.5326
15,56,23.4128
15,57,26.4369
15,58,23.7279
15,59,24.6982
15,60,0
15,61,25.8453
15,62,22.3382
15,63,26.0743
15,64,27.273
15,65,28.4225
15,66,27.2714
15,67,3.55271e-15
15,68,24.9974
15,69,24.3936
15,70,24.2437
15,71,24.6896
15,72,24.0665
15,73,24.0488
15,74,27.3126
15,75,25.0369
15,76,25.151
15,77,24.7338
15,78,0
15,79,26.1659
15,80,-3.55271e-15
15,81,24.1569
15,82,24.5692
15,83,24.7692
15,84,26.2137
15,85,25.3096
15,86,24.417
15,87,24.8139
15,88,26.6436
15,89,0
15,90,25.2048
15,91,25.172
15,92,23.5679
15,93,23.5472
15,94,25.6524
15,95,23.9744
15,96,24.4523
15,97,23.4909
15,98,0
15,99,24.1043
16,0,0
16,1,27.5217
16,2,27.831
16,3,27.0736
16,4,30.7081
16,5,26.7121
16,6,25.2214
16,7,27.5155
16,8,28.51
16,9,24.8075
16,10,26.9329
16,11,28.081
16,12,28.1942
16,13,28.5742
16,14,24.8706
16,15,27.5444
16,16,0
16,17,25.9177
16,18,28.0039
16,19,26.267
16,20,26.8247
16,21,0
16,22,28.47
16,23,27.2974
16,24,26.2412
16,25,26.0819
16,26,0
16,27,-3.55271e-15
16,28,26.9196
16,29,25.1255
16,30,25.8994
16,31,28.9692
16,32,27.2363
16,33,28.2028
16,34,26.2717
16,35,28.1716
16,36,25.5953
16,37,28.0486
16,38,26.7327
16,39,-7.10543e-15
16,40,26.658
16,41,30.0336
16,42,28.6723
16,43,25.3971
16,44,28.8041
16,45,26.364
16,46,23.9066
16,47,25.0841
16,48,27.2234
16,49,26.7197
16,50,26.7905
16,51,26.6879
16,52,24.1876
16,53,27.5738
16,54,24.1883
16,55,28.1936
16,56,25.2135
16,57,25.7423
16,58,27.2473
16,59,27.7322
16,60,0
16,61,26.2073
16,62,26.8992
16,63,27.3482
16,64,28.7015
16,65,28.6866
16,66,26.214
16,67,0
16,68,28.0896
16,69,27.6275
16,70,27.4151
16,71,28.356
16,72,24.8862
16,73,25.5771
16,74,29.3118
16,75,28.6906
16,76,27.9515
16,77,27.1068
16,78,0
16,79,27.2984
16,80,0
16,81,25.2504
16,82,27.348
16,83,26.9672
16,84,27.4712
16,85,29.1098
16,86,27.2071
16,87,25.9631
16,88,27.1337
16,89,-7.10543e-15
16,90,27.8432
16,91,28.3247
16,92,28.3038
16,93,27.1711
16,94,26.8065
16,95,25.8165
16,96,23.7134
16,97,24.7568
16,98,-3.55271e-15
16,99,25.562
17,0,0
17,1,30.5176
17,2,25.3276
17,3,26.653
17,4,26.4085
17,5,26.0206
17,6,25.5075
17,7,25.8322
17,8,27.9293
17,9,27.2483
17,10,24.3371
17,11,28.67
17,12,25.7259
17,13,25.7423
17,14,27.6694
17,15,26.1668
17,16,25.9177
17,17,0
17,18,25.0474
17,19,23.0869
17,20,29.8147
17,21,0
17,22,25.0011
17,23,27.7793
17,24,28.5696
17,25,26.4243
17,26,0
17,27,-7.10543e-15
17,28,25.1945
17,29,26.0881
17,30,26.5726
17,31,24.1508
17,32,27.2201
17,33,25.0745
17,34,26.7031
17,35,26.5696
17,36,28.4356
17,37,25.809
17,38,27.1087
17,39,-3.55271e-15
17,40,25.8889
17,41,27.6866
17,42,28.4187
17,43,25.5004
17,44,26.795
17,45,26.2044
17,46,25.138
17,47,25.5992
17,48,26.3591
17,49,27.3882
17,50,26.3993
17,51,25.5443
17,52,27.7845
17,53,30.9262
17,54,25.2671
17,55,27.6303
17,56,28.9075
17,57,24.1748
17,58,24.7254
17,59,27.5353
17,60,-7.10543e-15
17,61,24.9612
17,62,26.5792
17,63,27.8967
17,64,28.2254
17,65,27.3041
17,66,24.1343
17,67,7.10543e-15
17,68,27.183
17,69,26.4958
17,70,25.8304
17,71,26.4196
17,72,27.1249
17,73,26.645
17,74,26.7283
17,75,25.5732
17,76,26.4112
17,77,26.4362
17,78,-7.10543e-15
17,79,24.3537
17,80,0
17,81,23.9717
17,82,25.2157
17,83,27.3891
17,84,30.0544
17,85,27.7106
17,86,26.976
17,87,26.5551
17,88,27.9113
17,89,-3.55271e-15
17,90,26.9502
17,91,28.782
17,92,24.5484
17,93,26.9469
17,94,24.9108
17,95,26.4369
17,96,26.986
17,97,23.0543
17,98,-7.10543e-15
17,99,23.3864
18,0,0
18,1,28.5008
18,2,27.0815
18,3,26.3482
18,4,28.8761
18,5,28.0999
18,6,22.3153
18,7,27.6883
18,8,28.8959
18,9,27.0409
18,10,27.338
18,11,28.0814
18,12,28.1813
18,13,28.9246
18,14,27.0609
18,15,25.4028
18,16,28.0039
18,17,25.0474
18,18,0
18,19,26.5359
18,20,26.5582
18,21,0
18,22,28.8822
18,23,27.2199
18,24,26.5011
18,25,28.5194
18,26,0
18,27,3.55271e-15
18,28,28.3737
18,29,26.5813
18,30,28.1332
18,31,27.4815
18,32,27.8871
18,33,30.9347
18,34,26.3481
18,35,28.8573
18,36,27.9097
18,37,25.4327
18,38,29.1468
18,39,0
18,40,26.8294
18,41,28.0474
18,42,28.7416
18,43,27.1727
18,44,27.962
18,45,26.6276
18,46,26.2105
18,47,25.5694
18,48,26.5943
18,49,27.3178
18,50,28.6788
18,51,27.3931
18,52,25.0409
18,53,24.3586
18,54,26.4049
18,55,27.0245
18,56,24.7165
18,57,26.1711
18,58,27.7567
18,59,28.3626
18,60,0
18,61,29.0296
18,62,27.754
18,63,28.9061
18,64,28.3555
18,65,28.9494
18,66,27.1525
18,67,0
18,68,30.1792
18,69,25.7466
18,70,27.6414
18,71,25.8815
18,72,25.3386
18,73,25.9819
18,74,30.4799
18,75,28.3209
18,76,29.4094
18,77,29.2265
18,78,0
18,79,26.9038
18,80,3.55271e-15
18,81,27.597
18,82,27.9313
18,83,29.5437
18,84,27.5708
18,85,28.4601
18,86,25.0444
18,87,26.2256
18,88,30.7757
18,89,0
18,90,27.2128
18,91,29.5726
18,92,28.4799
18,93,29.0424
18,94,28.9429
18,95,25.7047
18,96,26.9987
18,97,27.0866
18,98,3.55271e-15
18,99,27.0096
19,0,0
19,1,25.6605
19,2,24.9686
19,3,26.623
19,4,28.87
19,5,27.8803
19,6,26.5056
19,7,23.5209
19,8,25.7444
19,9,26.8207
19,10,26.9592
19,11,25.8277
19,12,22.9027
19,13,25.8845
19,14,26.2461
19,15,25.5251
19,16,26.267
19,17,23.0869
19,18,26.5359
19,19,0
19,20,27.9017
19,21,0
19,22,23.3045
19,23,24.7611
19,24,26.0507
19,25,25.8338
19,26,0
19,27,0
19,28,25.0882
19,29,28.4218
19,30,27.474
19,31,27.4026
19,32,26.0888
19,33,27.2018
19,34,26.5186
19,35,27.729
19,36,26.8962
19,37,25.9755
19,38,28.3009
19,39,-3.55271e-15
19,40,24.8505
19,41,27.1861
19,42,26.6283
19,43,24.5692
19,44,23.7855
19,45,24.4727
19,46,27.004
19,47,21.0446
19,48,22.1661
19,49,26.0992
19,50,26.5498
19,51,27.8063
19,52,26.0945
19,53,25.7828
19,54,27.8775
19,55,26.0671
19,56,23.5429
19,57,26.2944
19,58,25.5664
19,59,29.3748
19,60,0
19,61,26.7813
19,62,24.0364
19,63,25.3478
19,64,27.7651
19,65,26.111
19,66,26.1691
19,67,3.55271e-15
19,68,26.8015
19,69,23.6076
19,70,26.3473
19,71,24.125
19,72,24.3241
19,73,27.4647
19,74,29.3686
19,75,25.2186
19,76,25.6677
19,77,27.6438
19,78,0
19,79,24.5512
19,80,0
19,81,24.6161
19,82,25.0536
19,83,25.891
19,84,25.1072
19,85,25.5673
19,86,25.4632
19,87,27.4205
19,88,28.6224
19,89,0
19,90,26.66
19,91,26.2507
19,92,24.0752
19,93,26.2174
19,94,24.0339
19,95,25.3622
19,96,26.8817
19,97,24.2001
19,98,0
19,99,28.1522
20,0,7.10543e-15
20,1,27.7722
20,2,26.8261
20,3,26.4328
20,4,29.8137
20,5,27.8592
20,6,29.0913
20,7,25.4001
20,8,29.2419
20,9,27.7492
20,10,30.0558
20,11,27.4264
20,12,25.2214
20,13,26.5544
20,14,26.449
20,15,27.1245
20,16,26.8247
20,17,29.8147
20,18,26.5582
20,19,27.9017
20,20,0
20,21,3.55271e-15
20,22,27.0087
20,23,26.5074
20,24,24.0292
20,25,27.4013
20,26,0
20,27,0
20,28,27.4124
20,29,27.7638
20,30,28.5035
20,31,26.5778
20,32,27.9473
20,33,29.5846
20,34,29.1242
20,35,28.1986
20,36,25.4939
20,37,27.7767
20,38,30.461
20,39,3.55271e-15
20,40,27.9155
20,41,30.0623
20,42,27.9469
20,43,29.7327
20,44,26.8599
20,45,25.4563
20,46,25.4396
20,47,26.472
20,48,25.914
20,49,27.667
20,50,28.8798
20,51,29.7114
20,52,25.2663
20,53,28.1758
20,54,28.1477
20,55,27.7258
20,56,24.4743
20,57,26.2592
20,58,26.088
20,59,27.786
20,60,0
20,61,26.5774
20,62,28.5159
20,63,29.2494
20,64,27.057
20,65,28.0995
20,66,25.8795
20,67,7.10543e-15
20,68,27.8636
20,69,26.439
20,70,27.3669
20,71,26.4746
20,72,28.9897
20,73,27.2605
20,74,27.7987
20,75,28.2868
20,76,28.4772
20,77,29.2386
20,78,0
20,79,27.2861
20,80,7.10543e-15
20,81,28.0632
20,82,25.8556
20,83,28.9911
20,84,28.3359
20,85,27.4966
20,86,28.6919
20,87,27.826
20,88,28.8432
20,89,0
20,90,27.7307
20,91,26.0953
20,92,25.1518
20,93,27.3232
20,94,27.9299
20,95,24.933
20,96,25.521
20,97,23.9275
20,98,0
20,99,27.1956
21,0,0
21,1,0
21,2,3.55271e-15
21,3,-3.55271e-15
21,4,0
21,5,-7.10543e-15
21,6,-7.10543e-15
21,7,0
21,8,0
21,9,-3.55271e-15
21,10,0
21,11,0
21,12,0
21,13,0
21,14,3.55271e-15
21,15,7.10543e-15
21,16,0
21,17,0
21,18,0
21,19,0
21,20,3.55271e-15
21,21,0
21,22,-3.55271e-15
21,23,0
21,24,7.10543e-15
21,25,0
21,26,0
21,27,-7.10543e-15
21,28,-3.55271e-15
21,29,0
21,30,0
21,31,0
21,32,0
21,33,0
21,34,0
21,35,-7.10543e-15
21,36,0
21,37,0
21,38,0
21,39,0
21,40,-3.55271e-15
21,41,0
21,42,0
21,43,0
21,44,-3.55271e-15
21,45,0
21,46,0
21,47,0
21,48,0
21,49,3.55271e-15
21,50,0
21,51,0
21,52,0
21,53,0
21,54,-7.10543e-15
21,55,0
21,56,0
21,57,0
21,58,0
21,59,-3.55271e-15
21,60,0
21,61,0
21,62,-3.55271e-15
21,63,0
21,64,0
21,65,0
21,66,0
21,67,0
21,68,0
21,69,0
21,70,0
21,71,-3.55271e-15
21,72,0
21,73,-3.55271e-15
21,74,0
21,75,-3.55271e-15
21,76,0
21,77,0
21,78,-7.10543e-15
21,79,0
21,80,3.55271e-15
21,81,7.10543e-15
21,82,0
21,83,7.10543e-15
21,84,0
21,85,0
21,86,0
21,87,0
21,88,0
21,89,-7.10543e-15
21,90,-7.10543e-15
21,91,-7.10543e-15
21,92,-7.10543e-15
21,93,0
21,94,3.55271e-15
21,95,0
21,96,0
21,97,3.55271e-15
21,98,-3.55271e-15
21,99,-3.55271e-15
22,0,-3.55271e-15
22,1,27.2895
22,2,25.3748
22,3,27.1031
22,4,27.7354
22,5,26.9901
22,6,25.784
22,7,25.491
22,8,26.2355
22,9,25.5803
22,10,28.9818
22,11,30.2297
22,12,25.6202
22,13,26.1893
22,14,28.0704
22,15,25.8499
22,16,28.47
22,17,25.0011
22,18,28.8822
22,19,23.3045
22,20,27.0087
22,21,-3.55271e-15
22,22,0
22,23,26.9189
22,24,25.8149
22,25,27.4031
22,26,0
22,27,-3.55271e-15
22,28,26.6983
22,29,26.4094
22,30,25.8273
22,31,27.3362
22,32,27.9611
22,33,26.4676
22,34,25.9904
22,35,29.5506
22,36,27.1351
22,37,27.1861
22,38,26.0027
22,39,0
22,40,27.4168
22,41,28.3393
22,42,27.5827
22,43,27.1963
22,44,27.4492
22,45,23.6937
22,46,27.0034
22,47,24.8342
22,48,28.6613
22,49,26.9708
22,50,25.8302
22,51,28.0855
22,52,27.3792
22,53,26.4605
22,54,23.1161
22,55,28.5422
22,56,26.0805
22,57,25.7946
22,58,26.5463
22,59,27.4534
22,60,0
22,61,28.4347
22,62,27.6853
22,63,26.8174
22,64,27.2776
22,65,24.3712
22,66,23.3181
22,67,0
22,68,27.7783
22,69,25.796
22,70,27.3673
22,71,26.2715
22,72,28.9754
22,73,25.7798
22,74,27.2962
22,75,26.8751
22,76,28.55
22,77,28.6543
22,78,-7.10543e-15
22,79,28.0605
22,80,-7.10543e-15
22,81,26.8118
22,82,26.6712
22,83,29.0223
22,84,28.663
22,85,28.774
22,86,28.1944
22,87,26.4245
22,88,28.7456
22,89,-7.10543e-15
22,90,27.2002
22,91,27.1318
22,92,27.9937
22,93,28.4698
22,94,27.9054
22,95,27.9868
22,96,24.2411
22,97,25.3061
22,98,0
22,99,25.2041
23,0,0
23,1,29.2231
23,2,27.0527
23,3,27.1103
23,4,26.3758
23,5,28.4018
23,6,24.2867
23,7,24.796
23,8,28.2737
23,9,26.3503
23,10,27.4807
23,11,27.9385
23,12,26.8285
23,13,26.3153
23,14,29.6866
23,15,22.799
23,16,27.2974
23,17,27.7793
23,18,27.2199
23,19,24.7611
23,20,26.5074
23,21,0
23,22,26.9189
23,23,0
23,24,27.3425
23,25,28.9393
23,26,0
23,27,0
23,28,26.7837
23,29,26.533
23,30,25.118
23,31,24.4878
23,32,30.5109
23,33,25.4955
23,34,26.7597
23,35,27.1714
23,36,29.3321
23,37,24.3383
23,38,29.3904
23,39,3.55271e-15
23,40,27.1423
23,41,27.0484
23,42,29.1556
23,43,27.243
23,44,25.6414
23,45,26.7896
23,46,24.96
23,47,24.901
23,48,27.09
23,49,29.0488
23,50,27.1141
23,51,28.2669
23,52,26.8715
23,53,27.1577
23,54,29.2022
23,55,26.8637
23,56,27.9296
23,57,23.7201
23,58,28.4037
23,59,29.0196
23,60,0
23,61,27.9553
23,62,26.2523
23,63,29.4584
23,64,27.3115
23,65,26.0636
23,66,24.2214
23,67,0
23,68,28.1478
23,69,26.0516
23,70,27.1679
23,71,26.2867
23,72,25.751
23,73,27.1079
23,74,29.8921
23,75,26.9768
23,76,29.4243
23,77,26.5155
23,78,0
23,79,25.4437
23,80,-7.10543e-15
23,81,26.3956
23,82,26.7274
23,83,30.3256
23,84,28.1537
23,85,26.0713
23,86,28.3098
23,87,25.5971
23,88,28.1965
23,89,0
23,90,27.2422
23,91,27.3425
23,92,24.8255
23,93,25.3222
23,94,27.5654
23,95,24.547
23,96,26.5685
23,97,23.6546
23,98,3.55271e-15
23,99,27.0825
24,0,3.55271e-15
24,1,27.2892
24,2,25.3409
24,3,24.6631
24,4,29.0786
24,5,25.1147
24,6,23.68
24,7,26.4735
24,8,27.4439
24,9,25.0519
24,10,25.6371
24,11,26.6942
24,12,26.7691
24,13,27.9879
24,14,27.9018
24,15,23.1343
24,16,26.2412
24,17,28.5696
24,18,26.5011
24,19,26.0507
24,20,24.0292
24,21,7.10543e-15
24,22,25.8149
24,23,27.3425
24,24,0
24,25,26.1651
24,26,0
24,27,0
24,28,25.6654
24,29,26.7732
24,30,26.7821
24,31,26.9063
24,32,29.3555
24,33,24.9623
24,34,26.4191
24,35,27.9551
24,36,26.4008
24,37,27.1667
24,38,27.801
24,39,0
24,40,26.0142
24,41,26.0058
24,42,27.3127
24,43,26.6753
24,44,25.5989
24,45,25.4053
24,46,25.7444
24,47,23.0409
24,48,25.5632
24,49,27.2479
24,50,24.8444
24,51,26.8937
24,52,26.2961
24,53,25.0585
24,54,26.1787
24,55,27.2905
24,56,23.5524
24,57,24.3147
24,58,27.7251
24,59,29.1806
24,60,0
24,61,28.0798
24,62,27.1616
24,63,26.6339
24,64,28.2641
24,65,24.9505
24,66,24.6923
24,67,7.10543e-15
24,68,25.8943
24,69,28.1058
24,70,25.2924
24,71,25.5201
24,72,23.5657
24,73,26.2563
24,74,29.2378
24,75,28.6235
24,76,26.2247
24,77,26.7632
24,78,3.55271e-15
24,79,25.577
24,80,0
24,81,27.315
24,82,25.0101
24,83,28.5833
24,84,28.0698
24,85,24.9116
24,86,24.8558
24,87,26.9874
24,88,25.3251
24,89,0
24,90,26.9256
24,91,26.611
24,92,23.7769
24,93,26.5743
24,94,29.8108
24,95,27.7565
24,96,26.5663
24,97,24.5466
24,98,0
24,99,26.6756
25,0,0
25,1,27.0441
25,2,26.2024
25,3,27.4506
25,4,29.5112
25,5,27.9924
25,6,25.6615
25,7,25.3622
25,8,27.5992
25,9,27.542
25,10,28.9511
25,11,28.181
25,12,23.7946
25,13,25.5967
25,14,28.1737
25,15,25.4719
25,16,26.0819
25,17,26.4243
25,18,28.5194
25,19,25.8338
25,20,27.4013
25,21,0
25,22,27.4031
25,23,28.9393
25,24,26.1651
25,25,0
25,26,0
25,27,0
25,28,27.1318
25,29,27.0908
25,30,26.3984
25,31,26.2943
25,32,28.069
25,33,27.376
25,34,27.9841
25,35,28.3488
25,36,26.4998
25,37,27.0958
25,38,27.3628
25,39,-7.10543e-15
25,40,28.3747
25,41,28.0133
25,42,27.7967
25,43,28.8922
25,44,26.3988
25,45,25.9586
25,46,26.7073
25,47,24.9623
25,48,24.8902
25,49,27.253
25,50,26.7187
25,51,27.34
25,52,26.538
25,53,27.1462
25,54,26.3729
25,55,29.7518
25,56,28.1385
25,57,26.0794
25,58,26.2238
25,59,27.6054
25,60,0
25,61,27.7803
25,62,27.6272
25,63,28.7872
25,64,28.111
25,65,26.9092
25,66,23.4513
25,67,0
25,68,27.7372
25,69,27.2133
25,70,26.9121
25,71,27.9811
25,72,27.6864
25,73,27.328
25,74,28.7629
25,75,26.9287
25,76,26.8437
25,77,26.4923
25,78,0
25,79,25.4788
25,80,0
25,81,26.7483
25,82,29.778
25,83,29.2016
25,84,30.3075
25,85,26.8454
25,86,28.407
25,87,26.8929
25,88,27.3766
25,89,0
25,90,27.9808
25,91,26.5286
25,92,26.0889
25,93,31.2786
25,94,29.5061
25,95,26.4618
25,96,26.7581
25,97,23.7608
25,98,0
25,99,27.5044
26,0,-7.10543e-15
26,1,0
26,2,0
26,3,0
26,4,0
26,5,0
26,6,0
26,7,0
26,8,0
26,9,0
26,10,0
26,11,0
26,12,0
26,13,0
26,14,0
26,15,0
26,16,0
26,17,0
26,18,0
26,19,0
26,20,0
26,21,0
26,22,0
26,23,0
26,24,0
26,25,0
26,26,0
26,27,0
26,28,0
26,29,0
26,30,0
26,31,0
26,32,0
26,33,0
26,34,0
26,35,0
26,36,0
26,37,0
26,38,0
26,39,-3.55271e-15
26,40,0
26,41,0
26,42,0
26,43,0
26,44,0
26,45,0
26,46,0
26,47,0
26,48,0
26,49,0
26,50,0
26,51,0
26,52,0
26,53,0
26,54,0
26,55,0
26,56,0
26,57,0
26,58,0
26,59,0
26,60,-7.10543e-15
26,61,0
26,62,0
26,63,0
26,64,0
26,65,0
26,66,0
26,67,3.55271e-15
26,68,0
26,69,0
26,70,0
26,71,0
26,72,0
26,73,0
26,74,0
26,75,0
26,76,0
26,77,0
26,78,0
26,79,0
26,80,-3.55271e-15
26,81,0
26,82,0
26,83,0
26,84,0
26,85,0
26,86,0
26,87,0
26,88,0
26,89,-3.55271e-15
26,90,0
26,91,0
26,92,0
26,93,0
26,94,0
26,95,0
26,96,0
26,97,0
26,98,-7.10543e-15
26,99,0
27,0,0
27,1,0
27,2,3.55271e-15
27,3,0
27,4,7.10543e-15
27,5,-3.55271e-15
27,6,-3.55271e-15
27,7,-3.55271e-15
27,8,-3.55271e-15
27,9,-3.55271e-15
27,10,-3.55271e-15
27,11,-7.10543e-15
27,12,-3.55271e-15
27,13,-3.55271e-15
27,14,-3.55271e-15
27,15,0
27,16,-3.55271e-15
27,17,-7.10543e-15
27,18,3.55271e-15
27,19,0
27,20,0
27,21,-7.10543e-15
27,22,-3.55271e-15
27,23,0
27,24,0
27,25,0
27,26,0
27,27,0
27,28,-7.10543e-15
27,29,-7.10543e-15
27,30,0
27,31,-7.10543e-15
27,32,0
27,33,0
27,34,-7.10543e-15
27,35,-7.10543e-15
27,36,0
27,37,-7.10543e-15
27,38,0
27,39,0
27,40,-3.55271e-15
27,41,0
27,42,0
27,43,0
27,44,0
27,45,-3.55271e-15
27,46,0
27,47,0
27,48,-3.55271e-15
27,49,0
27,50,-7.10543e-15
27,51,0
27,52,-7.10543e-15
27,53,-7.10543e-15
27,54,0
27,55,-3.55271e-15
27,56,-3.55271e-15
27,57,-7.10543e-15
27,58,-7.10543e-15
27,59,0
27,60,0
27,61,0
27,62,-3.55271e-15
27,63,-3.55271e-15
27,64,0
27,65,-3.55271e-15
27,66,0
27,67,3.55271e-15
27,68,-7.10543e-15
27,69,0
27,70,-7.10543e-15
27,71,0
27,72,0
27,73,0
27,74,-7.10543e-15
27,75,0
27,76,-7.10543e-15
27,77,-3.55271e-15
27,78,0
27,79,0
27,80,0
27,81,0
27,82,0
27,83,0
27,84,-7.10543e-15
27,85,-3.55271e-15
27,86,-7.10543e-15
27,87,0
27,88,-7.10543e-15
27,89,0
27,90,-3.55271e-15
27,91,-7.10543e-15
27,92,-7.10543e-15
27,93,-7.10543e-15
27,94,-3.55271e-15
27,95,-3.55271e-15
27,96,0
27,97,0
27,98,3.55271e-15
27,99,-7.10543e-15
28,0,0
28,1,26.8399
28,2,27.3651
28,3,25.6623
28,4,27.2472
28,5,27.5868
28,6,26.1883
28,7,29.1738
28,8,26.1932
28,9,27.8783
28,10,26.3287
28,11,27.5465
28,12,25.7953
28,13,26.0292
28,14,27.3026
28,15,23.2622
28,16,26.9196
28,17,25.1945
28,18,28.3737
28,19,25.0882
28,20,27.4124
28,21,-3.55271e-15
28,22,26.6983
28,23,26.7837
28,24,25.6654
28,25,27.1318
28,26,0
28,27,-7.10543e-15
28,28,0
28,29,23.1327
28,30,26.9645
28,31,27.839
28,32,26.6281
28,33,27.6939
28,34,24.1243
28,35,27.4227
28,36,27.5617
28,37,26.9097
28,38,25.5791
28,39,0
28,40,27.7839
28,41,26.1019
28,42,27.1762
28,43,25.4123
28,44,28.3118
28,45,24.0277
28,46,23.868
28,47,24.9403
28,48,26.601
28,49,27.4614
28,50,25.8695
28,51,27.12
28,52,24.328
28,53,27.0425
28,54,23.3024
28,55,27.6
28,56,29.8427
28,57,24.6707
28,58,25.0198
28,59,27.168
28,60,-7.10543e-15
28,61,25.7075
28,62,28.9505
28,63,25.5635
28,64,26.0419
28,65,25.4369
28,66,25.3794
28,67,3.55271e-15
28,68,26.893
28,69,27.0049
28,70,23.8336
28,71,27.8866
28,72,27.2611
28,73,24.6643
28,74,27.7859
28,75,30.1125
28,76,27.9568
28,77,28.9038
28,78,-3.55271e-15
28,79,26.3672
28,80,0
28,81,25.0966
28,82,27.4371
28,83,25.4014
28,84,26.918
28,85,25.9789
28,86,26.981
28,87,26.2767
28,88,26.1624
28,89,0
28,90,24.7664
28,91,25.5305
28,92,26.28
28,93,27.7772
28,94,27.6719
28,95,27.1144
28,96,23.9428
28,97,27.6225
28,98,0
28,99,23.3348
29,0,0
29,1,24.6592
29,2,25.946
29,3,27.3833
29,4,28.7859
29,5,29.0983
29,6,28.5124
29,7,27.0409
29,8,27.6692
29,9,29.0706
29,10,27.168
29,11,27.6878
29,12,24.3629
29,13,26.2275
29,14,26.9502
29,15,27.2812
29,16,25.1255
29,17,26.0881
29,18,26.5813
29,19,28.4218
29,20,27.7638
29,21,0
29,22,26.4094
29,23,26.533
29,24,26.7732
29,25,27.0908
29,26,0
29,27,-7.10543e-15
29,28,23.1327
29,29,0
29,30,28.6293
29,31,28.3465
29,32,28.0376
29,33,27.5574
29,34,27.444
29,35,27.7587
29,36,25.8785
29,37,27.3264
29,38,29.2575
29,39,-7.10543e-15
29,40,24.9639
29,41,26.012
29,42,25.9525
29,43,27.3154
29,44,24.8232
29,45,23.5834
29,46,28.1419
29,47,23.5573
29,48,23.3408
29,49,27.5933
29,50,27.2073
29,51,27.3587
29,52,25.4773
29,53,25.917
29,54,29.9919
29,55,25.0864
29,56,24.5543
29,57,25.9277
29,58,26.7416
29,59,29.2195
29,60,-7.10543e-15
29,61,25.6637
29,62,26.0376
29,63,26.4465
29,64,26.2653
29,65,26.2924
29,66,27.6552
29,67,0
29,68,25.3335
29,69,27.3566
29,70,26.1634
29,71,25.0096
29,72,26.5969
29,73,27.9295
29,74,27.9092
29,75,25.4602
29,76,26.9887
29,77,27.1954
29,78,0
29,79,26.0387
29,80,0
29,81,27.1174
29,82,27.1687
29,83,25.0188
29,84,27.7287
29,85,25.622
29,86,27.7823
29,87,26.6762
29,88,29.5807
29,89,0
29,90,27.8639
29,91,27.3197
29,92,23.8218
29,93,26.9641
29,94,24.9947
29,95,25.4281
29,96,25.1698
29,97,25.3948
29,98,-7.10543e-15
29,99,28.0277
30,0,0
30,1,25.451
30,2,26.0386
30,3,26.1342
30,4,31.1701
30,5,25.9154
30,6,27.5341
30,7,25.5882
30,8,26.8773
30,9,26.7114
30,10,27.8205
30,11,29.8811
30,12,24.4335
30,13,24.7762
30,14,26.9324
30,15,28.5228
30,16,25.8994
30,17,26.5726
30,18,28.1332
30,19,27.474
30,20,28.5035
30,21,0
30,22,25.8273
30,23,25.118
30,24,26.7821
30,25,26.3984
30,26,0
30,27,0
30,28,26.9645
30,29,28.6293
30,30,0
30,31,29.7177
30,32,27.6527
30,33,27.593
30,34,28.142
30,35,30.4566
30,36,28.7057
30,37,26.577
30,38,28.8545
30,39,0
30,40,27.1073
30,41,24.9124
30,42,27.4369
30,43,27.6202
30,44,25.5083
30,45,28.4607
30,46,30.6422
30,47,25.8034
30,48,26.2672
30,49,26.5442
30,50,30.3897
30,51,28.4939
30,52,28.4564
30,53,27.5817
30,54,29.3196
30,55,29.164
30,56,25.562
30,57,26.364
30,58,24.8943
30,59,28.7574
30,60,0
30,61,28.0164
30,62,24.8119
30,63,27.0771
30,64,26.4213
30,65,29.4574
30,66,27.3656
30,67,3.55271e-15
30,68,27.5622
30,69,27.0509
30,70,26.7628
30,71,24.2566
30,72,27.3678
30,73,27.0359
30,74,29.3309
30,75,26.7257
30,76,27.3557
30,77,26.9854
30,78,-3.55271e-15
30,79,26.7527
30,80,3.55271e-15
30,81,25.678
30,82,25.2427
30,83,26.903
30,84,28.645
30,85,24.9531
30,86,27.4563
30,87,26.1962
30,88,26.2783
30,89,0
30,90,29.0031
30,91,27.0976
30,92,27.5468
30,93,27.3933
30,94,26.2208
30,95,26.3888
30,96,25.099
30,97,23.5312
30,98,0
