0,0,30.08244991685351,32.83318514856577,31.40459538029427,32.00477908063106,33.528150306869,33.59427168432143,31.73716895061687,32.45536223800313,34.50492175038222,33.42891431081781,33.22602808040708,32.24197135722319,32.48364017470949,32.24560066117548,31.63935866922717,31.27073179508276,33.47911014349097,32.0491641388664,32.90875745147483,32.714312448835,31.35941705453085,30.59597045363981,31.38674624742107,31.26466801359004,32.11738178930532,32.38207275638792,32.75720020087188,32.32240015840408,33.63901808911787,31.86794425437575,32.99330789720849,31.3806840588283,33.40335123905984,33.4455369668361,32.38186793562102,32.46681302499524,30.73958288591437,32.7626310909243,32.01662538432181,30.72377069957397,32.24764788321778,33.03750278093063,31.98705136457563,31.07047193075767,31.43691925109711,34.3091204638067,34.26091735491038,31.70875573087031,31.19313527044052,33.29784167179608,31.5146594777732,33.60327897690939,31.81099869541979,33.54775612466502,32.46252105120611,32.21250904540035,31.66107480803518,30.24733725470725,34.85063284934722,33.18970017942314,32.07243372430598,33.3168320372751,32.41927835409049,32.0398247654384,34.12004866643656,32.53638775279149,33.64818846535427,33.12161757825243,31.80250821869243,33.88567245902021,33.87536399804436,32.85864826799787,34.1268196584446,32.29497722556868,32.56104648195448,31.00588727967641,31.42064283238012,30.89591141235359,32.82076738895665,31.93806686385386,32.47802127593367,35.05901905359018,31.76721333387617,33.91586475382871,31.57247611448935,33.16729692030992,33.72699177216967,32.82628413329781,29.30616900927176,32.38062970357434,31.62433075971729,31.17011793368772,32.88049669637002,31.90251505759382,33.0996315538406,32.01573717720709,32.56053809444801,31.5405726802796,34.0148899454342
89,30.08244991685351,0,7.137998825967887,4.970354241849492,5.488075091693157,6.820891389842023,9.289388646223033,6.915662943689271,4.545689039053028,8.001906988316565,6.291325467208242,5.458506192800856,7.000115379202774,5.832902136567579,5.736639584347134,7.767543927309202,5.052565506256784,4.951708259356707,5.628587835321138,8.615897274735136,6.378781160471879,32.79770450809021,4.740308115703493,4.088492626738457,6.307181199768864,4.98511178467437,47.69282258130829,32.93518905365506,7.391422327098815,7.58596746769528,7.01987031075996,7.347366316658237,4.721033948053311,7.348972735130606,6.500356070453447,6.542592276609079,5.015615484168885,6.666819931682392,6.220563083217408,32.3898112374864,5.302231452651796,5.3071925924786,5.363516293059167,5.011640833566467,4.492412340454477,6.847719621412375,8.325475340308866,8.345492665525979,5.124128612597365,3.752906810626313,7.813104685669529,5.466488504642924,7.222677756425854,4.871643764606294,7.084240274061076,7.016590877809843,5.942297605211667,7.953982772826998,5.637636214567791,7.351999430879341,32.40998693304272,6.004695496207569,6.235178931335252,5.492094188761985,4.828392457285149,7.507412742922923,8.224827955702722,34.32053210543215,5.981297526531939,6.543915019134555,7.523148308958635,7.378716999944879,7.037815154443928,8.270412980594921,4.241103335722731,7.08677151309593,3.859482844304007,6.061339112979883,33.42853273776761,7.824795080068411,34.13965430404942,7.093254707621952,7.460961047081983,2.805919323141537,5.066843100501434,5.218043742732144,6.402029006623315,7.918860950900047,6.208691125048581,30.85686016107277,5.429286961539114,3.943310399568647,5.976717835764487,4.919554043672234,4.94487413644976,8.311594364016909,6.890040879890511,10.0497075137956,31.22101157874294,8.107090362625108
98,32.83318514856577,7.137998825967887,0,5.936101706731869,6.10678670106232,5.459091816336729,8.058297111943912,6.474990347712507,5.122809304182517,7.825158318379945,5.680237543508421,6.147532815497124,6.650546008109065,5.701678489232942,5.064788624436722,8.936011746440125,5.770977859922421,7.439678748434628,7.03165503689613,7.455413885198052,6.532126578937955,31.0067209649779,5.875513375955252,6.306678050374604,6.733922763748613,6.1268088725831,48.37477404960237,31.88900666373916,5.175938733914572,8.021640392764471,8.448450711107551,6.753818767252969,7.792470219479301,6.255980643315519,6.822946101651119,6.17637724911862,7.526420450396407,7.213775177920352,6.858439471616772,32.43975733571385,5.838601863247947,5.78242506608273,5.916126859843917,7.692701425374278,5.232940608383458,6.600191689017429,9.092174336204224,9.367727864199702,8.28071465826911,5.550266122173563,8.275330411915537,5.405427789885999,8.755690342634466,6.17580147970923,6.930331952136694,6.325680467805943,5.971775721428137,8.190456176590343,8.473340542365493,5.997640426936908,33.3835120830628,5.349107448355745,4.970738814470852,6.30729131975532,8.251962478121285,7.53512174642827,9.103646516135749,31.53624882575605,6.939010223243913,6.904681656199392,7.167501223743509,3.934095070557808,6.967560817257507,6.699920299553287,5.669518226604311,4.82442422618614,5.554443356225219,5.92832822245151,33.56932270690012,9.197922345253252,34.95936063488575,7.085089199461001,7.847065240690865,6.94180067545896,6.927827923972211,4.958030126402407,4.365461322593323,8.341057205036414,7.238204097632337,33.5339042015689,6.324994291712976,5.978094956937917,5.825235713332511,6.393181730533171,5.658499471690376,4.131602144174598,5.734073264131471,8.306814144638022,31.34944886277907,8.111530650305864
27,31.40459538029427,4.970354241849492,5.936101706731869,0,5.822154618725771,6.687115115780515,7.358366513509246,8.921622559331581,4.417195507265594,7.65541762627872,6.305395016763889,5.653152448296037,8.843370543695228,5.491563726054624,5.971851652875118,8.0232930043642,6.718702314658861,6.837920014118576,6.680789175015952,6.754038800099728,5.62086648753237,31.64502651286612,6.24212197004003,4.890759965644713,7.528506447976584,5.675220432633558,47.83939018524991,33.83148397572889,8.343786432962521,6.318452964450358,7.601169291142806,7.923589625232287,7.179260007016715,6.420251660548369,6.428557621832762,7.978231040194358,7.193169281087955,8.231617046601313,6.200944373935586,31.8145467357308,5.984140284813906,5.430885821953531,6.891663331645447,4.964355049808876,6.353120741834532,8.430169239901456,8.238145722660857,10.0887142469989,8.716325406995898,5.36179065193945,7.089359002473731,3.510563738326983,8.932774460161255,6.268560049944461,5.85726054340765,7.649451397828479,7.95805877537472,7.671453782071201,6.101146910364511,7.30521814762221,32.09856954756706,5.785719916309084,5.694492436212085,6.798596721604564,5.311885152660055,8.184102030625592,8.613692726702423,33.03878669079722,6.937183654949507,7.669318012225573,7.340076769802739,6.571865239639366,7.967735991632007,8.077918151552636,4.258048485989154,7.953048933481709,5.067029220105688,6.748157873144905,35.37728883054776,9.3677526524976,34.2588010006188,6.659739459067754,8.089582823991313,5.715002114102602,6.568961813762882,5.974842684729285,5.773878877564573,8.273725383315446,5.920292134170078,31.97284877829936,5.696348422730046,5.470424823016203,6.889925761670674,6.532690424222663,5.754388052070321,8.136565535925079,5.685486977385681,11.02057971269715,31.55585368834126,7.017209992596065
39,32.00477908063106,5.488075091693157,6.10678670106232,5.822154618725771,0,3.386167132176219,5.346520332417976,5.448382108192304,4.21251805023258,5.150729397357545,3.028877431368385,3.132658639699276,6.845386098759,4.632671852073806,4.438852215691909,5.089290635857663,4.90768856039137,6.512981639155268,3.058226266261771,4.305077087673751,3.824682959866022,32.86486004838603,4.328196147631176,4.959133239274965,4.873777580725227,3.352918442906005,47.45229131201922,32.3743245643828,5.162495228553409,4.349387490835097,2.911446434749843,3.181615464796657,4.330252771148456,4.025910813147776,3.085837695651839,3.929274050611843,4.062203803935835,4.3023624879471,2.903544762773653,32.11558595137259,3.964024290821222,3.972901675600814,5.154735805622246,3.894926538631659,4.666895759757789,4.735553476969652,3.954030225501473,7.405192126512315,5.379356952141844,4.439120071918966,4.075967883169958,3.202916710124507,4.979187419479465,5.737394548852611,5.192049515829904,3.16071705757992,5.930939084203505,5.413168880548857,4.129425892027909,4.954902059491932,31.64383968484229,3.665526780757739,4.81032152108085,4.529410840720541,4.218837826931026,4.515056440373038,5.123871311498576,31.8904772463505,4.014610469336737,4.005380880010346,6.321103791246132,5.434924419817858,4.90483462216145,5.231754735091326,2.942246950620636,4.351230639614386,4.193745420343062,3.152300274957402,32.33398435083433,5.666300671941799,32.06332323699463,4.122208226672633,6.138409062756184,4.221419620269614,4.170199190248771,4.434013238661595,3.971910710199515,4.768760243535701,4.280953224212175,32.51313266973824,3.833011097666123,4.644054530225877,4.588968435274556,4.445280046936312,3.78225772995131,5.905401667285832,5.484513412313151,7.616985070961305,31.41634789405032,4.817266347883557
21,33.528150306869,6.820891389842023,5.459091816336729,6.687115115780515,3.386167132176219,0,6.149347691473523,6.04422777042801,4.338819761466892,4.428375711813708,3.037880471210972,3.439148331044053,5.543529275175889,4.118499482148084,4.214851419135349,7.27445394906644,5.037527055956561,7.387506936671948,3.597125319256698,5.486634013445871,5.872872275704315,32.72459330534149,4.776122888777645,6.003893468116734,5.008131083942236,4.670710134998695,47.95309722134443,31.94507558294393,5.450222361849851,5.651963624047966,5.157546113756085,2.739466385637075,6.01365855239343,3.470478201863139,3.807878438194392,4.819349907515816,5.308014840956647,6.042277757407271,3.818380197715849,32.23920172708996,5.985400060843191,5.293829400434113,5.92270550693958,5.097515760023676,5.067926810235316,5.75059691560794,5.710318295289285,6.457169721144281,6.071294009911758,5.253146735187128,4.790277228100744,4.457075731099386,4.887640893648647,7.223850095406607,5.496872991798512,3.166828436148822,6.430418000292353,7.682759490653794,6.133257090476831,3.959081378358305,32.53651089161221,3.467981760301671,4.041986467917678,4.782648536720217,5.589167406316735,3.862588439988487,6.527368214489345,32.18864551359687,4.361120027124628,5.869937526591888,5.072749834026988,5.275660109292348,5.893554188643213,5.258669871109531,3.4905243673792,4.245401262821758,5.276486569314874,3.25630319424856,32.93184023099835,7.372279392140045,32.49763674484655,4.07419720153761,5.435535323101993,5.172946723501252,4.845722003018145,4.532692678025137,3.575769009815343,6.776136917866729,4.640333522258985,33.50029980462862,3.433521061420775,4.140328868412089,4.987245649023194,4.971241297756257,3.311591613311252,4.748479318035001,4.909086947844737,6.748974969643423,30.03561479310853,5.238566490890032
80,33.59427168432143,9.289388646223033,8.058297111943912,7.358366513509246,5.346520332417976,6.149347691473523,0,9.728132373042634,6.673215346909497,6.336210211634016,4.77019700650572,5.163389419426384,10.60791609106888,7.627197547974842,7.491256145290762,6.722363935053276,7.879599608733818,9.25233582203585,7.045204142630864,5.536440684834006,5.365542840779946,32.91464108873133,7.046509492150778,8.847977660108812,9.045710375136096,6.234882841807446,47.53508882712433,31.94354966186443,8.406351853332364,5.675122908129727,5.478007516969931,6.136812272647207,9.137959697471866,5.100142537412508,5.013365241496206,7.873970372093479,9.084875991279151,7.38988770260015,5.9344367093865,30.96728365549683,6.866492357927322,6.233658301269049,9.291473811075111,6.451147097397715,8.805169529562512,8.05924787322027,5.73709485744982,9.571091993274502,9.698079750751374,8.46228080267648,3.592456714703166,5.111584362390113,8.404374984914034,9.166511496726683,7.917730219676049,5.210357301554151,9.487111325217379,7.269871499706209,7.68201393911487,7.937817969861045,30.54808714142345,6.864432303810537,7.072488453776281,7.957142928298956,7.462221192466751,5.884855200790491,7.97622813501773,31.58418821182525,6.908319530245427,7.175172940113437,8.019366556358278,6.301853845592888,7.308194146476759,7.403952042104442,6.817267349173242,7.92268470892051,8.218573786257357,6.594632560578854,34.23185531051452,7.649644133931391,32.35738118266064,7.225035897213532,8.684226173333469,8.163518035214716,7.558337967655008,6.793366304777463,5.237129559431489,7.884853858582555,7.429476362802708,34.72570794094773,5.79181709525065,8.364003733033751,8.180625129197882,7.786950312264096,7.537674602844985,7.284071771747731,7.92795646632185,10.9455427514077,32.56432469743538,5.592050520060353
78,31.73716895061687,6.915662943689271,6.474990347712507,8.921622559331581,5.448382108192304,6.04422777042801,9.728132373042634,0,6.401388435857308,8.072075261356121,6.537989506775105,6.919400048038892,4.594599008232892,5.988474883771187,7.022687443031392,7.414575875767957,5.183472639135772,7.368490064456921,5.745078585270415,7.502064183691192,6.399665229340972,32.08804810205818,6.463401904463654,6.798200253689026,5.527341083240016,6.969821367622085,48.02578596338158,31.73465292074265,4.112191500070257,7.75800309417083,6.853806723253838,5.421395865992198,5.109105613329134,7.148027342420253,6.683485575144212,3.355042944643419,5.491375656156409,4.774994006393413,6.08153482834464,32.63864215925657,6.318431354414039,6.308035047658446,3.940410678812093,7.4634141666323,3.83002219274388,5.102026592373485,7.704944938040851,7.432823447473974,4.992333917718005,5.730185669709249,8.306485827935639,6.828449340816645,6.765928737474979,5.662909506074879,7.350641352953371,5.836678305840683,5.739688199844563,8.840357590767423,8.115329488566131,6.207021592610797,34.47995671400996,6.252827141093391,6.976368388445287,5.760298484180745,7.601624288363202,7.087713130731636,6.173840217003312,32.57360360782945,6.841347539143423,5.626238299591802,8.174469370853378,7.173535649709343,5.635901583597657,6.208015781072415,6.060336221636672,3.202689707947223,5.326785889262231,4.641964074060278,30.5218218165299,6.194324850517011,32.24261214604054,7.281584072032195,8.333466974911788,6.249416105746533,6.807454992731231,5.403078808195877,6.636010904595091,6.827989231016613,6.419103989516672,32.52172140277941,6.846181657677259,6.03435334497806,5.397273370815925,6.766669224180579,5.506234716252278,6.290070844922621,8.273919835122388,6.745936666652557,31.89416548524196,8.068859980433954
67,32.45536223800313,4.545689039053028,5.122809304182517,4.417195507265594,4.21251805023258,4.338819761466892,6.673215346909497,6.401388435857308,0,5.173851151459124,3.652036224279442,3.677122179011321,5.838076919161225,3.037661307396415,4.675624406669954,6.159390345292013,4.122048716439588,4.42665901166266,5.182438191900046,6.3909777883292,4.73799390455311,32.51284841412699,5.178529136838076,4.830446803042419,6.602407373544482,4.803980127471589,47.94965705535336,31.97103112193912,6.543102488054117,5.663081840777504,5.667807028681188,4.839224188032357,6.162719403627206,4.656651175331511,3.530260011230156,4.925538029699475,5.564498285633627,6.050024608103037,3.465745859835308,30.92069489840098,5.535143870746238,4.383435766968591,4.890699293844621,4.338945628393148,3.689298899405963,5.441104038966116,6.372668723966173,6.547493733758866,5.970205535369272,4.786169842633188,5.897183964308102,3.708972990488559,5.997820656291873,4.824622079824445,4.740026169385532,5.312349681691856,5.591654672844836,7.637698906533921,6.704328816800087,5.497425904231558,32.83974616223457,4.726511547342453,4.712563245377376,4.608450101586372,4.136029605665262,4.891499596442768,6.852787153322053,33.02610680961351,5.121974602261056,6.400161439325024,4.831473972850169,4.851091673181056,6.006230561064472,5.466379188847077,3.048390295516315,5.581845311813664,4.300903423131081,5.006679204500126,34.00047999661182,6.957056847169614,33.59996251486005,5.497707488061616,6.470224832707492,3.688055851021253,4.407225397837548,3.542159369939573,3.658952918671512,7.196107652789162,4.075150454709341,31.80507968862835,2.915938279739033,3.448798538418059,5.21000946173113,5.256212237076809,4.227180778505139,5.97907339101378,5.901207279597848,9.734394165371729,31.10209412563728,5.777835582497911
60,34.50492175038222,8.001906988316565,7.825158318379945,7.65541762627872,5.150729397357545,4.428375711813708,6.336210211634016,8.072075261356121,5.173851151459124,0,3.679124255610569,5.48599096213486,7.222971016881761,4.556920515055764,5.528627356953106,8.196208201693768,6.754197556633514,7.414634683134153,5.151244485676877,6.17989288778861,5.91768734907855,31.99503347396279,6.779269661570904,6.75520974722548,7.93471773819495,5.378082548450715,46.92373949446091,31.23718130689771,6.96291604693846,6.001914001078773,6.039831565874816,4.801069700114441,8.277628670342056,5.019045809136793,3.314778169285211,7.052434029518665,6.414439627032088,8.471459999782306,4.795934835692932,31.16244043716729,7.066358401950651,5.52219593641434,6.854541458917513,4.660555266483051,6.187705703314745,7.348032662441438,5.256191865790833,5.095394330992283,7.062274855862036,6.291037878446402,4.70435457747665,5.567792866045783,4.742203739560218,7.628304275817851,6.009531745367141,5.236182574592686,6.878237942573724,8.270933545685375,7.219289067729482,4.389136418463534,30.86968647395046,6.974455609661699,4.420826219940347,4.056816558990573,5.413190872858118,4.771880974784578,7.47965469243264,32.49987430744925,4.281228587034556,8.253962998165903,5.090527832079732,5.703585633688579,5.859696107595298,3.969801714808474,5.073768946198842,6.069008425249091,7.04129636102496,5.914364759451329,33.09875394935587,6.605284894449444,31.60426892051135,4.044767918021213,4.163490319184561,5.716209853281791,5.039517325124251,5.406323198717516,4.264632862309266,6.126169514704207,5.760047079714318,31.69229276969402,5.128425263502733,6.740320535715685,6.595978644477729,5.74983770044373,4.737056113970231,7.364870547462957,7.787773784379851,8.96944451050304,30.33511789988626,4.202910304594599
26,33.42891431081781,6.291325467208242,5.680237543508421,6.305395016763889,3.028877431368385,3.037880471210972,4.77019700650572,6.537989506775105,3.652036224279442,3.679124255610569,0,2.613078540593206,6.809569637016918,4.769935767723166,3.872263769700919,6.56670187052497,4.934800947667433,5.84305663508712,4.356181920232511,5.858884152103892,4.497701098187003,32.81321925687877,4.227677776324759,5.710363944875159,6.231967166242709,3.116879814440129,47.7082629610853,31.42158110280259,5.399108667195906,5.365753379891725,4.490268888864292,3.389367993432383,6.414604185399368,4.000493677320206,2.243315633480872,4.984561611608251,5.574003632905656,5.786059132566391,3.882527524235325,31.61535049623837,4.855905417309583,4.029215964459054,5.868986866159089,4.635413179714714,5.075613687724439,5.165861742273965,4.901608298668966,6.02499302826769,5.874927254310785,5.015336716298403,3.991341563173655,4.190652169072867,4.727654259267967,6.059780638898452,5.902159619904131,2.75965293255646,5.464882284754347,6.612100569763853,6.223135084055328,4.422800309088059,31.27595792297976,4.923361279129487,3.908011119918429,3.950083321118975,5.355835218563533,3.37101231813639,7.078000284963903,32.38567793022094,3.593256844693529,5.332860789654835,5.480456697649889,3.706307758189535,4.528464803505864,4.55933897298965,3.971560925796481,4.603447437455784,5.517967824892891,4.309145453594105,32.91897732311866,5.88691845706191,33.15823624682108,4.779847734443121,4.982416870738755,4.343192825928151,3.516964203389358,3.74943025702213,1.884282567948289,5.926180847476536,5.555379447879319,32.98451424532428,3.172726482559326,5.169106478467945,5.447984188020637,4.081114772037479,4.064465298195931,4.844061685944832,6.026310432232283,8.379668086537892,31.23148621183436,4.696943627111265
81,33.22602808040708,5.458506192800856,6.147532815497124,5.653152448296037,3.132658639699276,3.439148331044053,5.163389419426384,6.919400048038892,3.677122179011321,5.48599096213486,2.613078540593206,0,7.304131629089241,5.416008508213954,4.842178350081522,6.284538470049272,4.980204196411376,5.694053453200238,4.44128422836517,6.282521341634101,4.815434524072677,34.08274402098517,4.005920566196757,5.749688117694541,5.730785656417169,3.669027070657089,48.91402005219485,32.96657787820872,6.637800942511231,5.005187386595371,4.41291211937328,4.110033420032654,5.319143739521621,4.284762781965431,3.397142945761002,5.188079298970406,5.687033473664041,5.336712316207195,3.998565152984351,32.35491311995754,5.426312823715778,4.690295846021159,6.221799949131778,4.540590649599267,5.724685798033848,5.945316023051387,5.38373350885178,7.037169603407172,5.965896261252412,5.357916307497335,4.111702586859666,4.119906497786507,5.454409059536241,6.403064321056063,6.034835617547256,3.502694429485091,6.768583755150249,7.284165637198488,5.897987170867095,5.467687482140517,32.49033865628368,4.179830397427446,5.033857760052033,5.455566967179618,5.032379028916095,3.84564482308929,7.006649625640511,33.77639129628862,4.671367533237454,4.667072832745836,6.234031394195427,5.360602102873842,5.56110745997184,6.496226275322638,3.599994712052013,5.842785740746055,5.284147619281164,4.275933489974221,34.00000538235253,6.723498367997803,34.03842568333618,5.936586597414031,6.280136885790372,4.101543801570151,3.804697332040919,4.547488099124655,3.628172381343281,7.090079101915218,5.217423863207585,34.15481913288373,2.288016200323314,4.12886569845592,6.113539783012541,4.533372647307881,4.466828298805209,5.536695018270908,5.459959955234684,9.141300011993453,31.86289090776291,5.302865399492423
41,32.24197135722319,7.000115379202774,6.650546008109065,8.843370543695228,6.845386098759,5.543529275175889,10.60791609106888,4.594599008232892,5.838076919161225,7.222971016881761,6.809569637016918,7.304131629089241,0,4.622295939815988,6.843943583574429,9.23753177489051,4.541371495284243,7.85937453116096,5.792525093834452,8.906897215795698,8.219800223436732,31.37826051584121,6.694020298561988,7.313328228318116,6.734120902556668,7.757569843906976,47.53349293292244,30.36856723653586,5.701095814319979,9.122920759789972,8.472300289868505,5.990228421669603,7.16736641779249,6.754346785723775,7.152994067220216,5.530114280251373,6.262236348840782,7.281785132921677,6.497838134659912,32.04112878785638,7.727382573832487,6.928402750469269,5.054382270355426,7.327054872715335,3.688336833647266,6.539796939844353,9.280713380421183,5.917519414242271,5.106999782512185,5.889498821075007,8.784963050372438,7.359660538976732,6.869590126667987,7.335150051152586,7.746316344955136,6.573900935720532,5.954383693171041,10.49370360897822,8.953147251458233,6.239350000081779,34.59968758529476,6.31876402387168,6.206842286870505,5.467112446446016,7.443648773603194,6.66145715256298,7.637004399966913,33.17888201853704,6.564793688112323,8.488325094524708,5.875665630341376,7.443311032607008,7.505882737679985,6.865179862492598,5.861730259378172,4.71542873384013,5.581252884447559,5.211346447922404,31.90057643679813,8.053160360361542,32.1131323915933,6.868433874386974,7.429197409066943,6.168286288864682,7.237966013063708,4.992879211152614,6.692843451158522,8.83759108684443,6.166708392149251,31.66222868024296,6.405177533222584,4.80872147663798,5.143150901361403,6.855022040958501,4.787622001312663,6.882817589081928,8.27434208575491,6.898416104169224,29.25203712564306,8.696332985494138
44,32.48364017470949,5.832902136567579,5.701678489232942,5.491563726054624,4.632671852073806,4.118499482148084,7.627197547974842,5.988474883771187,3.037661307396415,4.556920515055764,4.769935767723166,5.416008508213954,4.622295939815988,0,5.329666172953019,6.953865829573441,4.51713458463984,6.591922637781679,4.411066795088717,5.610834685943589,5.396265041074011,31.23965414341202,6.220603002967204,5.352925623346846,6.676786473575627,5.923172858492292,47.20052621109159,31.55746225538422,6.059238364525575,5.994053966738955,6.322540807861843,4.855227028121307,6.650079638086026,4.274479153198186,4.380105203250017,5.293879629879627,5.200237401042785,6.951010691661068,3.549258735441318,31.14901947092396,6.121085400329468,4.740506780623248,4.466350416723855,4.130235528182165,3.400331083349019,6.205842914453948,6.542237364660682,6.336323265428284,6.090064993324288,4.790789569292146,6.163906447639622,3.954386175110524,6.118235540544701,6.018205510816652,4.528785298013529,5.768992033320026,5.983951683983742,8.080461075709456,6.641129479672962,4.883147671657494,33.02243018010637,4.811285551585258,4.31349895473404,4.243819777479057,4.107208380154794,5.470168170000052,5.819434312725225,32.2968515183756,4.977667473993089,7.690454225049048,3.902241147215982,5.761513136997328,6.596881113643941,4.86843266034776,2.969931239362077,4.980867777472882,4.123287749776111,4.530818176652605,33.47720022642276,7.104634298251608,31.72638674668138,4.080157101004296,6.093546135491628,4.859363333542669,5.65991545004883,3.981827168062331,4.696284105173213,6.649791137936431,2.984795257378957,30.97966363600482,4.515143788881341,4.031058592121976,4.321246315091082,5.865953477492072,3.515635531568788,6.870687889605407,6.519666409071609,8.286605692374732,30.06479695590841,5.713316048489268
43,32.24560066117548,5.736639584347134,5.064788624436722,5.971851652875118,4.438852215691909,4.214851419135349,7.491256145290762,7.022687443031392,4.675624406669954,5.528627356953106,3.872263769700919,4.842178350081522,6.843943583574429,5.329666172953019,0,8.499568260212175,6.122745962369973,6.398644794243723,5.339807467238485,7.128677570830657,6.631164523614165,31.91660796513314,4.405522256675448,3.975936024863907,5.260046216856027,3.082460285311986,46.52345128568884,31.55424977716947,5.677625993063511,7.154319513296127,6.34249888157832,5.207954151236951,6.472228567314836,6.219935832157527,4.888584444984887,6.091924808153916,5.116045479176978,7.236615805951748,5.669837474810149,31.87648244395859,5.017047735844693,5.566592019631066,6.321500128844034,5.960790613158075,4.802362436652174,5.548148277258762,7.082130506480993,7.78012616358835,6.550504418891664,3.99245929687787,6.969362777054376,5.242518084198065,5.383190848056867,5.813394400659307,5.908814653209919,5.153740205818502,4.601460057426899,6.474651751143119,5.54699892672545,4.687632351124182,30.26098921053308,5.245663208507296,3.962797447403278,3.998396263075513,6.127628159969455,6.339876388788347,8.951617938317087,31.02349375876289,4.677892612334111,6.073052102893032,6.584723040694551,4.63787681922304,5.898136515913701,5.542056439451908,4.367639944960679,5.084726975645507,5.504140403088726,5.633328903654118,32.0060210585446,8.522125327271681,33.74763373927126,4.261723090036924,4.903927692454302,4.377779076747613,3.990104948251091,5.177426669869212,3.570526212597559,6.668504283239953,6.774851258125502,31.17629259549635,5.016993864899756,5.188981450295014,5.477743340074247,4.019979215847891,4.048102334360222,5.287779648345318,4.236804018351346,7.899367852542542,29.39592235327886,6.623337629032441
72,31.63935866922717,7.767543927309202,8.936011746440125,8.0232930043642,5.089290635857663,7.27445394906644,6.722363935053276,7.414575875767957,6.159390345292013,8.196208201693768,6.56670187052497,6.284538470049272,9.23753177489051,6.953865829573441,8.499568260212175,0,6.738685890724242,8.018128651546689,6.955107894396606,6.148273550262499,5.751738912632115,34.7730009777701,8.196508461154073,8.49978223092511,8.759848871263934,7.691675853270009,48.04718167587308,32.48337325463597,8.532248988540678,6.332701129682565,4.041896272148068,5.704292608896774,7.026377554947191,6.252250544907704,5.547955889861297,4.867471681578087,7.15654699312148,4.294168445255027,4.102142572743187,31.13016414990452,6.836793704877811,6.882139895897398,7.513717641774677,6.822569371106453,7.149694860978652,5.380522069202289,5.213514080691143,9.799624589036313,7.692783363218167,8.477103840815854,6.713027397596163,6.109673672782336,8.017478486445929,7.696080176000525,7.189072303543923,6.659777795690047,8.574838668506901,6.820002458711795,7.494996483742931,9.215225280099895,33.44245100168348,6.339506539659255,9.110765418959788,8.369795279160053,5.852270518506997,6.223937222092684,4.624496092523501,31.86538262754741,7.751650930149759,6.513220070270947,8.120918370777485,8.368809010516649,8.243270396458314,7.859249872427463,6.473460599927702,7.714183518195113,6.745767470389628,6.690898296563093,33.52835592450069,6.703889915972574,31.79654629043852,7.765849748860734,10.35081685795804,7.388012822353369,7.729390749733843,7.206061644883634,7.581840450763893,7.377052644904741,5.413482072552583,32.5221032683927,6.32501435251309,7.225925378155708,6.946988340767509,8.575670247148809,8.121914511698858,8.869357301493677,8.924437013890129,11.39470759591004,33.43460216601957,7.701521591122999
73,31.27073179508276,5.052565506256784,5.770977859922421,6.718702314658861,4.90768856039137,5.037527055956561,7.879599608733818,5.183472639135772,4.122048716439588,6.754197556633514,4.934800947667433,4.980204196411376,4.541371495284243,4.51713458463984,6.122745962369973,6.738685890724242,0,6.693961339545788,4.331921001621152,7.874255544797428,6.00593929515114,32.20561163834651,4.363474072207643,6.910415456230473,7.125793626647818,5.776516477211907,47.86196940296765,30.17537850632531,4.982312946797897,7.994656319450952,6.684367244991265,5.440664515244784,6.353483343414844,4.444166268624452,5.760788263880435,4.601774727794278,5.697923020094059,4.850367496887343,5.113760076827928,32.24917884225893,4.680119727786852,3.922367674885385,4.647795319752595,5.446008207971887,3.6748197962652,5.154270740098897,7.925457768958029,6.845357385261502,4.10821994844409,4.721811823112954,6.499329389491611,5.180446026955734,7.299956867743866,6.553650656376543,7.921340054060319,4.583431339677069,5.047124710936599,7.817444690291982,7.268095541825958,6.888815872557325,33.35353281138297,4.438569475496413,5.279201712590661,5.103278566444871,5.930345886653927,4.588977062006707,6.418055490015411,33.26582636881278,4.610431704276664,6.90324289633285,4.724878906903618,5.53838977892111,6.846567924472113,7.231034281797501,4.407506823869763,4.710924287245332,3.302832434234537,3.823306530026028,33.36643317767123,6.061949657661727,32.74791117002732,6.640281543983287,7.22917641304616,4.820354897436021,6.092220566888582,2.39965363226055,5.05372438319367,7.673433382913056,5.333214139293676,32.42475268988186,4.790191297035641,3.834586244235443,3.300467491433265,4.957158015735763,4.478294683756912,6.457352149689289,7.82925641588015,7.826827205767724,31.0094715208112,8.044664545438318
63,33.47911014349097,4.951708259356707,7.439678748434628,6.837920014118576,6.512981639155268,7.387506936671948,9.25233582203585,7.368490064456921,4.42665901166266,7.414634683134153,5.84305663508712,5.694053453200238,7.85937453116096,6.591922637781679,6.398644794243723,8.018128651546689,6.693961339545788,0,7.731356765579981,9.190756490506619,6.163748193063671,34.32532621840614,6.869579513768283,5.274219703335489,7.825616750402386,5.82772601208278,49.48026577443088,33.78174470035556,8.154089295431733,7.271352421372113,7.382127964924481,7.30550393206272,6.522902166778851,8.366677347580778,5.5779159483195,6.512020030233201,6.527807690797536,7.622343312821261,6.44064906390886,31.9509451033925,7.242379857403178,6.436315276591312,5.676631127893477,6.704327944879184,5.435185396486276,6.859267786590294,7.699833475879471,7.126023484643676,6.490833573073142,6.117934872108447,8.40529239079091,6.96573772545791,6.500546588320858,3.545261410045241,6.543639278817795,7.661798463952808,6.059707104859285,9.27861068605614,8.586834806139041,6.803001365928833,33.60481346474042,8.052033889537606,7.091297490409813,5.814403117105603,6.271684476937765,7.369449256911555,9.257975269884971,35.37841744623408,7.088305822292272,6.76518430409226,8.278186339098248,6.686362184996558,5.955915209998754,6.80591317405813,5.998945513019033,7.444974488248432,6.705828337414352,7.840313552930983,33.97576212537403,7.451743839191245,36.14537778195159,8.330279146844164,7.448716097504676,4.021899250434807,4.128753320504647,6.144975050901758,6.005054967580154,8.048386656714813,7.244952273218028,31.99963577917724,5.683952614561449,6.118503194325252,8.120909745504409,6.192563658589837,6.649216255113426,7.787001077650252,8.206328234838288,11.9513365314591,33.39664547525696,7.472475300042756
52,32.0491641388664,5.628587835321138,7.03165503689613,6.680789175015952,3.058226266261771,3.597125319256698,7.045204142630864,5.745078585270415,5.182438191900046,5.151244485676877,4.356181920232511,4.44128422836517,5.792525093834452,4.411066795088717,5.339807467238485,6.955107894396606,4.331921001621152,7.731356765579981,0,5.793366244006635,5.438763715040852,32.48095060185278,4.411765261179172,5.842480085149932,5.525524547627071,4.451681021563581,47.54229701236247,31.9584912190798,5.060605902866547,6.117575477296842,5.08880757079428,4.40390539061477,4.963262943484705,3.789542063628899,4.804718803702901,5.250445194388828,3.715924384489296,5.764719682329035,4.263039338271172,33.25176685531162,4.618782238832392,3.95909232665602,5.006125468732135,3.437970174046358,4.796346534658108,6.230571785797924,5.703437931537358,6.848556109180389,4.333734134347306,3.956450272875086,4.530950145723306,4.294741318194822,5.517492395167218,7.194874808130812,6.677282527239721,3.779395106899207,6.12752749274864,6.74105917638284,4.358646445327909,5.085070574965038,32.08312755951328,3.878458982765356,4.241798443113711,4.216481531131429,4.383545381855726,4.618488546397146,5.203053947214872,32.96494849078336,2.910539209541598,6.25057303396933,5.289276657668354,6.406034036311625,6.128457901473825,6.362241235745317,2.937623145060119,4.605877851342925,3.640559730593512,2.612368598342753,32.81307020075995,5.903937149322259,31.36892352313034,3.968758228794679,5.278696718009313,4.415090475875744,5.015040994085136,4.302085409434873,5.112368816034039,5.426967766234741,4.334487487988635,32.43105314355365,4.835998497949354,4.320812614163151,3.726048304281416,3.916977226087003,2.802886956341127,7.246629914276721,6.719005916782985,6.137657571510115,30.59859988626931,5.993499989307967
55,32.90875745147483,8.615897274735136,7.455413885198052,6.754038800099728,4.305077087673751,5.486634013445871,5.536440684834006,7.502064183691192,6.3909777883292,6.17989288778861,5.858884152103892,6.282521341634101,8.906897215795698,5.610834685943589,7.128677570830657,6.148273550262499,7.874255544797428,9.190756490506619,5.793366244006635,0,4.525085186344126,31.67429476720832,7.826419589693844,6.963953836802901,6.958206242991412,6.675164710195888,47.14509501272042,33.48370953165135,7.296362415036254,3.533412097965613,4.976236994315762,5.349109547617696,7.116503745519193,5.29843297414995,5.011471374361336,6.451021327171055,6.996193406933456,7.072889737415819,4.46717082363004,31.41039958357741,6.848383280004474,6.296128241177968,7.169636241528942,5.510463888807142,7.106241286642211,7.623624003027949,4.51894027398824,9.43674639757071,9.017768826050572,7.247055007055281,5.119286185417382,3.985053873004589,7.445299056173505,7.744142248305709,4.762160927787489,6.150583753314073,9.014464803832732,7.14078740060401,6.154175743014853,6.150938511156802,32.12806186186773,5.92784564100441,6.635502266403376,7.022234645832267,5.919080315328713,7.189582749469111,5.168297014582501,30.70653256230668,7.01997191846282,6.694243936330915,7.942966984875826,7.314679544134735,6.759597985140965,5.586679716374048,5.277994119688366,6.365501251610737,6.733297794087422,5.455136349535977,32.83445317041233,7.561325757465493,30.51052031676943,4.997139019201169,8.342659259985366,7.667641444094096,7.430176160580978,6.992074759212879,6.134092534574889,5.720016578273522,4.879776614986493,32.87406283074851,6.380904033261022,7.45392342600232,6.956339534106384,7.964939853497873,6.147164484392532,7.691092559007533,6.809107184264771,9.05239390239044,31.91967111359388,4.315461166763142
92,32.714312448835,6.378781160471879,6.532126578937955,5.62086648753237,3.824682959866022,5.872872275704315,5.365542840779946,6.399665229340972,4.73799390455311,5.91768734907855,4.497701098187003,4.815434524072677,8.219800223436732,5.396265041074011,6.631164523614165,5.751738912632115,6.00593929515114,6.163748193063671,5.438763715040852,4.525085186344126,0,31.9929358296484,6.067175390389444,5.846371400833585,7.133769746379941,4.935259358291251,48.24833133293894,33.15637525424031,6.048815353223301,3.804228815486022,5.113100516042794,5.802731196848184,6.080801230326379,5.357194381615631,4.097619252441802,5.725087012043849,6.347244322345632,5.966836075871672,4.646627510196865,31.7985498725964,4.963526175678593,3.571587654502445,5.107373542490871,4.282512599527225,5.641753506613211,6.86162070852543,4.92474156346384,7.872694892874865,7.150039563924339,5.518715311696999,4.570216286166686,3.30794321419447,7.112732557220604,5.036709139140972,5.676680023692735,5.355993066134956,7.115518277103656,6.897104680554644,6.520728362730562,5.707984163877122,32.39232870603779,6.29867972450447,5.511862958119706,5.372683281153259,5.362538910810369,6.307359035970517,5.788390036340256,33.18268653982074,5.687309203327077,5.448677491611067,7.557916727198073,5.412564196851528,4.377954371529097,5.263259722948047,4.616458886199863,5.591348631625249,5.358085685022609,5.072523777201631,33.36322369016521,4.724302726526337,32.66048866750158,6.349027275156411,7.323978442798928,5.564082596239924,5.49936822716869,4.753075352473458,4.590593338044212,5.046016535281834,5.340945382733723,33.05573845794403,5.370400138546108,6.629067329276606,6.469055829176256,5.998680041677733,5.381370299701665,7.029832098838836,7.725751298200228,9.725230567867804,33.63753287623813,4.411678380123535
70,31.35941705453085,32.79770450809021,31.0067209649779,31.64502651286612,32.86486004838603,32.72459330534149,32.91464108873133,32.08804810205818,32.51284841412699,31.99503347396279,32.81321925687877,34.08274402098517,31.37826051584121,31.23965414341202,31.91660796513314,34.7730009777701,32.20561163834651,34.32532621840614,32.48095060185278,31.67429476720832,31.9929358296484,0,31.61471056328051,31.65189504595262,32.1845632873898,32.4275873755665,32.36972214894654,30.12008261940861,30.85272898788696,33.09086602070123,33.95930259884617,33.22062019288624,34.11376892106765,32.78308362555298,33.07682404645283,33.81315825237271,33.95061554670254,33.88515347464137,33.49481252373268,30.34875995819268,31.77440133188981,31.69301146940757,32.55674618262704,32.03177651957505,31.11417387622562,33.52788293346301,34.68928348928527,32.30020820366332,33.74557037597675,31.12410628435779,32.74904163483262,31.13938130406576,33.82581475737133,32.00695143246229,32.6323485057389,32.53101410961546,32.23271395647596,33.64121463324415,32.57059905804619,31.98712275275787,32.70517677677344,33.36816424378183,30.81746431814273,30.97173793961198,33.45079333887316,34.46275353189295,33.68550097593919,31.98313635339723,32.75459093012765,33.86995144667321,32.78859271149038,31.60521089947036,31.33202275627923,31.17475408082638,32.59128085853638,31.16981097151537,32.14587301660977,31.52180220101636,32.15959166407435,32.76309765574678,30.27898140624946,31.40691659491582,32.73870267741226,33.0781211830418,34.22780361051523,30.83620784078354,31.48857613484611,32.98255696576601,33.24726939163576,32.8368399210399,33.03024017472475,33.13849948322949,31.71857317093568,33.04495027988391,31.01228780660982,31.57083487967969,32.48036802439283,30.86684763625854,30.31135600727886,31.86783968203681
