,0,89,98,27,39,21,80,78,67,60,26,81,41,44,43,72,73,63,52,55,92,70,10,93,85,13,94,42,49,25,22,45,28,34,90,1,96,91,56,16,61,38,77,14,12,7,57,6,18,86,65,75,31,99,29,83,84,71,95,11,47,48,76,88,30,58,15,69,19,62,23,53,50,33,68,54,51,79,97,40,46,20,24,5,9,66,37,87,4,35,8,64,82,17,74,3,2,32,36,59
0,0,29.306,31.541,32.757,32.017,31.359,31.938,30.896,33.648,33.190,32.382,32.478,32.248,31.070,31.987,32.859,34.127,32.419,33.603,32.463,31.170,33.886,33.429,32.880,31.572,32.484,31.903,33.038,31.193,32.117,30.596,31.437,32.322,33.446,32.381,30.082,32.016,31.624,32.213,31.271,32.072,32.763,31.421,32.246,32.242,31.737,31.661,33.594,32.049,33.167,34.120,32.561,32.993,34.015,33.639,31.767,33.916,33.875,33.100,33.226,34.261,31.709,31.006,32.826,31.868,30.247,31.639,31.803,32.909,33.317,31.387,31.811,33.298,33.403,33.122,33.548,31.515,32.821,32.561,30.724,34.309,32.714,31.265,33.528,34.505,32.536,30.740,33.727,32.005,32.382,32.455,32.040,35.059,33.479,32.295,31.405,32.833,31.381,32.467,34.851
89,29.306,0,30.125,33.368,31.351,32.837,33.232,33.508,32.566,30.788,31.652,30.407,32.462,30.387,31.574,32.697,31.253,30.573,31.511,33.727,31.243,32.054,32.985,32.500,32.105,30.980,31.769,32.178,31.099,32.122,32.720,31.287,32.737,32.213,32.963,30.857,32.854,32.390,30.467,32.425,33.566,32.073,33.158,31.176,31.662,32.522,31.453,34.726,32.431,32.828,33.921,32.571,32.813,32.942,33.624,31.128,32.404,33.172,34.369,34.155,32.075,31.663,31.730,32.190,32.345,30.915,32.522,34.098,32.874,32.431,30.370,30.883,34.084,33.825,32.130,31.553,32.307,32.799,33.611,31.741,32.987,33.056,32.839,33.500,31.692,32.963,33.434,31.713,32.513,32.750,31.805,30.711,32.131,32.000,32.063,31.973,33.534,32.925,31.199,33.067
98,31.541,30.125,0,28.385,29.735,30.311,30.373,31.526,30.192,30.909,30.829,29.069,32.497,30.285,31.191,32.209,31.235,30.311,30.083,30.774,30.381,30.236,31.231,31.576,30.774,30.065,29.623,33.042,30.655,31.156,30.026,31.083,31.587,31.439,30.329,31.221,29.120,30.009,31.226,31.009,30.756,31.351,30.375,29.396,29.252,31.894,32.809,32.564,30.599,30.918,31.554,31.051,30.343,31.619,32.875,30.959,32.143,32.147,30.488,31.863,30.282,31.307,31.476,31.462,31.569,30.223,33.435,32.769,31.920,30.510,30.593,32.802,31.862,31.355,31.180,31.279,31.218,33.959,29.413,31.960,33.158,33.638,29.740,30.036,30.335,33.030,32.422,33.599,31.416,32.103,31.102,31.243,30.899,33.397,30.949,31.556,31.349,32.260,31.577,31.276
27,32.757,33.368,28.385,0,29.533,30.120,31.527,32.193,30.077,31.697,33.380,31.665,31.595,30.897,32.734,32.159,31.579,30.966,32.362,30.581,30.255,30.491,31.422,32.226,30.012,31.557,31.744,33.132,32.089,32.221,30.828,30.161,30.532,32.037,31.903,32.935,33.669,32.478,30.313,30.175,32.493,32.365,31.272,31.554,30.369,31.735,32.181,31.944,31.958,31.055,30.964,30.818,31.292,33.520,34.905,32.554,33.492,30.876,30.854,32.967,30.503,31.281,32.233,33.310,32.399,33.255,32.483,33.616,33.484,31.690,33.683,33.215,32.217,31.484,31.309,34.546,32.423,31.281,30.880,31.125,33.852,33.156,33.514,31.945,31.237,33.060,31.459,33.437,32.374,31.867,31.971,33.334,32.531,33.782,33.006,33.831,31.889,34.668,33.414,33.400
39,32.017,31.351,29.735,29.533,0,30.349,30.997,31.619,31.540,32.901,31.664,31.840,32.954,31.307,31.954,31.223,30.639,31.876,31.412,31.905,33.039,32.601,31.615,34.200,31.336,31.149,32.097,33.869,33.034,32.451,32.004,31.334,33.437,30.769,30.509,32.390,31.732,32.245,33.009,32.249,33.259,31.270,32.069,31.876,32.041,32.639,33.859,30.967,33.252,31.267,32.390,32.536,31.112,30.579,31.362,32.156,33.185,32.403,30.992,32.355,30.659,33.465,33.376,32.128,30.909,32.855,31.130,32.415,31.410,32.885,31.873,31.485,31.763,32.645,33.601,30.946,31.290,32.357,35.118,33.074,32.267,31.799,32.279,32.239,31.162,32.857,31.982,34.175,32.116,32.245,30.921,31.911,34.141,31.951,32.598,31.815,32.440,33.585,34.189,33.078
21,31.359,32.837,30.311,30.120,30.349,0,30.279,32.160,31.983,32.705,32.370,31.407,31.693,31.114,32.032,31.332,31.175,30.972,33.826,32.531,31.719,32.789,32.813,33.045,30.836,31.240,31.012,32.557,31.124,32.428,31.615,33.528,30.853,33.077,33.030,32.798,32.480,33.138,32.233,32.206,33.368,33.495,31.522,31.917,31.378,32.088,33.641,32.915,32.481,31.489,34.463,31.170,33.221,31.868,33.091,33.078,34.228,31.605,31.571,34.083,32.300,33.746,32.146,33.247,33.959,32.571,34.773,33.870,31.674,30.817,31.652,32.007,32.749,32.783,32.755,32.632,31.139,32.763,30.867,31.774,34.689,31.993,32.185,32.725,31.995,33.686,33.885,32.983,32.865,33.813,32.513,33.451,32.739,34.325,32.591,31.645,31.007,34.114,33.951,31.987
80,31.938,33.232,30.373,31.527,30.997,30.279,0,29.901,31.570,34.810,31.964,30.771,32.974,32.401,31.587,32.726,31.876,32.323,32.170,31.924,31.808,32.629,33.158,34.309,32.463,31.726,31.965,33.763,33.193,33.634,33.078,32.774,32.572,32.364,32.883,34.140,33.931,33.391,34.213,32.748,32.991,31.793,31.096,33.748,32.113,32.243,33.166,32.357,31.369,33.444,32.785,32.207,31.487,31.485,32.209,33.654,34.785,34.642,34.010,34.038,31.955,32.754,32.944,31.701,31.163,31.436,31.797,33.800,30.511,33.223,33.696,34.526,31.292,32.019,32.734,32.843,31.991,31.486,30.972,32.985,31.844,32.660,32.609,32.498,31.604,30.128,32.377,32.271,32.063,32.791,33.600,32.010,33.899,36.145,32.801,34.259,34.959,33.332,33.041,33.401
78,30.896,33.508,31.526,32.193,31.619,32.160,29.901,0,30.140,32.019,32.433,32.201,33.868,31.625,33.869,30.443,31.277,31.648,30.905,31.815,32.921,35.493,32.919,33.431,32.718,33.477,32.180,33.413,32.404,32.345,31.863,31.170,31.202,32.798,33.218,33.429,32.791,33.767,32.027,33.366,34.056,33.357,31.895,32.006,31.901,30.522,33.428,34.232,32.813,32.814,34.056,31.000,31.575,32.597,33.426,32.800,33.345,33.702,31.360,34.000,31.763,32.062,33.757,34.443,31.707,32.317,33.528,31.149,32.834,33.483,32.107,32.017,33.690,34.723,33.495,33.264,33.544,32.092,30.547,32.633,33.043,33.363,30.348,32.932,33.099,33.493,31.727,32.550,32.334,31.955,34.000,34.199,33.640,33.976,33.877,35.377,33.569,32.048,32.768,32.609
67,33.648,32.566,30.192,30.077,31.540,31.983,31.570,30.140,0,29.591,31.935,30.520,33.257,32.197,33.714,33.053,31.249,32.601,32.962,31.982,31.361,33.069,32.386,33.846,32.743,32.297,32.803,34.181,32.972,32.504,32.718,30.438,31.606,32.371,33.158,34.321,31.023,33.728,32.069,33.266,32.061,32.148,32.309,31.023,33.179,32.574,30.001,31.584,32.965,31.973,33.402,31.455,31.405,32.896,33.279,34.089,34.208,31.930,31.141,33.776,34.926,34.434,33.044,33.178,31.610,31.656,31.865,32.547,30.707,32.801,32.652,33.268,33.213,32.476,33.141,32.156,31.971,34.215,31.326,31.592,32.559,33.183,32.215,32.189,32.500,32.910,32.003,32.257,31.890,32.027,33.026,33.491,34.015,35.378,33.109,33.039,31.536,34.172,33.245,33.291
60,33.190,30.788,30.909,31.697,32.901,32.705,34.810,32.019,29.591,0,29.186,30.442,31.879,32.760,31.504,31.325,31.686,30.879,31.516,31.402,32.457,33.295,31.276,31.388,32.056,33.022,31.754,34.621,31.458,30.038,30.675,32.287,32.378,31.573,32.279,32.410,31.680,33.699,31.784,33.354,33.391,32.908,32.501,30.261,34.600,34.480,29.993,30.548,32.083,31.103,32.945,32.712,32.326,31.381,32.720,31.857,31.989,31.669,32.471,32.490,32.805,33.155,33.189,34.228,31.296,29.879,33.442,32.455,32.128,31.390,31.318,32.772,31.151,32.922,31.209,33.190,31.650,32.571,32.748,30.737,32.077,32.392,32.400,32.537,30.870,34.692,33.439,31.630,31.644,34.098,32.840,32.265,31.127,33.605,32.640,32.099,33.384,33.711,32.823,32.673
26,32.382,31.652,30.829,33.380,31.664,32.370,31.964,32.433,31.935,29.186,0,45.876,47.999,46.801,47.290,47.201,46.791,46.551,47.104,47.255,47.031,48.192,47.708,48.360,47.070,47.201,46.921,49.341,47.135,47.161,46.699,46.919,47.460,47.492,47.629,47.693,47.169,48.254,47.326,47.862,48.466,47.819,47.178,46.523,47.533,48.026,47.077,47.535,47.542,47.334,48.739,47.393,47.254,47.294,48.419,47.686,48.881,48.140,47.547,48.914,47.392,48.087,48.062,48.496,46.912,46.106,48.047,48.319,47.145,47.569,46.927,47.882,47.650,48.370,47.787,47.899,47.092,48.036,47.016,46.995,48.358,48.248,47.129,47.953,46.924,48.561,47.945,48.092,47.452,48.436,47.950,47.614,48.247,49.480,48.073,47.839,48.375,48.792,48.352,48.520
81,32.478,30.407,29.069,31.665,31.840,31.407,30.771,32.201,30.520,30.442,45.876,0,5.626,5.407,4.560,6.798,4.937,4.296,5.285,5.510,4.906,5.547,4.780,5.443,5.871,4.080,3.908,6.375,5.017,4.979,6.325,6.559,6.234,4.601,5.758,7.093,5.867,5.863,6.396,6.640,5.238,4.459,5.111,4.262,6.868,7.282,6.421,7.225,3.969,5.140,6.113,5.425,4.732,5.448,6.159,5.577,5.508,6.395,7.509,5.937,7.630,6.853,5.504,4.924,5.620,4.622,7.766,7.551,4.997,4.396,5.324,7.410,5.816,5.034,4.312,5.169,4.728,7.879,7.188,5.854,5.550,6.349,6.225,4.074,4.045,6.684,7.748,5.265,4.122,6.390,5.498,4.658,4.947,8.330,3.882,6.660,7.085,6.900,4.622,4.676
41,32.248,32.462,32.497,31.595,32.954,31.693,32.974,33.868,33.257,31.879,47.999,5.626,0,4.675,3.789,5.445,6.066,3.984,7.287,4.626,4.165,5.537,4.029,3.653,2.842,4.741,4.162,4.320,3.663,4.027,4.494,6.366,4.557,4.855,5.421,5.307,7.775,5.597,5.127,3.922,5.270,5.153,4.356,5.567,6.928,6.308,6.026,6.234,3.959,3.934,5.343,4.797,6.024,6.299,6.414,4.644,5.021,4.114,7.013,4.690,7.456,5.506,3.469,5.541,6.236,5.997,6.882,6.553,6.296,3.636,5.857,5.739,4.931,4.234,3.217,7.161,3.597,4.910,8.172,2.928,6.460,3.572,7.394,5.294,5.522,6.436,6.115,5.149,3.973,5.829,4.383,5.233,5.691,6.436,3.814,5.431,5.782,6.449,5.348,5.662
44,31.070,30.387,30.285,30.897,31.307,31.114,32.401,31.625,32.197,32.760,46.801,5.407,4.675,0,5.397,5.488,5.194,3.494,5.881,5.585,3.929,5.856,5.076,5.082,3.407,3.400,3.598,3.200,3.528,5.287,5.102,4.675,4.558,5.200,5.127,4.492,6.813,4.034,3.854,3.675,5.347,4.815,4.474,4.802,3.688,3.830,7.802,8.805,4.796,4.862,6.201,3.701,5.161,7.058,7.156,3.859,5.138,5.578,6.126,5.725,6.314,4.364,3.521,5.047,6.479,6.718,7.150,6.364,7.106,4.895,4.517,4.113,7.439,6.009,5.155,5.813,5.071,6.443,7.674,5.046,7.378,5.642,5.643,5.068,6.188,6.669,5.690,6.518,4.667,4.120,3.689,5.362,6.480,5.435,3.961,6.353,5.233,5.392,4.429,5.291
43,31.987,31.574,31.191,32.734,31.954,32.032,31.587,33.869,33.714,31.504,47.290,4.560,3.789,5.397,0,6.108,6.309,4.471,6.092,5.480,5.603,5.703,4.635,4.886,4.663,4.130,3.681,5.614,4.452,4.561,5.371,7.557,7.035,4.224,4.516,5.012,7.127,4.935,7.165,5.446,5.536,4.231,4.606,5.961,7.327,7.463,7.301,6.451,3.438,5.176,5.663,6.508,5.774,4.675,4.818,4.003,4.931,6.690,8.354,4.541,6.912,5.951,4.441,4.054,5.284,4.555,6.823,7.095,5.510,4.567,5.164,6.518,4.001,4.632,4.096,5.736,3.251,6.006,9.134,5.379,5.467,4.283,6.843,5.098,4.661,5.892,7.135,5.836,3.895,6.729,4.339,2.668,5.695,6.704,2.825,4.964,7.693,5.841,5.056,5.624
72,32.859,32.697,32.209,32.159,31.223,31.332,32.726,30.443,33.053,31.325,47.201,6.798,5.445,5.488,6.108,0,4.356,4.269,5.339,5.041,7.539,8.846,4.528,5.717,5.203,6.597,5.057,5.769,5.431,4.531,5.482,6.835,5.343,4.693,5.788,7.038,7.812,7.245,6.404,6.847,7.750,6.345,5.473,5.898,7.506,5.636,8.611,7.308,6.128,4.446,6.915,4.714,5.581,4.787,5.612,5.315,4.846,5.716,5.718,5.561,6.029,6.550,6.969,7.519,5.979,7.504,8.243,4.910,6.760,5.555,5.586,4.772,6.064,7.342,6.050,6.649,5.856,5.133,8.732,6.155,6.162,4.378,5.842,5.894,5.860,8.080,6.786,5.915,4.905,6.086,6.006,7.249,6.390,5.956,6.075,7.968,6.968,6.105,6.612,4.508
73,34.127,31.253,31.235,31.579,30.639,31.175,31.876,31.277,31.249,31.686,46.791,4.937,6.066,5.194,6.309,4.356,0,4.180,5.046,5.905,6.831,7.107,4.559,6.702,5.749,4.868,5.377,5.753,6.313,5.873,7.427,6.281,5.784,3.884,6.157,8.270,7.689,7.419,6.131,7.231,7.491,5.120,6.204,5.542,6.865,6.208,8.231,7.404,6.362,4.485,6.488,4.581,4.777,4.537,5.755,6.286,5.472,5.356,6.214,6.496,6.012,7.465,7.165,6.272,6.185,8.001,7.859,7.111,5.587,5.359,6.065,5.696,6.629,6.531,5.994,4.914,5.906,6.428,8.760,6.996,5.399,5.263,7.113,5.259,3.970,7.361,7.770,5.309,5.232,5.788,5.466,6.625,5.869,6.806,5.819,8.078,6.700,7.713,6.399,3.823
63,32.419,30.573,30.311,30.966,31.876,30.972,32.323,31.648,32.601,30.879,46.551,4.296,3.984,3.494,4.471,4.269,4.180,0,4.756,4.994,4.919,5.836,3.950,3.444,3.693,4.244,2.867,4.386,3.017,3.710,4.745,6.096,4.521,4.429,5.365,5.492,7.209,5.504,3.917,5.103,6.386,5.431,4.890,3.998,5.467,5.760,7.427,7.957,4.216,3.845,5.841,4.088,5.321,5.726,6.808,3.539,3.768,4.827,6.563,5.456,5.215,4.729,4.871,6.076,6.435,6.143,8.370,6.839,7.022,3.124,4.430,5.061,6.177,5.930,3.281,6.268,5.183,5.771,7.384,4.887,6.558,5.373,6.172,4.783,4.057,7.612,7.280,5.195,4.529,5.914,4.608,5.365,3.552,5.814,4.170,6.799,6.307,6.296,4.453,3.728
52,33.603,31.511,30.083,32.362,31.412,33.826,32.170,30.905,32.962,31.516,47.104,5.285,7.287,5.881,6.092,5.339,5.046,4.756,0,5.469,7.427,7.594,4.728,5.993,6.718,6.118,5.145,6.902,6.422,5.352,6.548,6.216,7.389,4.068,5.076,7.223,7.167,6.178,6.771,7.300,7.190,5.102,6.087,5.383,6.870,6.766,8.891,8.404,5.517,5.869,5.646,6.125,4.007,5.462,6.335,4.675,4.048,7.676,7.244,5.454,5.025,5.604,7.457,6.456,4.959,6.776,8.017,6.359,7.445,6.541,5.921,6.858,6.546,7.212,5.687,5.960,7.091,7.083,8.881,7.729,5.188,7.113,5.733,4.888,4.742,7.774,7.339,6.703,4.979,5.855,5.998,5.778,5.529,6.501,5.644,8.933,8.756,5.993,5.121,4.916
55,32.463,33.727,30.774,30.581,31.905,32.531,31.924,31.815,31.982,31.402,47.255,5.510,4.626,5.585,5.480,5.041,5.905,4.994,5.469,0,5.118,6.273,2.760,4.774,3.979,5.769,4.338,6.440,5.557,4.217,3.710,5.161,4.726,4.078,4.042,7.017,6.657,5.485,6.247,4.583,4.558,4.679,2.910,5.154,6.574,5.837,7.002,5.210,3.779,3.621,3.420,4.103,3.108,5.835,6.272,5.476,5.290,5.092,4.756,3.503,6.559,5.501,5.658,6.134,4.466,6.293,6.660,4.953,6.151,4.929,7.005,7.373,3.965,3.942,4.129,7.416,4.898,5.647,6.857,4.886,5.668,5.356,5.798,3.167,5.236,6.557,4.659,6.543,3.161,4.723,5.312,6.489,6.295,7.662,4.869,7.649,6.326,6.197,6.013,5.516
92,31.170,31.243,30.381,30.255,33.039,31.719,31.808,32.921,31.361,32.457,47.031,4.906,4.165,3.929,5.603,7.539,6.831,4.919,7.427,5.118,0,4.590,5.448,4.884,4.004,4.321,4.465,4.684,4.361,5.762,5.354,4.938,4.229,6.143,6.218,5.977,7.431,4.881,4.550,3.300,3.907,5.085,4.152,5.478,5.143,5.397,6.015,8.181,3.726,5.558,5.534,4.197,5.494,8.254,8.217,5.635,6.455,5.678,7.188,6.114,8.227,4.916,2.826,5.167,6.701,6.076,6.947,7.409,6.956,4.957,6.640,7.112,6.971,4.360,4.047,7.574,5.150,6.912,6.299,3.891,7.538,6.469,7.046,4.987,6.596,5.956,5.610,6.216,4.589,4.796,5.210,5.773,6.699,8.121,4.224,6.890,5.825,6.620,4.567,6.600
70,33.886,32.054,30.236,30.491,32.601,32.789,32.629,35.493,33.069,33.295,48.192,5.547,5.537,5.856,5.703,8.846,7.107,5.836,7.594,6.273,4.590,0,5.480,6.191,4.950,3.902,5.516,6.528,6.567,7.137,7.122,7.103,7.203,5.863,5.794,7.523,8.400,5.389,6.576,4.725,5.491,5.227,6.052,6.585,5.876,8.174,8.488,8.019,5.289,5.757,4.510,6.631,6.091,7.979,8.528,6.445,6.832,6.152,8.198,6.234,7.087,6.646,5.540,5.064,7.833,8.168,8.121,9.703,7.943,5.233,8.122,8.764,6.746,3.850,4.686,7.681,6.116,8.096,8.906,6.969,7.926,7.558,9.183,5.073,5.091,7.261,8.164,8.122,6.321,6.850,4.831,5.754,6.242,8.278,4.958,7.340,7.168,8.948,6.641,6.877
10,33.429,32.985,31.231,31.422,31.615,32.813,33.158,32.919,32.386,31.276,47.708,4.780,4.029,5.076,4.635,4.528,4.559,3.950,4.728,2.760,5.448,5.480,0,4.081,3.749,4.770,4.064,5.869,5.015,3.117,4.228,5.166,5.399,2.243,3.173,6.291,6.026,5.169,5.465,4.935,4.923,3.883,4.309,3.872,6.810,6.538,6.612,4.770,4.356,1.884,3.371,4.603,3.389,4.697,5.366,4.343,3.517,3.706,4.844,2.613,6.025,5.875,5.518,5.555,4.490,6.223,6.567,5.333,5.859,3.908,5.710,6.060,3.991,4.000,3.593,5.902,4.191,5.887,8.380,4.856,4.902,4.498,6.232,3.038,3.679,7.078,5.786,5.926,3.029,4.985,3.652,5.356,4.982,5.843,3.972,6.305,5.680,6.415,5.574,4.423
93,32.880,32.500,31.576,32.226,34.200,33.045,34.309,33.431,33.846,31.388,48.360,5.443,3.653,5.082,4.886,5.717,6.702,3.444,5.993,4.774,4.884,6.191,4.081,0,4.373,5.866,3.775,5.096,2.873,2.717,3.674,6.448,4.958,5.442,5.608,4.920,6.959,5.243,4.242,4.957,5.496,6.143,5.122,4.020,6.855,6.767,6.435,7.787,3.917,4.352,5.601,5.151,6.104,7.155,7.563,3.513,3.289,4.895,6.978,4.533,7.222,4.553,4.381,6.780,6.728,5.483,8.576,6.370,7.965,3.475,5.109,6.174,6.166,5.727,2.396,7.663,5.512,6.617,7.466,3.858,7.083,5.999,6.374,4.971,5.750,8.239,6.989,5.718,4.445,6.334,5.256,5.788,3.746,6.193,4.130,6.533,6.393,5.858,4.182,5.031
85,31.572,32.105,30.774,30.012,31.336,30.836,32.463,32.718,32.743,32.056,47.070,5.871,2.842,3.407,4.663,5.203,5.749,3.693,6.718,3.979,4.004,4.950,3.749,4.373,0,3.982,3.507,4.560,3.929,4.619,3.694,5.599,4.295,4.753,4.289,5.218,7.296,4.511,4.760,2.400,5.083,5.055,3.597,5.177,4.993,5.403,7.637,6.793,4.302,3.292,4.766,4.014,5.185,6.530,6.993,4.433,5.369,4.032,5.475,4.547,5.996,4.967,3.865,5.576,6.435,6.993,7.206,6.545,6.992,3.718,5.989,5.655,5.523,4.323,4.049,7.124,4.134,5.464,7.766,4.227,7.351,4.753,6.744,4.533,5.406,6.923,5.653,6.907,4.434,5.176,3.542,5.842,6.122,6.145,4.102,5.975,4.958,6.611,5.969,5.570
13,32.484,30.980,30.065,31.557,31.149,31.240,31.726,33.477,32.297,33.022,47.201,4.080,4.741,3.400,4.130,6.597,4.868,4.244,6.118,5.769,4.321,3.902,4.770,5.866,3.982,0,3.516,4.466,4.791,5.923,6.221,6.206,6.059,4.380,4.515,5.833,6.520,4.031,5.984,4.517,4.811,3.549,4.531,5.330,4.622,5.988,8.080,7.627,4.411,4.696,5.470,4.981,4.855,5.713,5.994,4.859,5.660,5.762,6.871,5.416,6.336,6.090,4.123,2.985,6.323,6.641,6.954,7.690,5.611,4.313,5.353,6.018,6.164,4.274,4.978,4.529,3.954,7.105,8.287,6.121,6.542,5.396,6.677,4.118,4.557,5.819,6.951,6.650,4.633,5.294,3.038,4.107,6.094,6.592,2.970,5.492,5.702,6.650,5.200,4.883
94,31.903,31.769,29.623,31.744,32.097,31.012,31.965,32.180,32.803,31.754,46.921,3.908,4.162,3.598,3.681,5.057,5.377,2.867,5.145,4.338,4.465,5.516,4.064,3.775,3.507,3.516,0,4.594,2.704,3.908,3.766,6.521,4.813,4.662,4.229,4.945,5.593,3.716,5.524,4.478,4.593,4.840,3.061,4.048,4.788,5.506,7.845,7.538,2.803,3.972,5.578,4.094,4.737,5.384,6.002,3.598,4.454,5.566,6.010,4.467,5.936,4.932,3.881,4.861,6.058,5.152,8.122,6.245,6.147,2.782,4.220,5.888,5.410,4.815,3.714,5.693,3.965,6.707,6.434,5.078,6.701,5.381,4.531,3.312,4.737,6.843,6.673,6.227,3.782,5.666,4.227,4.849,4.579,6.649,2.689,5.754,5.658,5.155,4.387,3.627
42,33.038,32.178,33.042,33.132,33.869,32.557,33.763,33.413,34.181,34.621,49.341,6.375,4.320,3.200,5.614,5.769,5.753,4.386,6.902,6.440,4.684,6.528,5.869,5.096,4.560,4.466,4.594,0,4.045,5.965,6.396,6.140,4.544,5.958,6.503,5.364,8.156,5.283,4.713,4.648,5.940,5.481,5.202,6.322,5.054,3.940,7.942,9.291,5.006,5.834,6.746,4.147,6.290,7.343,7.041,4.770,5.240,5.955,7.428,6.222,7.216,4.754,3.560,5.149,7.257,7.351,7.514,6.719,7.170,5.235,5.387,4.412,7.665,6.254,5.261,6.313,5.620,5.856,7.896,5.346,7.199,5.107,6.638,5.923,6.855,6.122,6.342,5.440,5.155,4.629,4.891,5.770,6.451,5.677,4.329,6.892,5.916,5.265,4.152,5.108
49,31.193,31.099,30.655,32.089,33.034,31.124,33.193,32.404,32.972,31.458,47.135,5.017,3.663,3.528,4.452,5.431,6.313,3.017,6.422,5.557,4.361,6.567,5.015,2.873,3.929,4.791,2.704,4.045,0,3.452,3.760,6.509,4.563,5.810,5.696,3.753,6.273,4.584,4.317,4.722,5.333,6.005,4.578,3.992,5.889,5.730,6.876,8.462,3.956,4.677,6.889,4.603,6.356,6.920,7.123,3.303,4.365,5.397,6.881,5.358,7.487,4.855,3.121,6.085,6.937,4.961,8.477,6.275,7.247,3.358,3.440,4.865,6.816,6.138,3.912,6.626,4.566,6.922,7.130,3.740,7.593,5.519,5.300,5.253,6.291,7.764,6.875,5.816,4.439,6.112,4.786,5.353,4.982,6.118,3.441,5.362,5.550,5.071,3.985,4.847
25,32.117,32.122,31.156,32.221,32.451,32.428,33.634,32.345,32.504,30.038,47.161,4.979,4.027,5.287,4.561,4.531,5.873,3.710,5.352,4.217,5.762,7.137,3.117,2.717,4.619,5.923,3.908,5.965,3.452,0,3.244,6.034,5.505,4.240,4.668,4.985,5.618,5.511,5.145,5.777,5.507,5.484,4.987,3.082,7.758,6.970,5.796,6.235,4.452,3.372,5.811,5.301,5.355,5.661,6.028,3.491,3.009,4.676,6.054,3.669,7.489,5.808,5.115,6.692,5.264,4.555,7.692,4.888,6.675,3.902,4.106,5.418,5.238,5.830,3.670,6.500,4.430,6.645,8.303,3.736,5.955,4.935,5.467,4.671,5.378,8.179,6.461,5.531,3.353,6.144,4.804,5.461,4.743,5.828,4.053,5.675,6.127,5.494,4.863,4.884
22,30.596,32.720,30.026,30.828,32.004,31.615,33.078,31.863,32.718,30.675,46.699,6.325,4.494,5.102,5.371,5.482,7.427,4.745,6.548,3.710,5.354,7.122,4.228,3.674,3.694,6.221,3.766,6.396,3.760,3.244,0,6.218,5.278,5.706,4.427,4.740,5.976,4.625,5.718,4.363,5.008,6.276,3.893,4.406,6.694,6.463,7.413,7.047,4.412,4.137,5.810,5.217,5.671,7.141,7.403,4.183,5.092,5.476,5.457,4.006,7.450,5.276,4.786,7.108,6.227,5.600,8.197,5.227,7.826,4.546,5.526,6.484,5.786,5.767,4.572,7.983,4.914,7.053,7.521,4.162,7.850,6.067,5.200,4.776,6.779,8.421,5.738,7.675,4.328,6.180,5.179,6.570,6.377,6.870,4.667,6.242,5.876,5.626,5.997,6.207
45,31.437,31.287,31.083,30.161,31.334,33.528,32.774,31.170,30.438,32.287,46.919,6.559,6.366,4.675,7.557,6.835,6.281,6.096,6.216,5.161,4.938,7.103,5.166,6.448,5.599,6.206,6.521,6.140,6.509,6.034,6.218,0,5.653,5.347,5.897,6.848,7.475,6.057,4.670,5.154,5.570,4.862,5.821,5.548,6.540,5.102,6.291,8.059,6.231,5.775,5.492,4.850,4.312,8.374,8.100,5.951,6.069,6.143,6.050,5.945,8.181,5.542,5.838,6.580,5.215,7.446,5.381,5.611,7.624,7.340,7.049,6.232,7.870,6.449,6.194,7.337,6.703,6.983,8.709,5.396,6.660,6.862,6.943,5.751,7.348,6.944,3.852,6.956,4.736,2.807,5.441,6.870,8.267,6.859,6.074,8.430,6.600,6.539,5.591,7.454
28,32.322,32.737,31.587,30.532,33.437,30.853,32.572,31.202,31.606,32.378,47.460,6.234,4.557,4.558,7.035,5.343,5.784,4.521,7.389,4.726,4.229,7.203,5.399,4.958,4.295,6.059,4.813,4.544,4.563,5.505,5.278,5.653,0,6.549,7.151,7.391,8.040,6.789,4.390,4.982,5.962,6.724,4.432,5.678,5.701,4.112,7.163,8.406,5.061,4.973,6.625,1.849,5.848,7.881,8.248,6.465,6.423,4.700,5.570,6.638,7.835,5.702,5.035,7.334,7.445,7.550,8.532,6.370,7.296,4.729,6.856,6.453,7.365,6.051,4.936,8.199,6.136,6.136,5.084,4.340,7.879,6.049,6.444,5.450,6.963,7.417,6.066,5.701,5.162,5.126,6.543,8.013,6.467,8.154,5.878,8.344,5.176,6.814,5.789,5.362
34,33.446,32.213,31.439,32.037,30.769,33.077,32.364,32.798,32.371,31.573,47.492,4.601,4.855,5.200,4.224,4.693,3.884,4.429,4.068,4.078,6.143,5.863,2.243,5.442,4.753,4.380,4.662,5.958,5.810,4.240,5.706,5.347,6.549,0,3.216,6.500,6.466,5.477,6.363,5.761,5.598,2.670,4.929,4.889,7.153,6.683,7.009,5.013,4.805,3.472,3.915,5.413,3.141,3.587,4.099,4.468,3.830,5.229,6.080,3.397,5.827,6.253,5.987,4.612,3.466,6.221,5.548,5.624,5.011,5.137,5.619,5.810,4.024,4.561,4.636,4.612,4.218,5.665,9.422,5.874,3.456,4.098,6.523,3.808,3.315,6.169,5.963,5.641,3.086,4.877,3.530,4.304,5.772,5.578,4.015,6.429,6.823,6.268,5.505,4.743
90,32.381,32.963,30.329,31.903,30.509,33.030,32.883,33.218,33.158,32.279,47.629,5.758,5.421,5.127,4.516,5.788,6.157,5.365,5.076,4.042,6.218,5.794,3.173,5.608,4.289,4.515,4.229,6.503,5.696,4.668,4.427,5.897,7.151,3.216,0,5.429,5.389,3.493,7.028,4.790,4.617,3.603,4.272,5.017,6.405,6.846,8.360,5.792,4.836,3.866,4.051,6.022,3.757,5.093,5.152,4.091,4.628,5.966,5.466,2.288,6.074,6.075,5.578,4.725,4.571,6.411,6.325,5.580,6.381,5.363,5.711,6.391,4.621,4.567,5.408,5.478,4.187,7.090,9.462,6.337,5.933,5.370,5.722,3.434,5.128,7.014,5.660,7.978,3.833,5.253,2.916,4.752,6.784,5.684,3.728,5.696,6.325,5.825,6.199,5.709
1,30.082,30.857,31.221,32.935,32.390,32.798,34.140,33.429,34.321,32.410,47.693,7.093,5.307,4.492,5.012,7.038,8.270,5.492,7.223,7.017,5.977,7.523,6.291,4.920,5.218,5.833,4.945,5.364,3.753,4.985,4.740,6.848,7.391,6.500,5.429,0,6.890,3.943,5.942,5.053,6.005,6.221,6.061,5.737,7.000,6.916,7.954,9.289,5.629,6.402,7.507,7.087,7.347,8.107,7.586,2.806,5.067,7.379,8.312,5.459,8.345,5.124,3.859,6.209,7.020,5.638,7.768,6.544,8.616,6.235,4.088,4.872,7.813,7.349,5.981,7.084,5.466,7.825,10.050,5.302,8.325,6.379,6.307,6.821,8.002,8.225,6.667,7.919,5.488,6.543,4.546,4.828,7.461,4.952,4.241,4.970,7.138,4.721,5.016,7.352
96,32.016,32.854,29.120,33.669,31.732,32.480,33.931,32.791,31.023,31.680,47.169,5.867,7.775,6.813,7.127,7.812,7.689,7.209,7.167,6.657,7.431,8.400,6.026,6.959,7.296,6.520,5.593,8.156,6.273,5.618,5.976,7.475,8.040,6.466,5.389,6.890,0,5.375,8.202,7.829,4.978,6.363,6.292,4.237,8.274,8.274,8.289,7.928,6.719,5.799,7.996,7.096,6.149,7.102,6.728,6.445,6.463,7.284,5.894,5.460,9.982,8.865,6.772,6.908,6.905,5.998,8.924,6.194,6.809,6.303,5.094,7.516,7.763,7.075,7.554,5.492,5.522,10.774,9.098,7.290,8.049,7.726,4.472,4.909,7.788,9.390,7.845,8.921,5.485,7.189,5.901,7.039,7.967,8.206,5.191,5.685,5.734,6.512,6.974,6.324
91,31.624,32.390,30.009,32.478,32.245,33.138,33.391,33.767,33.728,33.699,48.254,5.863,5.597,4.034,4.935,7.245,7.419,5.504,6.178,5.485,4.881,5.389,5.169,5.243,4.511,4.031,3.716,5.283,4.584,5.511,4.625,6.057,6.789,5.477,3.493,3.943,5.375,0,6.349,3.835,3.555,4.516,4.235,5.189,4.809,6.034,8.534,8.364,4.321,5.470,5.442,5.871,5.151,7.261,6.877,3.742,5.227,6.854,6.613,4.129,7.165,4.987,3.708,4.232,6.281,6.097,7.226,6.449,7.454,5.421,5.208,6.372,6.756,5.170,5.471,6.008,4.868,8.105,8.441,6.145,7.600,6.629,5.243,4.140,6.740,6.919,5.881,8.270,4.644,5.113,3.449,4.637,6.977,6.119,2.967,5.470,5.978,4.862,4.903,6.127
56,32.213,30.467,31.226,30.313,33.009,32.233,34.213,32.027,32.069,31.784,47.326,6.396,5.127,3.854,7.165,6.404,6.131,3.917,6.771,6.247,4.550,6.576,5.465,4.242,4.760,5.984,5.524,4.713,4.317,5.145,5.718,4.670,4.390,6.363,7.028,5.942,8.202,6.349,0,5.047,6.766,6.732,6.545,4.601,5.954,5.740,6.782,9.487,6.128,5.285,6.712,4.540,6.575,8.841,9.243,4.970,5.063,4.783,6.867,6.769,7.550,4.883,5.117,7.623,7.793,7.678,8.575,7.346,9.014,5.341,5.932,5.316,8.647,7.200,4.738,8.080,7.033,7.085,8.038,4.597,8.297,7.116,7.564,6.430,6.878,8.789,6.941,6.329,5.931,5.521,5.592,7.183,5.811,6.060,5.886,7.958,5.972,7.250,5.009,6.275
16,31.271,32.425,31.009,30.175,32.249,32.206,32.748,33.366,33.266,33.354,47.862,6.640,3.922,3.675,5.446,6.847,7.231,5.103,7.300,4.583,3.300,4.725,4.935,4.957,2.400,4.517,4.478,4.648,4.722,5.777,4.363,5.154,4.982,5.761,4.790,5.053,7.829,3.835,5.047,0,4.439,5.114,3.823,6.123,4.541,5.183,7.817,7.880,4.332,5.054,4.589,4.711,5.441,8.045,7.995,4.820,6.092,5.538,6.457,4.980,6.845,4.108,3.303,5.333,6.684,7.268,6.739,6.903,7.874,5.279,6.910,6.554,6.499,4.444,4.610,7.921,5.180,6.062,7.827,4.680,7.925,6.006,7.126,5.038,6.754,6.418,4.850,7.673,4.908,4.602,4.122,5.930,7.229,6.694,4.408,6.719,5.771,6.353,5.698,6.889
61,32.072,33.566,30.756,32.493,33.259,33.368,32.991,34.056,32.061,33.391,48.466,5.238,5.270,5.347,5.536,7.750,7.491,6.386,7.190,4.558,3.907,5.491,4.923,5.496,5.083,4.811,4.593,5.940,5.333,5.507,5.008,5.570,5.962,5.598,4.617,6.005,4.978,3.555,6.766,4.439,0,4.216,3.622,5.246,6.319,6.253,6.582,6.864,3.878,5.307,5.086,5.286,4.594,7.372,6.664,5.727,6.158,6.222,6.185,4.180,8.975,6.285,3.748,4.346,5.645,5.469,6.340,5.963,5.928,5.444,6.408,7.575,6.019,3.554,5.214,6.431,4.240,8.218,7.257,5.113,6.820,6.299,5.603,3.468,6.974,5.974,5.021,7.342,3.666,4.669,4.727,5.498,7.444,8.052,3.369,5.786,5.349,5.542,5.170,6.404
38,32.763,32.073,31.351,32.365,31.270,33.495,31.793,33.357,32.148,32.908,47.819,4.459,5.153,4.815,4.231,6.345,5.120,5.431,5.102,4.679,5.085,5.227,3.883,6.143,5.055,3.549,4.840,5.481,6.005,5.484,6.276,4.862,6.724,2.670,3.603,6.221,6.363,4.516,6.732,5.114,4.216,0,4.410,5.670,6.498,6.082,6.786,5.934,4.263,4.932,4.036,5.489,3.006,5.002,4.444,4.923,5.076,6.320,6.847,3.999,6.968,5.977,4.932,2.496,3.317,5.829,4.102,5.940,4.467,5.918,5.993,6.328,4.810,3.824,5.128,4.313,3.969,6.246,9.079,5.918,3.826,4.647,6.429,3.818,4.796,4.269,5.035,5.934,2.904,3.834,3.466,3.380,6.991,6.441,3.309,6.201,6.858,5.645,4.838,5.727
77,31.421,33.158,30.375,31.272,32.069,31.522,31.096,31.895,32.309,32.501,47.178,5.111,4.356,4.474,4.606,5.473,6.204,4.890,6.087,2.910,4.152,6.052,4.309,5.122,3.597,4.531,3.061,5.202,4.578,4.987,3.893,5.821,4.432,4.929,4.272,6.061,6.292,4.235,6.545,3.823,3.622,4.410,0,5.633,5.211,4.642,7.598,6.595,2.612,4.617,4.799,3.680,3.828,5.899,5.884,5.194,5.926,6.057,5.565,4.276,6.846,5.094,4.076,4.711,5.085,5.623,6.691,5.306,5.455,4.676,6.229,6.922,4.646,3.804,4.579,6.666,3.946,5.929,5.936,4.910,6.320,5.073,4.752,3.256,5.914,5.270,4.623,6.559,3.152,4.506,5.007,5.700,6.757,7.840,3.718,6.748,5.928,4.998,5.286,5.287
14,32.246,31.176,29.396,31.554,31.876,31.917,33.748,32.006,31.023,30.261,46.523,4.262,5.567,4.802,5.961,5.898,5.542,3.998,5.383,5.154,5.478,6.585,3.872,4.020,5.177,5.330,4.048,6.322,3.992,3.082,4.406,5.548,5.678,4.889,5.017,5.737,4.237,5.189,4.601,6.123,5.246,5.670,5.633,0,6.844,7.023,6.475,7.491,5.340,3.571,6.340,5.085,5.208,6.623,7.154,4.378,3.990,4.638,5.288,4.842,7.780,6.551,5.504,6.775,6.342,5.547,8.500,6.073,7.129,3.963,3.976,5.813,6.969,6.220,4.678,5.909,5.243,8.522,7.899,5.017,7.082,6.631,5.260,4.215,5.529,8.952,7.237,6.669,4.439,6.092,4.676,6.128,4.904,6.399,4.368,5.972,5.065,6.472,5.116,4.688
12,32.242,31.662,29.252,30.369,32.041,31.378,32.113,31.901,33.179,34.600,47.533,6.868,6.928,3.688,7.327,7.506,6.865,5.467,6.870,6.574,5.143,5.876,6.810,6.855,4.993,4.622,4.788,5.054,5.889,7.758,6.694,6.540,5.701,7.153,6.405,7.000,8.274,4.809,5.954,4.541,6.319,6.498,5.211,6.844,0,4.595,10.494,10.608,5.793,6.693,6.661,4.715,5.990,8.696,9.123,6.168,7.238,7.443,6.883,7.304,5.918,5.107,5.581,6.167,8.472,8.953,9.238,8.488,8.907,6.207,7.313,7.335,8.785,6.754,6.565,7.746,7.360,8.053,6.898,7.727,9.281,8.220,6.734,5.544,7.223,7.637,7.282,8.838,6.845,5.530,5.838,7.444,7.429,7.859,5.862,8.843,6.651,7.167,6.262,6.239
7,31.737,32.522,31.894,31.735,32.639,32.088,32.243,30.522,32.574,34.480,48.026,7.282,6.308,3.830,7.463,5.636,6.208,5.760,6.766,5.837,5.397,8.174,6.538,6.767,5.403,5.988,5.506,3.940,5.730,6.970,6.463,5.102,4.112,6.683,6.846,6.916,8.274,6.034,5.740,5.183,6.253,6.082,4.642,7.023,4.595,0,8.840,9.728,5.745,6.636,7.088,3.203,5.421,8.069,7.758,6.249,6.807,7.174,6.290,6.919,7.433,4.992,5.327,6.419,6.854,8.115,7.415,5.626,7.502,6.976,6.798,5.663,8.306,7.148,6.841,7.351,6.828,6.194,6.746,6.318,7.705,6.400,5.527,6.044,8.072,6.174,4.775,6.828,5.448,3.355,6.401,7.602,8.333,7.368,6.060,8.922,6.475,5.109,5.491,6.207
57,31.661,31.453,32.809,32.181,33.859,33.641,33.166,33.428,30.001,29.993,47.077,6.421,6.026,7.802,7.301,8.611,8.231,7.427,8.891,7.002,6.015,8.488,6.612,6.435,7.637,8.080,7.845,7.942,6.876,5.796,7.413,6.291,7.163,7.009,8.360,7.954,8.289,8.534,6.782,7.817,6.582,6.786,7.598,6.475,10.494,8.840,0,7.270,6.741,7.074,7.823,7.430,7.503,8.927,8.415,7.584,7.186,6.856,9.190,7.284,11.562,8.320,6.441,7.969,6.449,5.602,6.820,7.350,7.141,7.511,7.627,8.173,7.676,6.998,6.094,8.630,6.477,8.314,9.713,4.127,6.784,6.897,8.944,7.683,8.271,8.040,7.059,5.389,5.413,7.176,7.638,7.123,8.338,9.279,6.710,7.671,8.190,8.092,6.353,8.703
6,33.594,34.726,32.564,31.944,30.967,32.915,32.357,34.232,31.584,30.548,47.535,7.225,6.234,8.805,6.451,7.308,7.404,7.957,8.404,5.210,8.181,8.019,4.770,7.787,6.793,7.627,7.538,9.291,8.462,6.235,7.047,8.059,8.406,5.013,5.792,9.289,7.928,8.364,9.487,7.880,6.864,5.934,6.595,7.491,10.608,9.728,7.270,0,7.045,5.237,5.885,7.923,6.137,5.592,5.675,8.164,7.558,6.302,7.284,5.163,9.571,9.698,8.219,7.429,5.478,7.682,6.722,7.175,5.536,7.072,8.848,9.167,3.592,5.100,6.908,7.918,5.112,7.650,10.946,6.866,5.737,5.366,9.046,6.149,6.336,7.976,7.390,7.885,5.347,7.874,6.673,7.462,8.684,9.252,6.817,7.358,8.058,9.138,9.085,7.938
18,32.049,32.431,30.599,31.958,33.252,32.481,31.369,32.813,32.965,32.083,47.542,3.969,3.959,4.796,3.438,6.128,6.362,4.216,5.517,3.779,3.726,5.289,4.356,3.917,4.302,4.411,2.803,5.006,3.956,4.452,4.412,6.231,5.061,4.805,4.836,5.629,6.719,4.321,6.128,4.332,3.878,4.263,2.612,5.340,5.793,5.745,6.741,7.045,0,5.112,4.618,4.606,4.404,5.993,6.118,4.415,5.015,6.406,7.247,4.441,6.849,4.334,3.641,4.334,5.089,4.359,6.955,6.251,5.793,4.242,5.842,7.195,4.531,3.790,2.911,6.677,4.295,5.904,6.138,4.619,5.703,5.439,5.526,3.597,5.151,5.203,5.765,5.427,3.058,5.250,5.182,4.384,5.279,7.731,2.938,6.681,7.032,4.963,3.716,5.085
86,33.167,32.828,30.918,31.055,31.267,31.489,33.444,32.814,31.973,31.103,47.334,5.140,3.934,4.862,5.176,4.446,4.485,3.845,5.869,3.621,5.558,5.757,1.884,4.352,3.292,4.696,3.972,5.834,4.677,3.372,4.137,5.775,4.973,3.472,3.866,6.402,5.799,5.470,5.285,5.054,5.307,4.932,4.617,3.571,6.693,6.636,7.074,5.237,5.112,0,4.771,4.353,4.523,5.093,5.923,4.860,4.318,2.499,4.055,3.628,6.489,6.679,5.540,6.199,5.871,6.832,7.582,5.846,6.134,3.111,5.468,5.715,4.942,4.535,4.270,6.030,4.006,6.615,8.303,4.809,6.285,4.591,6.341,3.576,4.265,7.972,6.522,6.482,3.972,5.665,3.659,6.215,5.189,6.005,4.328,5.774,4.365,7.063,6.349,4.245
65,34.120,33.921,31.554,30.964,32.390,34.463,32.785,34.056,33.402,32.945,48.739,6.113,5.343,6.201,5.663,6.915,6.488,5.841,5.646,3.420,5.534,4.510,3.371,5.601,4.766,5.470,5.578,6.746,6.889,5.811,5.810,5.492,6.625,3.915,4.051,7.507,7.996,5.442,6.712,4.589,5.086,4.036,4.799,6.340,6.661,7.088,7.823,5.885,4.618,4.771,0,5.816,3.586,6.611,6.969,5.760,5.438,5.858,6.598,3.846,6.026,5.528,6.204,5.420,5.099,7.618,6.224,7.014,7.190,5.926,8.148,8.239,4.575,3.452,4.307,7.625,5.958,6.033,8.755,6.402,5.599,6.307,7.889,3.863,4.772,6.325,5.679,7.339,4.515,5.045,4.891,5.890,6.454,7.369,5.142,8.184,7.535,7.402,6.291,6.455
75,32.561,32.571,31.051,30.818,32.536,31.170,32.207,31.000,31.455,32.712,47.393,5.425,4.797,3.701,6.508,4.714,4.581,4.088,6.125,4.103,4.197,6.631,4.603,5.151,4.014,4.981,4.094,4.147,4.603,5.301,5.217,4.850,1.849,5.413,6.022,7.087,7.096,5.871,4.540,4.711,5.286,5.489,3.680,5.085,4.715,3.203,7.430,7.923,4.606,4.353,5.816,0,4.384,6.804,7.165,5.852,5.770,4.710,4.656,5.843,6.841,5.390,4.917,6.212,6.437,7.257,7.714,5.687,6.366,4.573,6.209,5.880,6.802,5.459,4.928,6.825,5.555,6.014,5.336,4.924,6.905,5.591,5.450,4.245,6.069,6.601,5.452,5.638,4.351,3.932,5.582,7.196,6.238,7.445,5.102,7.953,4.824,6.094,5.254,4.379
31,32.993,32.813,30.343,31.292,31.112,33.221,31.487,31.575,31.405,32.326,47.254,4.732,6.024,5.161,5.774,5.581,4.777,5.321,4.007,3.108,5.494,6.091,3.389,6.104,5.185,4.855,4.737,6.290,6.356,5.355,5.671,4.312,5.848,3.141,3.757,7.347,6.149,5.151,6.575,5.441,4.594,3.006,3.828,5.208,5.990,5.421,7.503,6.137,4.404,4.523,3.586,4.384,0,5.290,5.494,5.548,5.242,6.160,5.180,4.110,6.205,5.806,6.097,4.811,3.486,6.539,5.704,5.217,5.349,5.926,6.674,7.065,5.037,4.451,5.238,5.601,5.291,6.430,7.615,6.341,4.495,5.803,5.447,2.739,4.801,5.617,4.770,6.493,3.182,3.515,4.839,5.682,6.740,7.306,4.664,7.924,6.754,5.904,5.438,5.187
99,34.015,32.942,31.619,33.520,30.579,31.868,31.485,32.597,32.896,31.381,47.294,5.448,6.299,7.058,4.675,4.787,4.537,5.726,5.462,5.835,8.254,7.979,4.697,7.155,6.530,5.713,5.384,7.343,6.920,5.661,7.141,8.374,7.881,3.587,5.093,8.107,7.102,7.261,8.841,8.045,7.372,5.002,5.899,6.623,8.696,8.069,8.927,5.592,5.993,5.093,6.611,6.804,5.290,0,2.656,6.303,5.739,7.019,7.343,5.303,6.774,8.433,7.654,5.812,5.175,6.860,7.702,6.743,4.315,5.841,6.216,7.043,4.128,6.153,6.498,4.655,4.731,6.828,9.998,7.689,4.387,4.412,6.804,5.239,4.203,7.130,8.178,6.386,4.817,7.327,5.778,5.689,6.621,7.472,5.362,7.017,8.112,7.171,7.251,4.674
29,33.639,33.624,32.875,34.905,31.362,33.091,32.209,33.426,33.279,32.720,48.419,6.159,6.414,7.156,4.818,5.612,5.755,6.808,6.335,6.272,8.217,8.528,5.366,7.563,6.993,5.994,6.002,7.041,7.123,6.028,7.403,8.100,8.248,4.099,5.152,7.586,6.728,6.877,9.243,7.995,6.664,4.444,5.884,7.154,9.123,7.758,8.415,5.675,6.118,5.923,6.969,7.165,5.494,2.656,0,6.390,6.024,7.623,7.723,5.005,8.299,8.533,7.114,5.028,4.501,6.399,6.333,5.767,3.533,6.811,6.095,6.686,4.630,6.182,7.166,4.055,4.266,7.100,10.526,7.483,3.955,3.804,6.481,5.652,6.002,6.120,7.207,6.405,4.349,6.669,5.663,5.214,7.976,7.271,5.021,6.318,8.022,6.042,6.928,5.715
83,31.767,31.128,30.959,32.554,32.156,33.078,33.654,32.800,34.089,31.857,47.686,5.577,4.644,3.859,4.003,5.315,6.286,3.539,4.675,5.476,5.635,6.445,4.343,3.513,4.433,4.859,3.598,4.770,3.303,3.491,4.183,5.951,6.465,4.468,4.091,2.806,6.445,3.742,4.970,4.820,5.727,4.923,5.194,4.378,6.168,6.249,7.584,8.164,4.415,4.860,5.760,5.852,5.548,6.303,6.390,0,2.688,6.245,7.216,4.102,6.122,3.989,4.318,5.497,5.658,5.314,7.388,5.827,7.668,4.906,3.566,4.526,6.345,6.332,4.292,5.999,5.098,6.495,9.125,5.175,6.520,5.564,5.578,5.173,5.716,7.567,6.401,6.521,4.221,5.612,3.688,3.971,5.270,4.022,3.379,5.715,6.942,4.469,3.848,5.359
84,33.916,32.404,32.143,33.492,33.185,34.228,34.785,33.345,34.208,31.989,48.881,5.508,5.021,5.138,4.931,4.846,5.472,3.768,4.048,5.290,6.455,6.832,3.517,3.289,5.369,5.660,4.454,5.240,4.365,3.009,5.092,6.069,6.423,3.830,4.628,5.067,6.463,5.227,5.063,6.092,6.158,5.076,5.926,3.990,7.238,6.807,7.186,7.558,5.015,4.318,5.438,5.770,5.242,5.739,6.024,2.688,0,5.497,6.809,3.805,6.348,5.146,5.621,6.177,5.565,5.969,7.729,5.558,7.430,4.766,4.241,4.966,6.138,6.385,4.103,5.817,5.677,6.626,9.240,5.582,5.518,5.499,5.994,4.846,5.040,8.050,6.964,5.660,4.170,5.736,4.407,4.944,4.190,4.129,4.115,6.569,6.928,5.258,4.106,4.331
71,33.875,33.172,32.147,30.876,32.403,31.605,34.642,33.702,31.930,31.669,48.140,6.395,4.114,5.578,6.690,5.716,5.356,4.827,7.676,5.092,5.678,6.152,3.706,4.895,4.032,5.762,5.566,5.955,5.397,4.676,5.476,6.143,4.700,5.229,5.966,7.379,7.284,6.854,4.783,5.538,6.222,6.320,6.057,4.638,7.443,7.174,6.856,6.302,6.406,2.499,5.858,4.710,6.160,7.019,7.623,6.245,5.497,0,4.868,5.361,7.917,7.505,5.974,7.417,7.514,8.184,8.369,7.052,7.315,3.863,6.680,6.181,6.616,5.389,4.929,7.426,5.313,7.179,8.721,4.746,7.580,5.413,7.996,5.276,5.704,8.859,7.292,6.689,5.435,6.323,4.851,7.600,5.906,6.686,5.669,6.572,3.934,8.396,7.158,5.428
95,33.100,34.369,30.488,30.854,30.992,31.571,34.010,31.360,31.141,32.471,47.547,7.509,7.013,6.126,8.354,5.718,6.214,6.563,7.244,4.756,7.188,8.198,4.844,6.978,5.475,6.871,6.010,7.428,6.881,6.054,5.457,6.050,5.570,6.080,5.466,8.312,5.894,6.613,6.867,6.457,6.185,6.847,5.565,5.288,6.883,6.290,9.190,7.284,7.247,4.055,6.598,4.656,5.180,7.343,7.723,7.216,6.809,4.868,0,5.537,8.011,8.135,7.437,8.106,7.338,8.980,8.869,5.636,7.691,6.047,7.306,7.074,7.535,6.696,7.338,7.483,6.481,8.689,8.150,6.996,8.396,7.030,5.909,4.748,7.365,9.398,6.501,8.933,5.905,5.781,5.979,9.029,8.086,7.787,6.762,8.137,4.132,7.787,8.236,5.924
11,33.226,34.155,31.863,32.967,32.355,34.083,34.038,34.000,33.776,32.490,48.914,5.937,4.690,5.725,4.541,5.561,6.496,5.456,5.454,3.503,6.114,6.234,2.613,4.533,4.547,5.416,4.467,6.222,5.358,3.669,4.006,5.945,6.638,3.397,2.288,5.459,5.460,4.129,6.769,4.980,4.180,3.999,4.276,4.842,7.304,6.919,7.284,5.163,4.441,3.628,3.846,5.843,4.110,5.303,5.005,4.102,3.805,5.361,5.537,0,7.037,5.966,5.284,5.217,4.413,5.898,6.285,4.667,6.283,5.034,5.750,6.403,4.112,4.285,4.671,6.035,4.120,6.723,9.141,5.426,5.384,4.815,5.731,3.439,5.486,7.007,5.337,7.090,3.133,5.188,3.677,5.032,6.280,5.694,3.600,5.653,6.148,5.319,5.687,5.468
47,34.261,32.075,30.282,30.503,30.659,32.300,31.955,31.763,34.926,32.805,47.392,7.630,7.456,6.314,6.912,6.029,6.012,5.215,5.025,6.559,8.227,7.087,6.025,7.222,5.996,6.336,5.936,7.216,7.487,7.489,7.450,8.181,7.835,5.827,6.074,8.345,9.982,7.165,7.550,6.845,8.975,6.968,6.846,7.780,5.918,7.433,11.562,9.571,6.849,6.489,6.026,6.841,6.205,6.774,8.299,6.122,6.348,7.917,8.011,7.037,0,6.062,8.361,7.604,7.923,9.800,9.800,9.028,9.437,6.822,8.205,7.966,7.329,7.701,6.566,8.279,8.231,6.530,9.769,9.106,8.019,7.873,8.438,6.457,5.095,8.854,8.892,8.832,7.405,7.530,6.547,7.551,6.365,7.126,7.192,10.089,9.368,8.554,7.767,6.119
48,31.709,31.663,31.307,31.281,33.465,33.746,32.754,32.062,34.434,33.155,48.087,6.853,5.506,4.364,5.951,6.550,7.465,4.729,5.604,5.501,4.916,6.646,5.875,4.553,4.967,6.090,4.932,4.754,4.855,5.808,5.276,5.542,5.702,6.253,6.075,5.124,8.865,4.987,4.883,4.108,6.285,5.977,5.094,6.551,5.107,4.992,8.320,9.698,4.334,6.679,5.528,5.390,5.806,8.433,8.533,3.989,5.146,7.505,8.135,5.966,6.062,0,4.765,6.401,6.564,6.912,7.693,6.823,9.018,6.465,6.703,6.622,7.462,6.731,4.578,8.461,7.148,5.610,7.711,5.764,7.540,7.150,6.732,6.071,7.062,6.882,5.692,6.924,5.379,5.017,5.970,5.957,6.475,6.491,5.338,8.716,8.281,5.176,4.029,6.814
76,31.006,31.730,31.476,32.233,33.376,32.146,32.944,33.757,33.044,33.189,48.062,5.504,3.469,3.521,4.441,6.969,7.165,4.871,7.457,5.658,2.826,5.540,5.518,4.381,3.865,4.123,3.881,3.560,3.121,5.115,4.786,5.838,5.035,5.987,5.578,3.859,6.772,3.708,5.117,3.303,3.748,4.932,4.076,5.504,5.581,5.327,6.441,8.219,3.641,5.540,6.204,4.917,6.097,7.654,7.114,4.318,5.621,5.974,7.437,5.284,8.361,4.765,0,4.458,6.552,5.292,6.746,6.540,6.733,4.777,5.135,5.695,6.750,4.872,4.454,6.676,4.078,6.802,7.547,3.670,7.404,5.358,6.223,5.276,7.041,5.902,5.526,6.216,4.194,5.000,4.301,4.666,6.796,6.706,2.902,5.067,5.554,4.990,3.991,6.282
