,0,0,0,0,0,0,0,0,0,0,0,0,0,0,0,0,0,0,0,0,0,0,0,0,0,0,0,0,0,0,0,0,0,0,0,0,0,0,0,0,0,0,0,0,0,0,0,0,0,0,1,1,1,1,1,1,1,1,1,1,1,1,1,1,1,1,1,1,1,1,1,1,1,1,1,1,1,1,1,1,1,1,1,1,1,1,2,2,2,2,2,2,2,2,2,2,2,2,2,2,2,2,2,2,2,2,2,2,2,2,2,2,2,2,2,2,2,2,2,2,2,2,2,2,2,2,1,2,2,2,2,2,2,1,2,1,2,1,1,1,1,1,1,1,1,2,1,1,1,2
0,0,0.100,0.173,0.141,0.173,0.141,0.141,0.141,0.224,0.374,0.539,0.592,0.592,0.469,0.469,0.469,0.539,0.539,0.648,0.583,0.510,0.520,0.374,0.316,0.469,0.458,0.300,0.332,0.361,0.300,0.374,0.412,0.387,0.436,0.742,0.616,0.616,0.592,0.548,0.922,0.866,0.768,0.995,0.648,0.548,0.806,0.624,1.105,0.883,1.349,2.090,2.345,2.387,2.704,2.702,2.818,2.883,3.022,3.094,3.010,2.895,3.058,3.126,3.074,3.000,3.153,3.312,3.416,3.435,3.412,3.228,3.531,3.596,3.700,3.658,3.345,3.416,3.597,3.628,3.750,3.792,4.047,3.912,4.164,4.004,4.245,4.460,4.357,4.626,4.651,4.892,5.285,5.136,5.020,5.122,5.257,4.970,4.854,4.797,4.654,4.637,4.645,4.607,4.690,4.840,4.881,5.057,5.302,5.312,5.097,5.546,5.636,6.095,6.211,6.498,5.789,5.639,6.240,6.014,5.048,4.520,4.277,4.110,3.977,4.007,3.896,3.854,4.140,4.208,4.208,4.190,4.029,4.417,4.135,4.161,4.047,4.141,3.768,3.618,3.146,3.010,3.076,2.581,2.494,2.888,3.592,3.520,3.785,3.617,4.571
0,0.100,0,0.141,0.173,0.200,0.173,0.173,0.173,0.245,0.387,0.548,0.583,0.616,0.500,0.500,0.500,0.548,0.548,0.656,0.592,0.520,0.510,0.387,0.265,0.412,0.374,0.245,0.316,0.374,0.316,0.387,0.424,0.346,0.447,0.735,0.592,0.592,0.600,0.557,0.927,0.872,0.775,1.010,0.656,0.520,0.812,0.648,1.091,0.889,1.345,2.049,2.313,2.356,2.676,2.674,2.787,2.853,2.987,3.059,2.978,2.862,3.023,3.092,3.043,2.965,3.119,3.283,3.385,3.399,3.375,3.189,3.496,3.564,3.669,3.632,3.314,3.385,3.565,3.596,3.722,3.759,4.019,3.879,4.134,3.975,4.211,4.420,4.316,4.581,4.607,4.848,5.242,5.092,4.977,5.081,5.218,4.933,4.816,4.758,4.610,4.592,4.612,4.573,4.657,4.802,4.840,5.018,5.267,5.283,5.071,5.516,5.609,6.065,6.183,6.467,5.753,5.599,6.209,5.985,5.017,4.483,4.238,4.072,3.938,3.969,3.856,3.813,4.102,4.169,4.169,4.148,3.985,4.368,4.102,4.130,4.016,4.111,3.735,3.589,3.122,2.985,3.041,2.540,2.464,2.848,3.551,3.481,3.750,3.582,4.545
0,0.173,0.141,0,0.173,0.245,0.265,0.300,0.265,0.245,0.332,0.529,0.548,0.583,0.500,0.500,0.500,0.548,0.529,0.608,0.520,0.436,0.424,0.387,0.332,0.500,0.424,0.316,0.374,0.447,0.424,0.500,0.510,0.469,0.583,0.860,0.700,0.686,0.648,0.592,0.860,0.787,0.678,0.906,0.520,0.574,0.872,0.693,1.162,0.954,1.300,2.131,2.390,2.435,2.753,2.777,2.890,2.960,3.089,3.159,3.090,2.975,3.134,3.203,3.156,3.074,3.226,3.388,3.496,3.506,3.477,3.303,3.611,3.682,3.787,3.751,3.435,3.510,3.692,3.724,3.848,3.882,4.146,4.006,4.263,4.106,4.335,4.539,4.435,4.696,4.718,4.960,5.354,5.209,5.094,5.202,5.338,5.053,4.937,4.881,4.728,4.713,4.732,4.691,4.774,4.917,4.955,5.134,5.391,5.410,5.199,5.644,5.736,6.192,6.311,6.592,5.880,5.721,6.336,6.116,5.137,4.600,4.352,4.188,4.053,4.083,3.969,3.924,4.213,4.276,4.276,4.251,4.087,4.470,4.215,4.250,4.134,4.221,3.848,3.707,3.236,3.100,3.161,2.648,2.575,2.941,3.635,3.597,3.870,3.705,4.660
0,0.141,0.173,0.173,0,0.304,0.283,0.245,0.283,0.335,0.453,0.646,0.688,0.688,0.584,0.584,0.584,0.656,0.646,0.737,0.651,0.566,0.387,0.245,0.269,0.584,0.434,0.261,0.254,0.298,0.297,0.374,0.554,0.502,0.543,0.755,0.602,0.580,0.499,0.680,0.995,0.922,0.811,1.025,0.566,0.469,0.725,0.532,1.036,1.024,1.441,2.218,2.478,2.521,2.839,2.831,2.946,3.009,3.000,3.220,3.002,2.890,3.049,3.118,3.068,2.990,3.138,3.291,3.405,3.422,3.391,3.230,3.533,3.601,3.703,3.660,3.356,3.435,3.623,3.658,3.771,3.808,4.071,3.937,4.193,4.039,4.265,4.472,4.371,4.635,4.654,4.896,5.286,5.150,5.034,5.140,5.272,4.984,4.871,4.818,4.671,4.661,4.655,4.614,4.693,4.845,4.885,5.063,5.323,5.336,5.122,5.570,5.658,6.120,6.236,6.520,5.820,5.661,6.267,6.048,5.055,4.525,4.279,4.115,3.982,4.010,3.896,3.851,4.134,4.197,4.197,4.174,4.013,4.407,4.130,4.166,4.050,4.130,3.887,3.736,3.272,3.004,3.084,2.573,2.617,2.857,3.548,3.525,3.799,3.636,4.564
0,0.173,0.200,0.245,0.304,0,0.087,0.224,0.087,0.081,0.251,0.374,0.438,0.438,0.305,0.305,0.305,0.368,0.374,0.498,0.458,0.403,0.654,0.545,0.460,0.386,0.560,0.440,0.497,0.524,0.440,0.505,0.278,0.346,0.431,0.841,0.741,0.755,0.761,0.377,0.781,0.744,0.663,0.899,0.702,0.707,0.970,0.792,1.259,0.728,1.190,1.969,2.211,2.256,2.567,2.594,2.711,2.782,3.131,2.987,3.106,2.988,3.154,3.221,3.170,3.098,3.255,3.422,3.515,3.534,3.518,3.312,3.616,3.678,3.784,3.745,3.422,3.485,3.657,3.682,3.815,3.862,4.110,3.971,4.220,4.052,4.309,4.531,4.425,4.698,4.730,4.969,5.366,5.203,5.087,5.185,5.326,5.039,4.920,4.858,4.718,4.692,4.722,4.685,4.774,4.920,4.960,5.134,5.364,5.373,5.157,5.606,5.700,6.153,6.270,6.560,5.838,5.698,6.296,6.062,5.126,4.599,4.359,4.189,4.058,4.090,3.981,3.940,4.231,4.304,4.304,4.290,4.127,4.507,4.227,4.242,4.132,4.240,3.683,3.538,3.052,3.107,3.154,2.675,2.402,3.003,3.716,3.600,3.857,3.683,4.665
0,0.141,0.173,0.265,0.283,0.087,0,0.141,0.000,0.167,0.338,0.450,0.517,0.517,0.373,0.373,0.373,0.435,0.450,0.581,0.544,0.490,0.656,0.510,0.409,0.372,0.521,0.390,0.442,0.460,0.363,0.424,0.271,0.296,0.354,0.755,0.662,0.681,0.701,0.421,0.866,0.830,0.750,0.985,0.748,0.648,0.903,0.733,1.186,0.743,1.266,1.965,2.213,2.255,2.569,2.574,2.691,2.758,3.050,2.968,3.024,2.907,3.073,3.140,3.087,3.017,3.174,3.339,3.433,3.454,3.438,3.232,3.535,3.596,3.702,3.661,3.340,3.403,3.577,3.603,3.734,3.781,4.029,3.891,4.140,3.973,4.229,4.452,4.347,4.621,4.652,4.892,5.288,5.126,5.010,5.107,5.247,4.960,4.841,4.779,4.641,4.617,4.640,4.604,4.693,4.841,4.881,5.054,5.285,5.292,5.076,5.525,5.619,6.073,6.189,6.480,5.761,5.621,6.216,5.983,5.044,4.519,4.279,4.109,3.978,4.010,3.901,3.861,4.151,4.224,4.224,4.211,4.049,4.431,4.145,4.160,4.049,4.158,3.651,3.502,3.023,3.023,3.073,2.596,2.373,2.926,3.640,3.520,3.777,3.603,4.581
0,0.141,0.173,0.300,0.245,0.224,0.141,0,0.141,0.300,0.469,0.592,0.656,0.656,0.510,0.510,0.510,0.574,0.592,0.721,0.678,0.616,0.624,0.424,0.316,0.424,0.458,0.300,0.332,0.332,0.224,0.283,0.361,0.300,0.300,0.624,0.529,0.548,0.574,0.548,1.005,0.964,0.877,1.109,0.787,0.529,0.768,0.608,1.049,0.837,1.407,2.017,2.276,2.315,2.632,2.604,2.720,2.780,2.924,2.998,2.902,2.786,2.951,3.018,2.965,2.895,3.050,3.211,3.309,3.332,3.314,3.118,3.419,3.480,3.585,3.541,3.226,3.294,3.473,3.501,3.625,3.672,3.922,3.787,4.037,3.874,4.123,4.344,4.240,4.514,4.542,4.782,5.176,5.022,4.905,5.003,5.140,4.852,4.735,4.677,4.539,4.519,4.528,4.490,4.576,4.728,4.769,4.943,5.180,5.187,4.970,5.420,5.511,5.969,6.084,6.374,5.663,5.519,6.114,5.885,4.930,4.406,4.165,3.996,3.865,3.896,3.787,3.746,4.032,4.105,4.105,4.091,3.931,4.319,4.025,4.044,3.932,4.034,3.658,3.503,3.036,2.898,2.960,2.478,2.387,2.800,3.513,3.407,3.667,3.496,4.458
0,0.141,0.173,0.265,0.283,0.087,0.000,0.141,0,0.167,0.338,0.450,0.517,0.517,0.373,0.373,0.373,0.435,0.450,0.581,0.544,0.490,0.656,0.510,0.409,0.372,0.521,0.390,0.442,0.460,0.363,0.424,0.271,0.296,0.354,0.755,0.662,0.681,0.701,0.421,0.866,0.830,0.750,0.985,0.748,0.648,0.903,0.733,1.186,0.743,1.266,1.965,2.213,2.255,2.569,2.574,2.691,2.758,3.050,2.968,3.024,2.907,3.073,3.140,3.087,3.017,3.174,3.339,3.433,3.454,3.438,3.232,3.535,3.596,3.702,3.661,3.340,3.403,3.577,3.603,3.734,3.781,4.029,3.891,4.140,3.973,4.229,4.452,4.347,4.621,4.652,4.892,5.288,5.126,5.010,5.107,5.247,4.960,4.841,4.779,4.641,4.617,4.640,4.604,4.693,4.841,4.881,5.054,5.285,5.292,5.076,5.525,5.619,6.073,6.189,6.480,5.761,5.621,6.216,5.983,5.044,4.519,4.279,4.109,3.978,4.010,3.901,3.861,4.151,4.224,4.224,4.211,4.049,4.431,4.145,4.160,4.049,4.158,3.651,3.502,3.023,3.023,3.073,2.596,2.373,2.926,3.640,3.520,3.777,3.603,4.581
0,0.224,0.245,0.245,0.335,0.081,0.167,0.300,0.167,0,0.171,0.316,0.374,0.374,0.261,0.261,0.261,0.322,0.316,0.427,0.379,0.323,0.653,0.580,0.509,0.420,0.600,0.490,0.548,0.584,0.510,0.578,0.316,0.408,0.508,0.920,0.812,0.823,0.815,0.360,0.707,0.665,0.583,0.819,0.657,0.760,1.030,0.845,1.323,0.733,1.127,1.985,2.222,2.268,2.577,2.624,2.740,2.815,3.204,3.014,3.182,3.064,3.229,3.297,3.245,3.172,3.330,3.497,3.591,3.608,3.591,3.386,3.692,3.754,3.861,3.822,3.498,3.561,3.733,3.758,3.892,3.938,4.187,4.047,4.296,4.128,4.385,4.605,4.499,4.771,4.802,5.042,5.439,5.276,5.160,5.258,5.400,5.114,4.994,4.932,4.790,4.764,4.798,4.761,4.850,4.995,5.034,5.208,5.440,5.450,5.235,5.682,5.777,6.230,6.347,6.636,5.912,5.772,6.372,6.138,5.203,4.674,4.433,4.264,4.132,4.164,4.055,4.014,4.305,4.377,4.377,4.362,4.199,4.577,4.303,4.319,4.208,4.316,3.722,3.580,3.090,3.184,3.230,2.748,2.439,3.073,3.784,3.674,3.933,3.758,4.743
0,0.374,0.387,0.332,0.453,0.251,0.338,0.469,0.338,0.171,0,0.223,0.255,0.255,0.226,0.226,0.226,0.266,0.223,0.284,0.210,0.153,0.697,0.690,0.644,0.520,0.715,0.625,0.686,0.731,0.671,0.742,0.427,0.551,0.670,1.089,0.973,0.978,0.951,0.368,0.548,0.496,0.412,0.650,0.605,0.896,1.173,0.980,1.472,0.756,0.989,2.015,2.238,2.288,2.592,2.679,2.796,2.878,3.363,3.066,3.345,3.226,3.390,3.458,3.408,3.333,3.491,3.659,3.754,3.768,3.750,3.545,3.852,3.916,4.024,3.988,3.660,3.723,3.893,3.916,4.054,4.098,4.348,4.206,4.455,4.286,4.544,4.762,4.655,4.924,4.956,5.196,5.594,5.429,5.314,5.413,5.556,5.272,5.151,5.087,4.942,4.915,4.958,4.922,5.012,5.153,5.191,5.366,5.598,5.610,5.396,5.842,5.939,6.389,6.507,6.796,6.067,5.926,6.530,6.295,5.365,4.834,4.592,4.422,4.290,4.322,4.212,4.171,4.464,4.535,4.535,4.517,4.353,4.727,4.465,4.482,4.371,4.479,3.797,3.662,3.162,3.350,3.391,2.905,2.512,3.227,3.934,3.833,4.092,3.917,4.908
0,0.539,0.548,0.529,0.646,0.374,0.450,0.592,0.450,0.316,0.223,0,0.125,0.125,0.140,0.140,0.140,0.072,0.000,0.155,0.219,0.261,0.918,0.890,0.809,0.517,0.860,0.788,0.860,0.897,0.813,0.874,0.391,0.583,0.704,1.184,1.098,1.119,1.130,0.213,0.438,0.446,0.424,0.651,0.811,1.067,1.343,1.159,1.629,0.574,0.818,1.847,2.052,2.103,2.399,2.515,2.632,2.720,3.456,2.901,3.419,3.297,3.465,3.532,3.481,3.410,3.574,3.751,3.831,3.846,3.838,3.604,3.911,3.970,4.079,4.046,3.707,3.759,3.918,3.934,4.085,4.135,4.374,4.229,4.473,4.294,4.573,4.802,4.691,4.966,5.007,5.245,5.647,5.463,5.348,5.441,5.590,5.307,5.182,5.112,4.973,4.934,5.002,4.969,5.066,5.203,5.240,5.412,5.622,5.631,5.416,5.862,5.963,6.406,6.524,6.817,6.074,5.947,6.544,6.298,5.411,4.883,4.646,4.473,4.342,4.377,4.271,4.233,4.530,4.608,4.608,4.596,4.432,4.796,4.531,4.534,4.427,4.554,3.652,3.522,3.008,3.423,3.443,2.981,2.367,3.332,4.051,3.886,4.132,3.951,4.975
0,0.592,0.583,0.548,0.688,0.438,0.517,0.656,0.517,0.374,0.255,0.125,0,0.200,0.261,0.261,0.261,0.173,0.125,0.129,0.191,0.247,0.921,0.927,0.834,0.532,0.860,0.813,0.897,0.949,0.872,0.936,0.475,0.626,0.782,1.245,1.142,1.159,1.176,0.300,0.381,0.384,0.368,0.604,0.796,1.096,1.393,1.213,1.670,0.633,0.762,1.838,2.048,2.101,2.398,2.533,2.646,2.738,3.488,2.910,3.458,3.335,3.500,3.568,3.521,3.445,3.610,3.790,3.870,3.878,3.869,3.636,3.946,4.009,4.120,4.092,3.748,3.801,3.959,3.976,4.130,4.175,4.419,4.270,4.516,4.339,4.611,4.833,4.722,4.991,5.032,5.269,5.673,5.489,5.375,5.472,5.622,5.341,5.215,5.144,4.998,4.960,5.040,5.006,5.103,5.235,5.270,5.443,5.659,5.675,5.463,5.905,6.009,6.448,6.569,6.857,6.110,5.977,6.585,6.342,5.452,4.917,4.678,4.505,4.373,4.409,4.301,4.262,4.562,4.637,4.637,4.621,4.455,4.813,4.568,4.576,4.467,4.593,3.669,3.547,3.036,3.469,3.481,3.010,2.389,3.357,4.072,3.918,4.169,3.989,5.020
0,0.592,0.616,0.583,0.688,0.438,0.517,0.656,0.517,0.374,0.255,0.125,0.200,0,0.168,0.168,0.168,0.173,0.125,0.129,0.191,0.247,0.943,0.927,0.880,0.635,0.949,0.860,0.919,0.949,0.872,0.936,0.475,0.687,0.782,1.261,1.177,1.193,1.176,0.300,0.381,0.384,0.368,0.570,0.796,1.132,1.393,1.197,1.694,0.633,0.788,1.934,2.124,2.176,2.464,2.595,2.714,2.803,3.551,2.984,3.515,3.395,3.563,3.629,3.577,3.508,3.670,3.842,3.926,3.945,3.936,3.707,4.011,4.069,4.178,4.140,3.806,3.859,4.019,4.036,4.183,4.236,4.473,4.331,4.573,4.394,4.675,4.907,4.798,5.075,5.115,5.352,5.753,5.572,5.457,5.548,5.696,5.412,5.287,5.218,5.082,5.044,5.103,5.070,5.166,5.307,5.345,5.516,5.726,5.731,5.514,5.962,6.062,6.506,6.623,6.918,6.178,6.054,6.645,6.399,5.510,4.986,4.750,4.576,4.446,4.481,4.374,4.336,4.632,4.710,4.710,4.699,4.535,4.904,4.629,4.632,4.525,4.650,3.739,3.608,3.088,3.515,3.543,3.082,2.455,3.428,4.145,3.989,4.235,4.053,5.068
0,0.469,0.500,0.500,0.584,0.305,0.373,0.510,0.373,0.261,0.226,0.140,0.261,0.168,0,0.000,0.000,0.129,0.140,0.268,0.300,0.312,0.890,0.826,0.763,0.516,0.844,0.743,0.799,0.819,0.729,0.789,0.316,0.541,0.616,1.101,1.031,1.054,1.054,0.195,0.544,0.544,0.509,0.725,0.813,1.012,1.262,1.074,1.557,0.563,0.926,1.888,2.092,2.140,2.436,2.525,2.645,2.728,3.398,2.921,3.358,3.237,3.407,3.473,3.419,3.353,3.514,3.686,3.769,3.790,3.783,3.552,3.855,3.910,4.019,3.979,3.647,3.700,3.862,3.879,4.023,4.079,4.314,4.173,4.416,4.236,4.519,4.753,4.644,4.924,4.964,5.201,5.601,5.421,5.305,5.395,5.542,5.256,5.132,5.064,4.931,4.895,4.945,4.912,5.008,5.152,5.192,5.361,5.570,5.573,5.355,5.804,5.902,6.349,6.465,6.761,6.025,5.901,6.488,6.242,5.351,4.830,4.595,4.421,4.291,4.326,4.221,4.183,4.477,4.557,4.557,4.548,4.386,4.757,4.471,4.472,4.366,4.491,3.655,3.517,3.004,3.354,3.386,2.930,2.369,3.280,4.001,3.834,4.079,3.897,4.907
0,0.469,0.500,0.500,0.584,0.305,0.373,0.510,0.373,0.261,0.226,0.140,0.261,0.168,0.000,0,0.000,0.129,0.140,0.268,0.300,0.312,0.890,0.826,0.763,0.516,0.844,0.743,0.799,0.819,0.729,0.789,0.316,0.541,0.616,1.101,1.031,1.054,1.054,0.195,0.544,0.544,0.509,0.725,0.813,1.012,1.262,1.074,1.557,0.563,0.926,1.888,2.092,2.140,2.436,2.525,2.645,2.728,3.398,2.921,3.358,3.237,3.407,3.473,3.419,3.353,3.514,3.686,3.769,3.790,3.783,3.552,3.855,3.910,4.019,3.979,3.647,3.700,3.862,3.879,4.023,4.079,4.314,4.173,4.416,4.236,4.519,4.753,4.644,4.924,4.964,5.201,5.601,5.421,5.305,5.395,5.542,5.256,5.132,5.064,4.931,4.895,4.945,4.912,5.008,5.152,5.192,5.361,5.570,5.573,5.355,5.804,5.902,6.349,6.465,6.761,6.025,5.901,6.488,6.242,5.351,4.830,4.595,4.421,4.291,4.326,4.221,4.183,4.477,4.557,4.557,4.548,4.386,4.757,4.471,4.472,4.366,4.491,3.655,3.517,3.004,3.354,3.386,2.930,2.369,3.280,4.001,3.834,4.079,3.897,4.907
0,0.469,0.500,0.500,0.584,0.305,0.373,0.510,0.373,0.261,0.226,0.140,0.261,0.168,0.000,0.000,0,0.129,0.140,0.268,0.300,0.312,0.890,0.826,0.763,0.516,0.844,0.743,0.799,0.819,0.729,0.789,0.316,0.541,0.616,1.101,1.031,1.054,1.054,0.195,0.544,0.544,0.509,0.725,0.813,1.012,1.262,1.074,1.557,0.563,0.926,1.888,2.092,2.140,2.436,2.525,2.645,2.728,3.398,2.921,3.358,3.237,3.407,3.473,3.419,3.353,3.514,3.686,3.769,3.790,3.783,3.552,3.855,3.910,4.019,3.979,3.647,3.700,3.862,3.879,4.023,4.079,4.314,4.173,4.416,4.236,4.519,4.753,4.644,4.924,4.964,5.201,5.601,5.421,5.305,5.395,5.542,5.256,5.132,5.064,4.931,4.895,4.945,4.912,5.008,5.152,5.192,5.361,5.570,5.573,5.355,5.804,5.902,6.349,6.465,6.761,6.025,5.901,6.488,6.242,5.351,4.830,4.595,4.421,4.291,4.326,4.221,4.183,4.477,4.557,4.557,4.548,4.386,4.757,4.471,4.472,4.366,4.491,3.655,3.517,3.004,3.354,3.386,2.930,2.369,3.280,4.001,3.834,4.079,3.897,4.907
0,0.539,0.548,0.548,0.656,0.368,0.435,0.574,0.435,0.322,0.266,0.072,0.173,0.173,0.129,0.129,0.129,0,0.072,0.218,0.291,0.328,0.950,0.901,0.806,0.478,0.858,0.785,0.860,0.891,0.798,0.855,0.335,0.543,0.658,1.150,1.076,1.102,1.128,0.142,0.489,0.510,0.495,0.718,0.866,1.064,1.336,1.158,1.616,0.506,0.839,1.791,1.997,2.047,2.344,2.451,2.568,2.655,3.420,2.839,3.377,3.255,3.424,3.490,3.439,3.370,3.535,3.713,3.789,3.806,3.801,3.560,3.865,3.922,4.032,3.999,3.658,3.708,3.864,3.879,4.032,4.084,4.320,4.175,4.417,4.236,4.520,4.753,4.642,4.919,4.962,5.199,5.601,5.414,5.299,5.389,5.540,5.256,5.130,5.059,4.923,4.882,4.952,4.920,5.018,5.156,5.194,5.363,5.569,5.576,5.361,5.806,5.908,6.350,6.468,6.762,6.017,5.894,6.487,6.240,5.361,4.835,4.600,4.426,4.295,4.331,4.226,4.189,4.487,4.567,4.567,4.558,4.394,4.757,4.487,4.486,4.379,4.512,3.586,3.454,2.941,3.380,3.396,2.942,2.301,3.300,4.024,3.840,4.083,3.900,4.930
0,0.539,0.548,0.529,0.646,0.374,0.450,0.592,0.450,0.316,0.223,0.000,0.125,0.125,0.140,0.140,0.140,0.072,0,0.155,0.219,0.261,0.918,0.890,0.809,0.517,0.860,0.788,0.860,0.897,0.813,0.874,0.391,0.583,0.704,1.184,1.098,1.119,1.130,0.213,0.438,0.446,0.424,0.651,0.811,1.067,1.343,1.159,1.629,0.574,0.818,1.847,2.052,2.103,2.399,2.515,2.632,2.720,3.456,2.901,3.419,3.297,3.465,3.532,3.481,3.410,3.574,3.751,3.831,3.846,3.838,3.604,3.911,3.970,4.079,4.046,3.707,3.759,3.918,3.934,4.085,4.135,4.374,4.229,4.473,4.294,4.573,4.802,4.691,4.966,5.007,5.245,5.647,5.463,5.348,5.441,5.590,5.307,5.182,5.112,4.973,4.934,5.002,4.969,5.066,5.203,5.240,5.412,5.622,5.631,5.416,5.862,5.963,6.406,6.524,6.817,6.074,5.947,6.544,6.298,5.411,4.883,4.646,4.473,4.342,4.377,4.271,4.233,4.530,4.608,4.608,4.596,4.432,4.796,4.531,4.534,4.427,4.554,3.652,3.522,3.008,3.423,3.443,2.981,2.367,3.332,4.051,3.886,4.132,3.951,4.975
0,0.648,0.656,0.608,0.737,0.498,0.581,0.721,0.581,0.427,0.284,0.155,0.129,0.129,0.268,0.268,0.268,0.218,0.155,0,0.139,0.227,0.958,0.974,0.913,0.648,0.958,0.893,0.964,1.008,0.937,1.003,0.546,0.727,0.856,1.326,1.227,1.241,1.233,0.356,0.288,0.292,0.290,0.506,0.789,1.171,1.453,1.261,1.746,0.675,0.708,1.915,2.108,2.163,2.451,2.603,2.719,2.812,3.593,2.983,3.562,3.440,3.606,3.673,3.624,3.550,3.714,3.891,3.973,3.985,3.975,3.746,4.054,4.115,4.225,4.193,3.854,3.907,4.065,4.082,4.234,4.282,4.524,4.377,4.621,4.443,4.719,4.945,4.834,5.106,5.146,5.384,5.786,5.603,5.489,5.584,5.734,5.451,5.326,5.256,5.113,5.075,5.148,5.114,5.211,5.346,5.382,5.554,5.768,5.780,5.566,6.010,6.113,6.554,6.673,6.964,6.219,6.090,6.691,6.447,5.558,5.027,4.788,4.616,4.484,4.519,4.412,4.373,4.671,4.747,4.747,4.732,4.567,4.929,4.674,4.681,4.572,4.697,3.750,3.626,3.107,3.569,3.588,3.119,2.469,3.462,4.176,4.028,4.278,4.097,5.122
0,0.583,0.592,0.520,0.651,0.458,0.544,0.678,0.544,0.379,0.210,0.219,0.191,0.191,0.300,0.300,0.300,0.291,0.219,0.139,0,0.096,0.837,0.878,0.841,0.663,0.893,0.823,0.886,0.937,0.881,0.952,0.576,0.728,0.859,1.296,1.179,1.183,1.150,0.432,0.345,0.286,0.219,0.461,0.651,1.093,1.375,1.177,1.675,0.787,0.806,2.027,2.231,2.285,2.578,2.717,2.832,2.923,3.562,3.096,3.543,3.423,3.586,3.655,3.606,3.529,3.689,3.861,3.953,3.963,3.946,3.735,4.044,4.109,4.218,4.185,3.852,3.911,4.076,4.098,4.242,4.286,4.534,4.389,4.637,4.464,4.728,4.947,4.838,5.106,5.140,5.380,5.780,5.608,5.494,5.593,5.739,5.456,5.333,5.267,5.120,5.088,5.148,5.112,5.204,5.341,5.378,5.553,5.780,5.794,5.581,6.025,6.125,6.570,6.690,6.978,6.241,6.103,6.710,6.471,5.557,5.023,4.781,4.611,4.478,4.512,4.402,4.361,4.657,4.728,4.728,4.709,4.543,4.911,4.661,4.676,4.565,4.678,3.855,3.729,3.217,3.551,3.582,3.098,2.573,3.423,4.128,4.022,4.279,4.103,5.108
0,0.510,0.520,0.436,0.566,0.403,0.490,0.616,0.490,0.323,0.153,0.261,0.247,0.247,0.312,0.312,0.312,0.328,0.261,0.227,0.096,0,0.742,0.787,0.763,0.645,0.822,0.746,0.804,0.857,0.810,0.883,0.566,0.695,0.823,1.237,1.111,1.109,1.064,0.459,0.434,0.358,0.261,0.500,0.566,1.010,1.290,1.091,1.594,0.834,0.900,2.079,2.292,2.345,2.642,2.763,2.878,2.966,3.500,3.144,3.487,3.368,3.531,3.599,3.551,3.473,3.631,3.799,3.896,3.906,3.886,3.685,3.994,4.061,4.168,4.134,3.806,3.869,4.039,4.063,4.202,4.244,4.496,4.352,4.602,4.433,4.689,4.904,4.796,5.062,5.094,5.334,5.733,5.568,5.454,5.555,5.698,5.415,5.293,5.230,5.081,5.054,5.103,5.066,5.156,5.295,5.331,5.507,5.742,5.757,5.544,5.989,6.087,6.535,6.655,6.942,6.211,6.067,6.676,6.442,5.511,4.976,4.733,4.564,4.431,4.463,4.352,4.310,4.604,4.673,4.673,4.652,4.487,4.859,4.608,4.628,4.516,4.621,3.892,3.764,3.257,3.495,3.535,3.043,2.609,3.358,4.059,3.974,4.236,4.062,5.054
0,0.520,0.510,0.424,0.387,0.654,0.656,0.624,0.656,0.653,0.697,0.918,0.921,0.943,0.890,0.890,0.890,0.950,0.918,0.958,0.837,0.742,0,0.300,0.456,0.891,0.542,0.463,0.428,0.506,0.595,0.656,0.922,0.841,0.913,0.990,0.785,0.721,0.546,1.010,1.158,1.050,0.918,1.086,0.387,0.520,0.752,0.582,1.044,1.376,1.625,2.524,2.796,2.841,3.164,3.168,3.278,3.343,3.053,3.545,3.097,2.991,3.137,3.209,3.165,3.074,3.211,3.352,3.489,3.494,3.442,3.336,3.641,3.723,3.820,3.781,3.494,3.589,3.789,3.835,3.934,3.953,4.235,4.102,4.367,4.231,4.414,4.593,4.497,4.741,4.746,4.990,5.373,5.266,5.152,5.274,5.396,5.112,5.005,4.962,4.797,4.803,4.778,4.731,4.799,4.947,4.985,5.171,5.468,5.496,5.289,5.731,5.814,6.280,6.399,6.670,5.988,5.801,6.430,6.230,5.177,4.635,4.379,4.226,4.089,4.112,3.991,3.941,4.218,4.263,4.263,4.225,4.062,4.461,4.221,4.286,4.164,4.209,4.210,4.065,3.614,3.111,3.214,2.659,2.950,2.879,3.529,3.638,3.933,3.785,4.662
0,0.374,0.387,0.387,0.245,0.545,0.510,0.424,0.510,0.580,0.690,0.890,0.927,0.927,0.826,0.826,0.826,0.901,0.890,0.974,0.878,0.787,0.300,0,0.279,0.777,0.452,0.290,0.183,0.215,0.323,0.374,0.774,0.676,0.681,0.714,0.535,0.479,0.296,0.921,1.221,1.137,1.016,1.212,0.616,0.316,0.525,0.330,0.848,1.251,1.676,2.404,2.677,2.717,3.039,2.998,3.111,3.166,2.865,3.384,2.888,2.781,2.935,3.004,2.955,2.874,3.013,3.154,3.284,3.302,3.259,3.133,3.433,3.506,3.604,3.557,3.270,3.360,3.559,3.602,3.699,3.730,4.001,3.873,4.133,3.991,4.193,4.387,4.291,4.549,4.558,4.801,5.184,5.069,4.954,5.066,5.189,4.901,4.794,4.749,4.598,4.600,4.563,4.518,4.589,4.746,4.787,4.969,5.249,5.264,5.052,5.500,5.581,6.051,6.166,6.445,5.764,5.592,6.201,5.994,4.959,4.429,4.179,4.021,3.887,3.912,3.795,3.747,4.022,4.077,4.077,4.049,3.890,4.295,4.016,4.067,3.948,4.005,4.021,3.865,3.419,2.889,2.997,2.466,2.766,2.713,3.386,3.433,3.717,3.564,4.445
0,0.316,0.265,0.332,0.269,0.460,0.409,0.316,0.409,0.509,0.644,0.809,0.834,0.880,0.763,0.763,0.763,0.806,0.809,0.913,0.841,0.763,0.456,0.279,0,0.554,0.201,0.022,0.124,0.233,0.246,0.292,0.637,0.460,0.526,0.590,0.390,0.364,0.401,0.803,1.177,1.112,1.007,1.236,0.743,0.265,0.597,0.478,0.846,1.100,1.593,2.158,2.445,2.484,2.811,2.761,2.871,2.926,2.761,3.139,2.770,2.656,2.812,2.882,2.836,2.752,2.902,3.061,3.173,3.182,3.150,2.989,3.297,3.371,3.474,3.438,3.129,3.211,3.400,3.438,3.552,3.580,3.852,3.714,3.974,3.827,4.037,4.233,4.132,4.389,4.406,4.649,5.040,4.906,4.791,4.903,5.034,4.749,4.636,4.584,4.429,4.422,4.423,4.381,4.459,4.605,4.643,4.824,5.093,5.116,4.906,5.350,5.439,5.899,6.018,6.295,5.595,5.426,6.045,5.833,4.827,4.288,4.038,3.877,3.742,3.769,3.654,3.608,3.894,3.953,3.953,3.927,3.763,4.152,3.896,3.938,3.820,3.898,3.776,3.626,3.188,2.782,2.852,2.328,2.526,2.612,3.304,3.286,3.566,3.407,4.341
0,0.469,0.412,0.500,0.584,0.386,0.372,0.424,0.372,0.420,0.520,0.517,0.532,0.635,0.516,0.516,0.516,0.478,0.517,0.648,0.663,0.645,0.891,0.777,0.554,0,0.533,0.533,0.648,0.695,0.586,0.619,0.306,0.170,0.414,0.809,0.730,0.775,0.919,0.416,0.909,0.910,0.864,1.115,0.991,0.791,1.091,0.980,1.294,0.615,1.209,1.640,1.911,1.954,2.278,2.284,2.395,2.466,2.978,2.662,2.938,2.814,2.979,3.047,3.000,2.925,3.093,3.281,3.351,3.357,3.354,3.107,3.418,3.482,3.593,3.570,3.220,3.274,3.431,3.450,3.605,3.645,3.894,3.743,3.991,3.817,4.081,4.301,4.190,4.459,4.501,4.738,5.142,4.957,4.843,4.940,5.090,4.809,4.683,4.614,4.467,4.430,4.510,4.476,4.574,4.704,4.739,4.911,5.129,5.149,4.940,5.379,5.483,5.922,6.044,6.330,5.585,5.447,6.059,5.822,4.923,4.386,4.147,3.975,3.842,3.878,3.771,3.733,4.035,4.112,4.112,4.100,3.934,4.289,4.043,4.048,3.940,4.073,3.356,3.220,2.749,2.954,2.952,2.489,2.083,2.856,3.582,3.388,3.638,3.459,4.500
0,0.458,0.374,0.424,0.434,0.560,0.521,0.458,0.521,0.600,0.715,0.860,0.860,0.949,0.844,0.844,0.844,0.858,0.860,0.958,0.893,0.822,0.542,0.452,0.201,0.533,0,0.200,0.315,0.423,0.424,0.454,0.707,0.483,0.618,0.659,0.448,0.428,0.544,0.855,1.208,1.148,1.049,1.284,0.817,0.350,0.707,0.637,0.889,1.133,1.597,2.083,2.384,2.424,2.756,2.709,2.812,2.870,2.716,3.071,2.730,2.614,2.766,2.838,2.798,2.705,2.859,3.028,3.134,3.131,3.099,2.931,3.245,3.327,3.431,3.407,3.086,3.168,3.353,3.391,3.514,3.532,3.812,3.666,3.930,3.784,3.984,4.170,4.067,4.315,4.333,4.576,4.970,4.832,4.719,4.836,4.970,4.689,4.574,4.521,4.354,4.346,4.373,4.330,4.411,4.544,4.578,4.762,5.037,5.071,4.868,5.304,5.398,5.851,5.975,6.245,5.536,5.358,5.995,5.787,4.782,4.232,3.978,3.819,3.681,3.710,3.592,3.545,3.837,3.893,3.893,3.862,3.695,4.071,3.850,3.897,3.778,3.859,3.710,3.570,3.142,2.757,2.805,2.269,2.472,2.556,3.247,3.228,3.512,3.355,4.311
0,0.300,0.245,0.316,0.261,0.440,0.390,0.300,0.390,0.490,0.625,0.788,0.813,0.860,0.743,0.743,0.743,0.785,0.788,0.893,0.823,0.746,0.463,0.290,0.022,0.533,0.200,0,0.139,0.243,0.245,0.293,0.616,0.440,0.512,0.595,0.400,0.379,0.420,0.781,1.158,1.095,0.990,1.221,0.740,0.287,0.616,0.495,0.866,1.079,1.572,2.140,2.426,2.465,2.792,2.745,2.855,2.911,2.774,3.123,2.781,2.667,2.824,2.894,2.847,2.763,2.914,3.074,3.185,3.194,3.163,2.999,3.306,3.380,3.483,3.448,3.137,3.218,3.406,3.443,3.559,3.588,3.859,3.721,3.980,3.832,4.044,4.241,4.140,4.398,4.416,4.658,5.049,4.914,4.799,4.910,5.042,4.757,4.643,4.591,4.436,4.428,4.432,4.390,4.469,4.614,4.652,4.833,5.100,5.122,4.913,5.356,5.446,5.905,6.025,6.302,5.600,5.432,6.051,5.838,4.836,4.298,4.048,3.886,3.751,3.779,3.663,3.618,3.904,3.965,3.965,3.939,3.775,4.163,3.907,3.948,3.830,3.910,3.764,3.614,3.174,2.793,2.861,2.339,2.512,2.626,3.320,3.295,3.574,3.414,4.353
0,0.332,0.316,0.374,0.254,0.497,0.442,0.332,0.442,0.548,0.686,0.860,0.897,0.919,0.799,0.799,0.799,0.860,0.860,0.964,0.886,0.804,0.428,0.183,0.124,0.648,0.315,0.139,0,0.125,0.198,0.243,0.684,0.536,0.549,0.569,0.379,0.338,0.293,0.857,1.229,1.159,1.049,1.268,0.738,0.219,0.505,0.361,0.790,1.157,1.659,2.252,2.534,2.572,2.897,2.837,2.949,3.001,2.753,3.220,2.765,2.654,2.810,2.880,2.831,2.750,2.895,3.046,3.165,3.180,3.145,2.998,3.300,3.372,3.473,3.431,3.133,3.217,3.411,3.451,3.557,3.588,3.858,3.725,3.985,3.840,4.048,4.246,4.147,4.407,4.421,4.664,5.051,4.925,4.809,4.920,5.047,4.760,4.650,4.601,4.450,4.447,4.428,4.385,4.460,4.612,4.652,4.833,5.105,5.122,4.910,5.357,5.442,5.907,6.024,6.303,5.613,5.444,6.055,5.845,4.827,4.295,4.045,3.885,3.751,3.777,3.662,3.615,3.896,3.955,3.955,3.930,3.769,4.167,3.893,3.937,3.819,3.889,3.849,3.693,3.254,2.769,2.858,2.335,2.600,2.606,3.295,3.295,3.576,3.418,4.329
0,0.361,0.374,0.447,0.298,0.524,0.460,0.332,0.460,0.584,0.731,0.897,0.949,0.949,0.819,0.819,0.819,0.891,0.897,1.008,0.937,0.857,0.506,0.215,0.233,0.695,0.423,0.243,0.125,0,0.139,0.166,0.689,0.561,0.516,0.506,0.353,0.320,0.243,0.878,1.279,1.214,1.107,1.321,0.805,0.255,0.446,0.286,0.754,1.161,1.709,2.276,2.553,2.588,2.911,2.836,2.949,2.998,2.726,3.225,2.731,2.622,2.780,2.849,2.796,2.721,2.865,3.010,3.130,3.154,3.120,2.972,3.270,3.337,3.437,3.388,3.096,3.180,3.375,3.415,3.516,3.553,3.817,3.689,3.946,3.799,4.014,4.220,4.122,4.388,4.402,4.644,5.030,4.905,4.788,4.894,5.020,4.730,4.621,4.573,4.430,4.427,4.393,4.351,4.426,4.585,4.627,4.806,5.072,5.081,4.866,5.317,5.399,5.868,5.982,6.265,5.580,5.417,6.017,5.804,4.789,4.265,4.019,3.857,3.725,3.751,3.637,3.592,3.869,3.931,3.931,3.911,3.752,4.157,3.859,3.899,3.782,3.853,3.842,3.680,3.241,2.726,2.826,2.315,2.595,2.589,3.281,3.269,3.545,3.386,4.285
0,0.300,0.316,0.424,0.297,0.440,0.363,0.224,0.363,0.510,0.671,0.813,0.872,0.872,0.729,0.729,0.729,0.798,0.813,0.937,0.881,0.810,0.595,0.323,0.246,0.586,0.424,0.245,0.198,0.139,0,0.078,0.566,0.440,0.377,0.463,0.347,0.351,0.369,0.768,1.217,1.165,1.068,1.292,0.853,0.350,0.547,0.407,0.831,1.031,1.628,2.150,2.422,2.457,2.778,2.705,2.820,2.870,2.745,3.097,2.734,2.621,2.785,2.852,2.798,2.727,2.876,3.028,3.137,3.163,3.137,2.965,3.264,3.327,3.428,3.381,3.079,3.155,3.344,3.379,3.489,3.532,3.788,3.658,3.912,3.758,3.989,4.203,4.103,4.375,4.395,4.637,5.026,4.887,4.770,4.871,5.002,4.712,4.600,4.547,4.409,4.398,4.380,4.340,4.420,4.577,4.620,4.795,5.047,5.054,4.837,5.289,5.374,5.839,5.953,6.240,5.545,5.392,5.987,5.766,4.778,4.256,4.013,3.847,3.716,3.744,3.633,3.590,3.871,3.939,3.939,3.924,3.765,4.163,3.861,3.889,3.775,3.861,3.721,3.558,3.113,2.728,2.812,2.317,2.468,2.618,3.323,3.259,3.526,3.361,4.288
0,0.374,0.387,0.500,0.374,0.505,0.424,0.283,0.424,0.578,0.742,0.874,0.936,0.936,0.789,0.789,0.789,0.855,0.874,1.003,0.952,0.883,0.656,0.374,0.292,0.619,0.454,0.293,0.243,0.166,0.078,0,0.603,0.464,0.373,0.387,0.290,0.305,0.359,0.816,1.285,1.237,1.142,1.367,0.927,0.346,0.510,0.395,0.779,1.057,1.689,2.147,2.422,2.455,2.776,2.685,2.800,2.846,2.677,3.078,2.662,2.550,2.714,2.781,2.726,2.657,2.806,2.958,3.066,3.093,3.069,2.896,3.193,3.254,3.356,3.306,3.007,3.083,3.272,3.307,3.415,3.460,3.715,3.586,3.839,3.686,3.917,4.133,4.034,4.307,4.327,4.568,4.957,4.819,4.701,4.801,4.931,4.641,4.529,4.477,4.340,4.331,4.307,4.267,4.347,4.506,4.550,4.725,4.975,4.980,4.763,5.215,5.300,5.766,5.879,6.167,5.474,5.321,5.914,5.693,4.705,4.184,3.943,3.777,3.646,3.674,3.564,3.521,3.801,3.870,3.870,3.856,3.698,4.098,3.789,3.816,3.702,3.789,3.688,3.522,3.083,2.654,2.740,2.250,2.442,2.554,3.261,3.188,3.455,3.289,4.214
0,0.412,0.424,0.510,0.554,0.278,0.271,0.361,0.271,0.316,0.427,0.391,0.475,0.475,0.316,0.316,0.316,0.335,0.391,0.546,0.576,0.566,0.922,0.774,0.637,0.306,0.707,0.616,0.684,0.689,0.566,0.603,0,0.278,0.331,0.843,0.808,0.853,0.931,0.237,0.825,0.834,0.795,1.028,0.973,0.870,1.111,0.961,1.365,0.477,1.147,1.730,1.963,2.005,2.313,2.331,2.450,2.521,3.116,2.730,3.063,2.942,3.113,3.178,3.123,3.060,3.225,3.401,3.475,3.498,3.498,3.251,3.552,3.605,3.714,3.676,3.340,3.389,3.548,3.564,3.711,3.768,4.000,3.860,4.101,3.921,4.206,4.444,4.335,4.618,4.661,4.897,5.298,5.112,4.996,5.083,5.231,4.945,4.821,4.751,4.622,4.584,4.636,4.604,4.702,4.846,4.886,5.054,5.256,5.258,5.040,5.489,5.588,6.034,6.150,6.446,5.709,5.589,6.173,5.926,5.042,4.523,4.291,4.115,3.986,4.022,3.919,3.883,4.178,4.262,4.262,4.258,4.096,4.465,4.171,4.166,4.061,4.196,3.428,3.281,2.787,3.059,3.081,2.640,2.144,3.009,3.741,3.530,3.770,3.585,4.607
0,0.387,0.346,0.469,0.502,0.346,0.296,0.300,0.296,0.408,0.551,0.583,0.626,0.687,0.541,0.541,0.541,0.543,0.583,0.727,0.728,0.695,0.841,0.676,0.460,0.170,0.483,0.440,0.536,0.561,0.440,0.464,0.278,0,0.256,0.654,0.590,0.641,0.787,0.471,1.005,0.996,0.938,1.187,0.986,0.678,0.949,0.841,1.160,0.671,1.333,1.731,2.002,2.041,2.365,2.334,2.447,2.510,2.878,2.720,2.837,2.715,2.882,2.949,2.899,2.828,2.993,3.173,3.249,3.263,3.258,3.022,3.328,3.389,3.499,3.467,3.128,3.185,3.349,3.370,3.515,3.560,3.807,3.662,3.910,3.739,4.001,4.225,4.116,4.390,4.428,4.666,5.067,4.890,4.775,4.870,5.016,4.732,4.609,4.543,4.402,4.370,4.424,4.390,4.485,4.623,4.661,4.833,5.053,5.067,4.854,5.298,5.398,5.843,5.963,6.251,5.517,5.380,5.983,5.747,4.833,4.303,4.065,3.892,3.761,3.796,3.689,3.650,3.947,4.026,4.026,4.015,3.851,4.218,3.948,3.955,3.846,3.972,3.389,3.243,2.778,2.845,2.862,2.399,2.119,2.760,3.488,3.305,3.555,3.377,4.396
0,0.436,0.447,0.583,0.543,0.431,0.354,0.300,0.354,0.508,0.670,0.704,0.782,0.782,0.616,0.616,0.616,0.658,0.704,0.856,0.859,0.823,0.913,0.681,0.526,0.414,0.618,0.512,0.549,0.516,0.377,0.373,0.331,0.256,0,0.523,0.539,0.602,0.731,0.567,1.142,1.135,1.075,1.311,1.084,0.684,0.867,0.762,1.088,0.713,1.476,1.816,2.074,2.107,2.422,2.350,2.468,2.521,2.809,2.751,2.756,2.636,2.809,2.873,2.815,2.756,2.918,3.087,3.165,3.195,3.193,2.958,3.255,3.306,3.413,3.368,3.043,3.098,3.266,3.287,3.420,3.479,3.713,3.578,3.821,3.648,3.923,4.161,4.055,4.341,4.378,4.616,5.012,4.839,4.721,4.808,4.951,4.662,4.541,4.477,4.352,4.321,4.343,4.310,4.404,4.556,4.598,4.766,4.977,4.975,4.755,5.207,5.301,5.755,5.868,6.165,5.444,5.318,5.897,5.657,4.745,4.231,3.999,3.824,3.697,3.731,3.627,3.591,3.880,3.964,3.964,3.962,3.804,4.184,3.867,3.865,3.759,3.886,3.389,3.226,2.763,2.745,2.785,2.345,2.124,2.710,3.444,3.239,3.481,3.300,4.295
0,0.742,0.735,0.860,0.755,0.841,0.755,0.624,0.755,0.920,1.089,1.184,1.245,1.261,1.101,1.101,1.101,1.150,1.184,1.326,1.296,1.237,0.990,0.714,0.590,0.809,0.659,0.595,0.569,0.506,0.463,0.387,0.843,0.654,0.523,0,0.237,0.315,0.546,1.077,1.613,1.582,1.497,1.732,1.300,0.520,0.534,0.582,0.624,1.214,1.975,2.100,2.391,2.415,2.736,2.557,2.666,2.693,2.324,2.940,2.292,2.178,2.346,2.411,2.354,2.291,2.443,2.599,2.697,2.729,2.715,2.523,2.817,2.874,2.976,2.926,2.624,2.698,2.888,2.923,3.029,3.076,3.328,3.201,3.454,3.301,3.534,3.755,3.656,3.935,3.957,4.198,4.586,4.444,4.325,4.422,4.552,4.260,4.148,4.096,3.966,3.956,3.926,3.887,3.969,4.130,4.175,4.347,4.591,4.594,4.376,4.829,4.913,5.380,5.492,5.781,5.091,4.941,5.528,5.308,4.322,3.806,3.568,3.400,3.271,3.300,3.192,3.151,3.431,3.506,3.506,3.500,3.343,3.744,3.415,3.434,3.322,3.419,3.482,3.305,2.905,2.279,2.361,1.890,2.281,2.221,2.945,2.813,3.074,2.907,3.838
0,0.616,0.592,0.700,0.602,0.741,0.662,0.529,0.662,0.812,0.973,1.098,1.142,1.177,1.031,1.031,1.031,1.076,1.098,1.227,1.179,1.111,0.785,0.535,0.390,0.730,0.448,0.400,0.379,0.353,0.347,0.290,0.808,0.590,0.539,0.237,0,0.095,0.388,1.027,1.507,1.461,1.366,1.600,1.114,0.297,0.431,0.458,0.571,1.228,1.892,2.154,2.453,2.483,2.810,2.670,2.777,2.813,2.406,3.047,2.401,2.289,2.449,2.517,2.466,2.390,2.540,2.697,2.805,2.824,2.798,2.631,2.932,3.000,3.102,3.060,2.758,2.840,3.033,3.073,3.179,3.212,3.480,3.348,3.606,3.462,3.672,3.875,3.776,4.041,4.058,4.300,4.688,4.557,4.440,4.547,4.675,4.387,4.276,4.227,4.081,4.077,4.055,4.013,4.091,4.245,4.286,4.464,4.729,4.744,4.532,4.979,5.064,5.529,5.646,5.926,5.236,5.070,5.677,5.466,4.455,3.925,3.679,3.516,3.383,3.410,3.297,3.253,3.534,3.599,3.599,3.581,3.421,3.819,3.529,3.565,3.449,3.530,3.616,3.451,3.046,2.404,2.485,1.976,2.403,2.276,2.985,2.926,3.202,3.042,3.965
0,0.616,0.592,0.686,0.580,0.755,0.681,0.548,0.681,0.823,0.978,1.119,1.159,1.193,1.054,1.054,1.054,1.102,1.119,1.241,1.183,1.109,0.721,0.479,0.364,0.775,0.428,0.379,0.338,0.320,0.351,0.305,0.853,0.641,0.602,0.315,0.095,0,0.312,1.065,1.517,1.462,1.361,1.590,1.066,0.214,0.360,0.392,0.523,1.289,1.916,2.234,2.535,2.565,2.894,2.760,2.867,2.905,2.420,3.136,2.427,2.316,2.473,2.542,2.493,2.413,2.559,2.711,2.828,2.845,2.812,2.663,2.964,3.036,3.136,3.093,2.797,2.885,3.083,3.126,3.226,3.255,3.527,3.396,3.657,3.517,3.716,3.913,3.815,4.076,4.089,4.331,4.717,4.595,4.478,4.589,4.714,4.426,4.317,4.271,4.121,4.122,4.091,4.048,4.123,4.277,4.317,4.498,4.772,4.790,4.580,5.026,5.109,5.576,5.692,5.970,5.286,5.114,5.725,5.519,4.490,3.959,3.710,3.550,3.416,3.442,3.327,3.281,3.560,3.620,3.620,3.598,3.438,3.839,3.555,3.600,3.481,3.552,3.707,3.543,3.139,2.432,2.523,2.001,2.494,2.280,2.979,2.960,3.242,3.087,3.991
0,0.592,0.600,0.648,0.499,0.761,0.701,0.574,0.701,0.815,0.951,1.130,1.176,1.176,1.054,1.054,1.054,1.128,1.130,1.233,1.150,1.064,0.546,0.296,0.401,0.919,0.544,0.420,0.293,0.243,0.369,0.359,0.931,0.787,0.731,0.546,0.388,0.312,0,1.120,1.495,1.419,1.303,1.505,0.900,0.217,0.229,0.103,0.565,1.400,1.936,2.477,2.763,2.797,3.121,3.017,3.129,3.170,2.599,3.403,2.625,2.522,2.675,2.743,2.691,2.614,2.747,2.879,3.016,3.040,2.994,2.886,3.179,3.250,3.345,3.292,3.020,3.116,3.323,3.371,3.453,3.484,3.757,3.635,3.895,3.762,3.951,4.143,4.051,4.309,4.313,4.556,4.934,4.832,4.715,4.827,4.945,4.655,4.552,4.512,4.365,4.375,4.308,4.263,4.329,4.493,4.537,4.718,5.005,5.017,4.804,5.254,5.329,5.805,5.917,6.196,5.532,5.355,5.957,5.757,4.699,4.176,3.926,3.771,3.638,3.661,3.544,3.496,3.764,3.818,3.818,3.792,3.635,4.051,3.752,3.807,3.687,3.734,3.990,3.822,3.404,2.620,2.750,2.220,2.762,2.452,3.123,3.186,3.473,3.324,4.172
0,0.548,0.557,0.592,0.680,0.377,0.421,0.548,0.421,0.360,0.368,0.213,0.300,0.300,0.195,0.195,0.195,0.142,0.213,0.356,0.432,0.459,1.010,0.921,0.803,0.416,0.855,0.781,0.857,0.878,0.768,0.816,0.237,0.471,0.567,1.077,1.027,1.065,1.120,0,0.612,0.646,0.637,0.857,0.971,1.055,1.315,1.150,1.581,0.388,0.912,1.694,1.903,1.951,2.250,2.333,2.452,2.535,3.337,2.727,3.284,3.161,3.332,3.397,3.344,3.279,3.447,3.627,3.697,3.716,3.717,3.463,3.766,3.819,3.930,3.895,3.552,3.597,3.750,3.763,3.918,3.975,4.205,4.060,4.300,4.115,4.408,4.647,4.535,4.817,4.863,5.099,5.502,5.308,5.193,5.279,5.431,5.147,5.020,4.947,4.816,4.772,4.845,4.814,4.915,5.053,5.092,5.259,5.455,5.459,5.242,5.688,5.791,6.231,6.348,6.645,5.898,5.781,6.368,6.116,5.253,4.732,4.500,4.323,4.194,4.232,4.129,4.093,4.391,4.476,4.476,4.471,4.308,4.669,4.389,4.380,4.276,4.417,3.463,3.327,2.815,3.284,3.293,2.855,2.177,3.228,3.958,3.739,3.976,3.790,4.829
0,0.922,0.927,0.860,0.995,0.781,0.866,1.005,0.866,0.707,0.548,0.438,0.381,0.381,0.544,0.544,0.544,0.489,0.438,0.288,0.345,0.434,1.158,1.221,1.177,0.909,1.208,1.158,1.229,1.279,1.217,1.285,0.825,1.005,1.142,1.613,1.507,1.517,1.495,0.612,0,0.141,0.268,0.343,0.911,1.433,1.719,1.521,2.016,0.849,0.484,1.998,2.160,2.219,2.490,2.709,2.822,2.927,3.867,3.076,3.839,3.716,3.881,3.949,3.902,3.825,3.990,4.169,4.251,4.258,4.248,4.015,4.326,4.389,4.500,4.472,4.127,4.178,4.332,4.346,4.504,4.551,4.792,4.642,4.886,4.704,4.984,5.209,5.096,5.365,5.408,5.645,6.049,5.861,5.748,5.843,5.995,5.715,5.588,5.515,5.370,5.327,5.418,5.384,5.483,5.613,5.647,5.820,6.031,6.046,5.833,6.274,6.380,6.816,6.937,7.227,6.474,6.346,6.952,6.704,5.829,5.295,5.056,4.884,4.751,4.787,4.680,4.641,4.942,5.017,5.017,5.000,4.833,5.188,4.949,4.955,4.847,4.974,3.873,3.763,3.232,3.849,3.860,3.390,2.607,3.732,4.442,4.297,4.545,4.364,5.401
0,0.866,0.872,0.787,0.922,0.744,0.830,0.964,0.830,0.665,0.496,0.446,0.384,0.384,0.544,0.544,0.544,0.510,0.446,0.292,0.286,0.358,1.050,1.137,1.112,0.910,1.148,1.095,1.159,1.214,1.165,1.237,0.834,0.996,1.135,1.582,1.461,1.462,1.419,0.646,0.141,0,0.136,0.238,0.781,1.361,1.646,1.445,1.949,0.932,0.608,2.102,2.277,2.336,2.613,2.817,2.929,3.031,3.835,3.185,3.817,3.696,3.859,3.928,3.881,3.802,3.963,4.138,4.228,4.234,4.218,4.002,4.314,4.380,4.489,4.460,4.121,4.178,4.339,4.358,4.509,4.551,4.799,4.651,4.898,4.722,4.990,5.208,5.097,5.362,5.399,5.638,6.040,5.862,5.750,5.849,5.998,5.717,5.592,5.523,5.373,5.337,5.415,5.380,5.474,5.606,5.640,5.815,6.039,6.057,5.845,6.286,6.389,6.830,6.951,7.239,6.493,6.356,6.967,6.726,5.826,5.289,5.046,4.876,4.743,4.777,4.667,4.626,4.925,4.995,4.995,4.975,4.807,5.168,4.933,4.947,4.837,4.953,3.974,3.861,3.336,3.829,3.852,3.366,2.703,3.692,4.393,4.288,4.544,4.366,5.385
0,0.768,0.775,0.678,0.811,0.663,0.750,0.877,0.750,0.583,0.412,0.424,0.368,0.368,0.509,0.509,0.509,0.495,0.424,0.290,0.219,0.261,0.918,1.016,1.007,0.864,1.049,0.990,1.049,1.107,1.068,1.142,0.795,0.938,1.075,1.497,1.366,1.361,1.303,0.637,0.268,0.136,0,0.252,0.646,1.249,1.531,1.328,1.837,0.964,0.742,2.161,2.351,2.409,2.693,2.871,2.985,3.082,3.747,3.243,3.738,3.618,3.780,3.849,3.802,3.721,3.880,4.051,4.147,4.153,4.132,3.931,4.242,4.310,4.418,4.387,4.055,4.117,4.284,4.306,4.450,4.490,4.743,4.596,4.846,4.675,4.932,5.146,5.037,5.300,5.332,5.572,5.972,5.804,5.691,5.793,5.939,5.657,5.534,5.469,5.317,5.286,5.350,5.313,5.404,5.538,5.573,5.750,5.984,6.003,5.791,6.234,6.334,6.779,6.900,7.185,6.447,6.304,6.918,6.682,5.760,5.221,4.977,4.809,4.674,4.707,4.596,4.554,4.850,4.917,4.917,4.894,4.727,5.093,4.857,4.878,4.766,4.872,4.019,3.902,3.384,3.749,3.783,3.287,2.743,3.600,4.295,4.219,4.481,4.307,5.308
0,0.995,1.010,0.906,1.025,0.899,0.985,1.109,0.985,0.819,0.650,0.651,0.604,0.570,0.725,0.725,0.725,0.718,0.651,0.506,0.461,0.500,1.086,1.212,1.236,1.115,1.284,1.221,1.268,1.321,1.292,1.367,1.028,1.187,1.311,1.732,1.600,1.590,1.505,0.857,0.343,0.238,0.252,0,0.755,1.466,1.733,1.521,2.050,1.153,0.727,2.335,2.501,2.561,2.831,3.049,3.162,3.265,3.988,3.417,3.983,3.864,4.025,4.094,4.047,3.966,4.123,4.290,4.391,4.398,4.374,4.179,4.490,4.559,4.666,4.633,4.304,4.367,4.534,4.556,4.700,4.740,4.992,4.847,5.096,4.924,5.183,5.397,5.288,5.551,5.583,5.822,6.222,6.056,5.943,6.045,6.191,5.909,5.786,5.721,5.569,5.539,5.600,5.563,5.652,5.788,5.824,6.001,6.235,6.253,6.040,6.484,6.583,7.029,7.149,7.436,6.698,6.556,7.168,6.931,6.009,5.471,5.226,5.059,4.924,4.957,4.845,4.802,5.098,5.163,5.163,5.138,4.972,5.340,5.103,5.126,5.014,5.117,4.209,4.096,3.568,3.992,4.032,3.533,2.939,3.838,4.527,4.469,4.731,4.558,5.552
0,0.648,0.656,0.520,0.566,0.702,0.748,0.787,0.748,0.657,0.605,0.811,0.796,0.796,0.813,0.813,0.813,0.866,0.811,0.789,0.651,0.566,0.387,0.616,0.743,0.991,0.817,0.740,0.738,0.805,0.853,0.927,0.973,0.986,1.084,1.300,1.114,1.066,0.900,0.971,0.911,0.781,0.646,0.755,0,0.883,1.116,0.918,1.426,1.360,1.384,2.569,2.811,2.863,3.172,3.252,3.364,3.443,3.435,3.629,3.472,3.363,3.513,3.584,3.540,3.450,3.590,3.735,3.867,3.872,3.824,3.703,4.010,4.090,4.190,4.152,3.856,3.944,4.138,4.178,4.287,4.311,4.588,4.452,4.714,4.569,4.770,4.955,4.856,5.103,5.112,5.356,5.743,5.625,5.512,5.630,5.758,5.474,5.363,5.316,5.152,5.150,5.145,5.100,5.171,5.317,5.353,5.539,5.825,5.851,5.642,6.085,6.172,6.634,6.754,7.028,6.334,6.155,6.782,6.574,5.546,5.004,4.748,4.593,4.456,4.481,4.361,4.312,4.593,4.641,4.641,4.603,4.439,4.831,4.597,4.656,4.535,4.588,4.344,4.209,3.729,3.485,3.577,3.030,3.068,3.262,3.913,4.004,4.293,4.140,5.039
