0,0,5.195337332647419,2.728271247511875,5.19147474230589,5.373104689097358,4.272141851577497,2.866443789785525,5.617145449425358,4.604624631823967,5.028661750406365,5.964918440347697,4.965696426484407,3.783407458892051,4.619769474768194,4.519107765920172,5.140928807132035,5.51859565469332,6.201631237021434,2.767406186305148,4.818434808109372,1.704172819874792,3.736381270694949,3.770288583119335,4.73955852374459,3.315289278479331,4.810412248446074,5.449194068850916,3.061496529477047,5.083119022804797,3.865815437912161,3.934861115719334,4.46485106134572,6.323388411287099,4.17014975750272,4.708276754822299,5.107981499574954,3.999481341374154,4.211909899321209,2.394769926318602,4.640731623354231,2.872537206025363,2.893709556952806,3.613274000127862,4.719308317963555,5.84690097402034,2.094190535744062,5.264163276343164,4.165439112506628,4.222079819236012,4.413942002337593,4.731443120232981,3.042848172354316,4.169230504541576,4.580813137424403,5.889089403294876,5.740924228728333,3.996659355011382,6.965554536431395,3.227234264815618,4.394570627490245,4.298041763408076,5.458134663051105,3.385462154566198,4.470140154402322,6.288771024612043,4.406191893233885,3.526397169917195,6.612721376256527,3.365272648686879,4.156266954852636,4.379407151658772,2.607916217979405,4.476492041766633,4.673343449822622,5.406648592242703,4.451410450632473,6.303870239781273,6.749163725973761,4.576767636662365,3.700975141770072,6.360253296842822,4.022492510869349,4.757067584132057,3.412205152097394,4.647862411905069,2.683665031258559,2.729086843616377,5.108103757755907,2.583691351535628,3.976767154360436,3.84269176489606,2.979664578438319,1.832882974987765,5.515629973085577,2.659749424287935,3.801361203569058,3.559940027584735,4.059149418289502,3.47784933543706,4.011427052808016
20,5.195337332647419,0,7.546261823684914,8.688966402615854,9.670800408239131,5.450046040512668,2.347832775698064,9.905159348359597,7.186831356444665,7.91696071204194,8.638245448906867,8.875617418228009,7.862443344569921,9.1211489421369,0.9289160950161708,1.575754173245672,0.3654733315887437,1.068862024543974,3.746074736861382,8.878681463173375,4.394083180823958,7.350583250783849,8.031546211583413,8.963402945861263,7.673806888469971,9.644641952856352,9.454891775463006,6.759213857265792,0.6209839331747727,1.55707275060661,1.411510859950528,9.200005084741184,8.448009169673796,6.674747155735362,0.5265334944837601,8.71970743194357,8.71849309243264,7.392138637356579,7.193047387706068,1.190040159986054,2.500663550511234,3.129909700887536,8.72096329891364,8.816718954047305,1.044631549422977,3.819180318935602,1.23365734039882,8.193851684927392,1.630376869031642,8.824183194467887,8.479978137558962,8.015337901118693,6.734159488487216,8.913777866194261,9.541284181216184,9.279269242805611,1.309188602926627,9.705956127526777,4.422596850536713,7.029768027354311,7.379038888695845,0.5346816483639082,7.052477423722569,9.187483601162294,1.093538169458024,3.997371073010665,1.899268813660173,9.443061931000443,2.568838502152611,2.534429706085187,7.918114364381003,2.700023530874843,7.748936534661151,8.82512003802545,8.8726029462476,1.128749486574153,9.656142996964455,9.255316774328318,8.473293818598405,6.740276004560375,10.16785774686207,8.629106908727842,8.253089365454734,2.460583848600975,8.205554377923827,3.100474048199984,7.011181742419086,8.15643028331978,5.516471184503644,1.784128294044488,1.59068615060023,7.927222547848366,6.886851237458526,9.301752575746104,7.63067767567636,7.672187398539994,8.525919096949933,7.223515282699175,8.304571216532555,8.937206353125969
88,2.728271247511875,7.546261823684914,0,3.102076755002818,2.73013425962001,4.347704756082516,5.364305557090196,2.966599641447494,3.460219391541295,3.471341132364344,4.312105483920216,2.603923513120149,1.581019231797971,1.927609438968179,6.731418030131351,7.761998941968577,7.898147867985653,8.603827581911153,5.486110552017185,2.369297142386655,3.198819313434255,2.069417241046096,1.374843820218536,2.187175955902288,0.9889441802222344,2.122615873005748,2.957267289051591,1.794673771442502,7.290457289966982,6.046096842446237,6.452663615874703,1.740090404779213,4.967118412849091,3.306369652027579,7.11524551492033,2.947779247295269,1.271214257447191,2.728423913964307,0.3552081422580304,7.204644608769982,5.051333672601491,5.615072117193145,1.44592872876553,2.258172350868445,8.339719151508035,4.821691007964199,7.83677077392035,1.882743901757542,6.835376441652547,1.778546185070101,2.546991250272332,0.5815068977280101,3.255065884424336,1.976072670303465,3.569935757174634,3.518901739693304,6.252170389937354,5.08417834841703,5.861933324231405,3.303988753118862,2.864694821286917,7.897811548888857,1.88798273772293,1.743246571845238,8.613112509275407,7.103900001511948,6.105657902261144,4.727713070802121,5.22456573643396,6.865879634595816,2.489680336728624,4.846982083204371,2.793119750394232,2.179348423517699,3.295814383779356,6.988677644362732,4.124199230221472,5.053270166612297,2.30448824292229,2.642393978063851,3.899600129923776,1.315720770983261,2.780374939824284,5.311181942860328,2.650527521086814,5.394295927090746,1.008736365325608,3.397276710309443,2.638497745667409,6.5972193893619,6.398806294179898,0.47148681244001,0.9954129545675932,3.1574509351469,0.3999485551302014,1.820551217306388,1.013509903812762,2.667498210757258,0.7691204188295061,1.392905571472369
5,5.19147474230589,8.688966402615854,3.102076755002818,0,1.74105882299509,3.649431905356427,7.00912177411344,1.844409810211419,1.749755942291793,1.086876199664466,1.424807729684107,0.7574421194680159,1.534724379567567,2.036280358317356,7.766603704784927,9.405106210194926,9.053371587263323,9.738338944859885,7.823277471207898,1.054283387951185,4.591500299466395,1.485112074179705,1.736093869878984,1.395098546937235,2.124850305605192,3.074360633156511,1.117677660100061,2.177577777676023,8.245620348630354,7.144640066877359,7.990496174347705,2.660565525936345,2.265320033416417,2.140648698061751,8.393433454422203,0.2037356581672309,2.57931517451203,1.298707797199927,3.223440661252806,8.758780324697664,6.345888097949756,7.747678985038856,3.986435942024799,1.132772658638295,9.661881033968459,7.12177950184372,9.360378793024408,1.224015780932082,8.527869470992922,1.80854458700842,0.5616443976818577,3.401752660032882,2.066891510453826,1.631879089779059,0.8549603435427168,0.597088958262302,7.416771477825916,1.989319851440255,8.396286237153211,1.813908784733283,1.328389075691425,9.156414566735839,1.840413803166658,2.607778594187599,9.614232638539928,9.479019503721158,7.794773508532022,1.638287079993952,6.120165948632786,8.854219956575291,0.8335236542553277,6.257823181406446,0.9424821186311484,1.244624471252317,0.2152380776521364,8.508659442323324,1.112859578300569,2.039638045972802,0.8300194297091534,1.948859839221343,1.50047716811947,2.292245345206148,0.4555872519765012,6.228383726594632,0.547146841022914,7.485287937719733,2.513895006649737,0.8017700379050896,3.241380699977795,8.326285294031534,8.012657479851883,3.336792847517747,3.971165250177649,0.7270106462812326,3.47682929917783,1.404848823490623,3.343278562433293,1.465588237659559,2.915042084933965,3.226042337735302
52,5.373104689097358,9.670800408239131,2.73013425962001,1.74105882299509,0,5.120321527103058,7.717319988837771,0.2453111788056501,3.351036045229975,2.79451019793471,3.103155329071191,1.04617852293976,1.808360387243702,0.8352732899377195,8.778858000108029,10.15476519541274,10.03517676141245,10.73866170046126,8.137326330926461,0.8701512848306331,5.322149095994963,2.408045269191943,1.669056889026849,0.7076098583146608,2.091288818014502,1.578049848785766,0.6775552426797798,2.918743492537301,9.301250615509844,8.115284933058708,8.773351403045428,1.366168636981961,3.967564893885233,3.613985487987197,9.308715127520019,1.553580887313701,1.602010072347027,2.674186351219359,3.014152248856786,9.54587984046915,7.205758922043778,8.195174484312076,2.94759751223262,0.8932356039112949,10.57496835341438,7.452323618652006,10.17112762345777,1.492636967835451,9.239694853751619,0.9613952159147596,1.475641138194611,2.716500348512175,3.536591990139692,0.7971749335547343,1.441850836726701,1.628017106002378,8.364595299238163,3.311382162393754,8.567997104654305,3.351142592361791,2.770630520881045,10.09259039247347,2.6499010865765,1.320514638345037,10.6712718203039,9.779077012000471,8.496344461601078,3.032290316623279,7.147380203832915,9.403879207365984,2.03740184979536,7.06037254903091,2.395062520490093,0.8578939576271092,1.762121522358862,9.309204133466059,2.09404268226662,3.56017806045938,1.32853998067585,3.18180748628192,1.381049959322922,1.436931979153248,1.89792022761532,7.250276719930731,1.848857249252164,7.954491705933979,2.746842904034129,2.526657246949302,4.178119192260495,9.015535131761986,8.757285156826933,2.70645556479063,3.725508024770685,1.137388214036837,2.974019352656807,2.025529501643525,2.404876333249514,2.786315611935226,2.145239049860505,2.082657104291266
33,4.272141851577497,5.450046040512668,4.347704756082516,3.649431905356427,5.120321527103058,0,4.437048076760528,5.305138364955676,1.921278329318008,2.66267071620063,3.235589290778812,4.112251266485668,3.55499438230364,4.920455628806348,4.530954696007291,6.512216114256431,5.797776257283597,6.430278252813001,5.951045974115996,4.250419693896308,2.678572194285605,2.796445081454813,3.861865999871571,4.478942457304596,3.764300086066127,5.827805564353378,4.664912583999717,2.623047679796299,4.915885627241368,4.031042037886744,5.147320734420597,5.31331145764098,3.000644706733307,1.521299125191305,5.279338774956281,3.753193493000214,4.931775124896733,2.451544213758557,4.13461564261849,5.843332124875169,3.561604093805214,5.608100732204163,5.786527982866691,4.238610614515482,6.484952893582194,5.335194718971963,6.364601878199624,3.718200795861033,5.769405695686065,4.584202284819363,3.669666838815809,4.924467320269404,1.598051417708569,4.560445275931118,4.475731742886882,4.176419466787225,4.319777597067824,4.277141641890229,6.737661980005266,1.835524768007328,2.3694893110234,5.966182767563881,2.701292503097986,5.275593744474739,6.233499341025251,7.433547762763318,5.130274794273805,4.038460597191764,3.017718670719352,6.376550104282637,3.086990852442337,3.615513084584392,2.764038204756344,4.299117027535118,3.782744676234238,5.58781856310936,4.414151214300038,3.809761779008888,3.791919222725777,1.979518809104558,5.131382755176224,4.700389252573036,3.300780817873928,3.121385140461682,3.310823544022655,5.340370268119355,3.356353927199367,2.943357004087613,1.862009087150582,5.629454495298789,5.240381117398381,4.814871477941929,4.475889632593385,4.361848592500342,4.684678741393372,3.226533812319925,5.253538941918882,2.334083386584694,4.826089810601919,5.462897715563566
59,2.866443789785525,2.347832775698064,5.364305557090196,7.00912177411344,7.717319988837771,4.437048076760528,0,7.95986178203221,5.774896962392591,6.43441756364604,7.280729793304184,7.047207751696443,5.936352409034105,7.080885270465714,1.814747799308736,2.437450395788057,2.658262061820059,3.335683872148062,1.918719286021773,6.99466004886836,2.428978180223116,5.561110333466907,6.048749318884026,7.021529622080017,5.64546776202643,7.48600018581058,7.607147481129791,4.90007958064492,2.339217971183922,1.316654187169733,1.08947178584882,7.074333631000054,7.307886909355256,5.248126222615825,1.846759004493927,6.997684335515927,6.591785270198422,5.763824060579348,5.009302844768165,1.843894102128183,0.9072099163163015,1.360947678856742,6.444529182426081,6.917203442805888,2.99464896483904,1.666440116703558,2.475769128028477,6.298576757252585,1.528084417962094,6.810983939582504,6.697432428825432,5.787932628076729,5.289305784959147,6.93074792639276,7.831541374742703,7.605391342190046,1.304467524771689,8.366148130407302,2.758050091826088,5.583785121111731,5.78727675339232,2.592012946331282,5.225136662269652,7.068313144595755,3.43904230489379,3.07225411635609,0.7871714048816353,8.056610313714991,1.649187277421165,1.946604010674437,6.18782270626543,0.8240180832187955,6.108512339357486,6.905929497732918,7.2120724780675,1.624386105486268,8.067553233255772,7.994563769617528,6.636019874368986,5.113235405906727,8.414171629630182,6.541202679664084,6.554975433263079,1.59127190322553,6.482189150968234,1.156316394467024,4.979042829319916,6.62475269557503,3.77428987934652,1.317680456289195,1.042758647944609,5.7077001425843,4.618302727540794,7.533283379747325,5.399284182994973,5.810082590096897,6.306004184032798,5.589247514968951,6.132892468662058,6.736413289496792
37,5.617145449425358,9.905159348359597,2.966599641447494,1.844409810211419,0.2453111788056501,5.305138364955676,7.95986178203221,0,3.506158558817301,2.918662777441984,3.159103621928328,1.201105936976879,2.043651993030652,1.0556162010387,9.011141453244218,10.39730714402327,10.26973099934569,10.97266610526851,8.38179706820293,1.068041820386528,5.562018878069365,2.621605608584236,1.912523531250267,0.9432038925796675,2.336456221205166,1.689177109232245,0.7329501507603947,3.149338062637506,9.531539480647146,8.349127143099043,9.014575515176658,1.539450813416067,4.02652860481347,3.791865679159973,9.54578089267763,1.668787571868285,1.814286133990967,2.854255431709805,3.254631494975637,9.787308412928201,7.443497506328313,8.440478710150467,3.125043375805885,1.105860373377283,10.81270905077722,7.697139312604375,10.4121315455235,1.718020732751284,9.482762198686155,1.204020635658267,1.641343563562925,2.934686479681382,3.714441500829587,1.042485776601211,1.428632391914612,1.65168671151363,8.599685279510116,3.285553676946781,8.809817457086121,3.517642430274414,2.944404237152782,10.32919554804117,2.874183193208749,1.497369941083782,10.90227066597749,10.02293702331218,8.739361782675928,3.024907894720326,7.37734479776275,9.649012246212507,2.218155066733937,7.299958802432307,2.560988842184697,1.082762516036203,1.838130358958895,9.550171749936997,2.062287320189752,3.568425496489047,1.521474581800441,3.382589213983745,1.257590930886935,1.665328745828106,2.047918669221578,7.480655151521226,2.010758553111206,8.19979489399274,2.991255629468371,2.642244123126441,4.40650632307094,9.25896153782222,8.999469653047331,2.928841508648505,3.961599245471895,1.183250154237824,3.202062273784532,2.24906014095665,2.603308521471447,2.973900168590268,2.364733832643239,2.259742340266365
72,4.604624631823967,7.186831356444665,3.460219391541295,1.749755942291793,3.351036045229975,1.921278329318008,5.774896962392591,3.506158558817301,0,0.747665670582195,1.50584288729217,2.307671813101569,2.134885139295467,3.33802381429575,6.257916133126441,8.069337334777627,7.545932469021063,8.209424941787674,6.921028343485458,2.504872998933085,3.49826885759228,1.41859718865208,2.466841032770856,2.789542860326118,2.579089943107452,4.347851737639233,2.819055736353529,1.758604366338279,6.697712153640635,5.681707849063196,6.65907420494305,3.852174191467684,1.719011592570948,0.5277207942441087,6.946145765911689,1.876136615406527,3.575483551641978,0.7913412547444847,3.395648569105869,7.405613983688483,5.002970347443761,6.722991875087906,4.749271077988693,2.521600798513598,8.195766286824487,6.236837364234716,7.976731725758781,2.137927452775267,7.242409976184082,3.019527353998295,1.87624346194839,3.959743425311394,0.4869996306711225,2.934592275131577,2.558530284317646,2.256921571234119,5.965149383867717,2.591485875542607,7.606310342012122,0.210846310017689,0.655298067334374,7.680550440273319,1.57756837190971,3.805701089555062,8.048748041531667,8.532649664825847,6.538600231757037,2.289373553933624,4.641678822320544,7.700291492020237,1.358083136690774,4.97061106164841,0.9660837046054226,2.605059146083498,1.86803724454817,7.14999343685779,2.509215578929238,2.239590456133215,2.063145473813063,0.9281608065092842,3.213824005322194,3.299002149265564,1.458321989060976,4.750660211924061,1.502670185925981,6.451193691757424,2.506261029029862,1.02250432558621,2.127555675325211,7.065292519625907,6.712944331083797,3.861959672817487,4.002111453010212,2.473886216379006,3.856130550178022,1.789042634204888,4.127341409239774,0.8008227460158066,3.662929155249556,4.197692917652075
87,5.028661750406365,7.91696071204194,3.471341132364344,1.086876199664466,2.79451019793471,2.66267071620063,6.43441756364604,2.918662777441984,0.747665670582195,0,0.9366163657602139,1.757082636036565,1.959339251880855,2.934777517306254,6.988256428895735,8.762935240252634,8.277376594206956,8.945080047044712,7.478730621921527,2.006398966890046,4.094872647592352,1.43347366703357,2.267160682050047,2.327484090556186,2.506001580788925,3.976839088835707,2.200190971224142,2.003666811188017,7.435355819200919,6.401655239002372,7.348785652584088,3.511285445689464,1.497301010205363,1.242396331508082,7.664747825542589,1.250171382812891,3.315522800909224,0.8269287636604816,3.483311376617271,8.102525402170739,5.690714777572671,7.320757815942004,4.617681938156585,2.050276988956683,8.919801741535977,6.78500033653563,8.68210241358136,1.829758337032514,7.921044002333653,2.646884703477296,1.373256463118887,3.90065569633704,1.183252523874804,2.518485257469996,1.840633821098184,1.533924754016745,6.683108456061283,1.970134547539268,8.128302572841008,0.8872681714383863,0.7306928965425907,8.406057111019017,1.723627138982133,3.460951318647715,8.789772620032187,9.111158360557296,7.20717028576457,1.636843131961631,5.362719105486511,8.34206205376074,1.032554369663064,5.642306582742133,0.6788162396946812,2.149979671134635,1.164835652299522,7.847830341105842,1.761776606606708,1.721968283881075,1.617612741593208,1.368301168096279,2.491992883257149,3.02568352460765,0.934531307018748,5.47181680572025,1.029053052324968,7.050839168292884,2.628360999359483,0.2932463654719344,2.703079881509562,7.736683411818494,7.394218965173597,3.81433462725858,4.166660850770059,1.809277544945559,3.870510083237013,1.66013500227326,3.974485821833208,0.9701307558280875,3.51378357816166,3.963434469680386
55,5.964918440347697,8.638245448906867,4.312105483920216,1.424807729684107,3.103155329071191,3.235589290778812,7.280729793304184,3.159103621928328,1.50584288729217,0.9366163657602139,0,2.180282769648547,2.747167671105437,3.460963464538528,7.710747107692216,9.565323900312244,8.993444700504218,9.643505430449844,8.391377467529196,2.479086773840378,4.986202863903554,2.33528155546486,3.020871798413136,2.819904763416616,3.327134224135667,4.498610239484508,2.433794673373468,2.935808002471176,8.12804954924886,7.155066323190531,8.157917231484113,4.082893512460624,0.8675634218649503,2.032829297416926,8.419329405478122,1.628499742931612,3.974299132683441,1.76072033850068,4.358177190014646,8.899927765610746,6.503830641413028,8.214496617164995,5.350478526786238,2.55606461258038,9.658417451990296,7.700703904074578,9.464064412805564,2.531370376751315,8.74520091414359,3.224805971021545,1.93055824023675,4.694930733839121,1.991974427278532,3.054709864892978,1.801519287189289,1.523664240156778,7.440778996223105,1.086383570572707,9.052685210876032,1.700215769699743,1.667249077062733,9.141107784049941,2.645625947059841,4.030254291400788,9.461358182541305,10.01565065267515,8.043686986017283,0.8055494920880163,6.115911265445972,9.205182761896854,1.822439777846963,6.475638712914385,1.55627111233245,2.66735333209511,1.347809333013166,8.643869525566105,1.394644616446924,0.785671061048127,2.207223448715325,2.289056415961107,2.356191191540359,3.68356416428007,1.56746570844861,6.224422156659352,1.694419234289456,7.943368269008968,3.527757708786865,0.9194621040453478,3.600426130489912,8.569829733431904,8.215116859003128,4.617061280249979,5.063073588573065,1.976354105384816,4.706607655310247,2.493680712710264,4.703308233284762,1.906746265677368,4.256264269936509,4.625748104732321
11,4.965696426484407,8.875617418228009,2.603923513120149,0.7574421194680159,1.04617852293976,4.112251266485668,7.047207751696443,1.201105936976879,2.307671813101569,1.757082636036565,2.180282769648547,0,1.18246118718156,1.285646344254977,7.966531949475804,9.474367183290461,9.241085338484611,9.937730515103572,7.679472910046327,0.306491823543194,4.61983657719621,1.525233806278733,1.248582907459813,0.6439119879975748,1.698061929925983,2.318456649177014,0.5820693232991,2.148977454572667,8.470837111472411,7.319537189286592,8.071120012492131,1.916991345886086,3.022497833492273,2.594842306847963,8.543887129965027,0.5543327525895689,1.883772517620034,1.661219672395277,2.790651745561795,8.84459776163998,6.457607303419826,7.664411605007366,3.313089503245655,0.4029729336657602,9.815095725158598,6.980999792759728,9.460181162418237,0.8002738040482126,8.575162779565645,1.086534706009982,0.4426181682524094,2.811095824925915,2.517493967944747,0.8925976151784583,0.9670027319503792,0.9402943137341597,7.580634818938633,2.633297240049011,8.192873678564071,2.316573721059754,1.745985260949545,9.320282999247382,1.833002840709558,1.863981315853265,9.843898345609643,9.336832133547464,7.83375035363091,2.302493753341138,6.320810642134347,8.82423597530569,1.030312283985786,6.339098368921767,1.360078889138728,0.5138017110950612,0.8551638006522274,8.600353725435255,1.541585848267171,2.757992457273501,0.4112541699931969,2.2236959069463,1.399739890151019,1.607811714585134,0.8519105445807852,6.426683280799526,0.8096588339714667,7.410633716284092,2.236799389898735,1.499715713222882,3.36027193168102,8.361584819962919,8.074116184170776,2.76091407004687,3.547146669534937,0.5606394891357587,2.946662104024962,1.237956671396341,2.68157524577137,1.790235809626586,2.283262147829262,2.516760452112706
43,3.783407458892051,7.862443344569921,1.581019231797971,1.534724379567567,1.808360387243702,3.55499438230364,5.936352409034105,2.043651993030652,2.134885139295467,1.959339251880855,2.747167671105437,1.18246118718156,0,1.381942608923326,6.971293130480571,8.372132990976459,8.226839721871038,8.930309891698663,6.500725825424064,1.065856358519973,3.524759991829231,0.7720889747064582,0.3324972800316386,1.101028236354655,0.5936905828683013,2.282562950470399,1.693302349268701,1.11802536842541,7.495796573217609,6.306968266331681,6.981373293884275,1.770337911464009,3.45017870683732,2.172785037645675,7.502335726822158,1.398032442100942,1.445574809623145,1.343961673132668,1.688878227826557,7.754901344041691,5.400675484592328,6.498599532323181,2.661510954246498,0.9821982097268497,8.769725087340003,5.803302046020081,8.37740561254199,0.382721418308588,7.463018994082993,1.047086385908778,0.9968501225956301,1.951141330453148,2.102438217257658,1.075895118428879,2.118060044988465,2.006978167183291,6.556388804603298,3.505988351341178,7.010510171192636,2.035161788898968,1.481936358922761,8.285578480619138,0.8883293379598525,1.729448467415187,8.864806793204563,8.15737114843828,6.719708933972059,3.148522221308103,5.342830250954447,7.674317294697873,0.9351782396326159,5.260828923858486,1.290622309722346,0.9709850422168097,1.737102772081109,7.515520457401471,2.601777218518305,3.47610269494992,0.7993037249505622,1.581625314365563,2.580017183991153,1.179017795603459,1.199922504816412,5.445058628255262,1.069978755674744,6.247893203547282,1.054372640688951,1.844087368567566,2.379632826194785,7.243501966993217,6.972261193149207,1.870681992802314,2.438782190769363,1.733798599118988,1.9679212759622,0.3499086633589106,2.022094431143262,1.357801489962235,1.558521099401536,2.062920490625201
81,4.619769474768194,9.1211489421369,1.927609438968179,2.036280358317356,0.8352732899377195,4.920455628806348,7.080885270465714,1.0556162010387,3.33802381429575,2.934777517306254,3.460963464538528,1.285646344254977,1.381942608923326,0,8.249975226506349,9.513160193008659,9.482886793352362,10.18979242724548,7.387020777012054,0.9824802644750973,4.733681970728494,2.124098876451126,1.122147995507009,0.6420077599902229,1.447973646048266,1.045923874249395,1.288854732923447,2.470417987989002,8.7873562290976,7.574997496065877,8.152987044341945,0.6376823561802044,4.291546398685643,3.48358388017311,8.734232067307168,1.832720146855047,0.7686018681130545,2.573756446075907,2.233007430016914,8.921152761104238,6.631132167973862,7.476545940659641,2.15554077374069,0.9069613019677668,9.990914741332274,6.710571873673636,9.55079309673655,1.21713864031287,8.591291557497499,0.336586672733803,1.570932750140358,1.881491845358846,3.408901683712658,0.4165786502654347,2.060096215273145,2.153552684173195,7.811973737090386,3.879067802740418,7.786946850069575,3.285736103737517,2.696578722617599,9.520871917888847,2.269262450651318,0.5848407721809952,10.14809382246421,9.017642376397765,7.850285360490433,3.563128366829389,6.644655182130628,8.704881532455691,1.982990052945401,6.465706178334054,2.38305577437873,0.7977583948725621,2.139560272816639,8.690980259357252,2.710557857365485,4.038644991707505,1.317175233327307,2.940941315877803,2.16414675017228,0.6141139471771583,2.002268587987505,6.743605563950934,1.906789331542191,7.24340387622034,2.114060185498696,2.714201395396804,3.71702155721396,8.361330960347514,8.123633427669885,1.873456268693004,2.918953331809562,1.669868957260494,2.14757885908122,1.695013659883962,1.582433384063862,2.639569030214681,1.310505291409486,1.303674763765889
98,4.519107765920172,0.9289160950161708,6.731418030131351,7.766603704784927,8.778858000108029,4.530954696007291,1.814747799308736,9.011141453244218,6.257916133126441,6.988256428895735,7.710747107692216,7.966531949475804,6.971293130480571,8.249975226506349,0,2.182175489153274,1.2896408462139,1.97317986364782,3.548107834981372,7.977151926131719,3.546438495166665,6.441358213794797,7.150939027857877,8.071256187001183,6.805625340323304,8.810041287452211,8.546931034753054,5.862131501859968,0.567240653908833,0.6853414420512589,1.284627500566454,8.354426913254589,7.531011145153236,5.745989417898851,0.81457390151982,7.800312054220595,7.875176098617586,6.468918844274254,6.381366836211203,1.582994246849225,1.692553779200527,2.924407835876223,7.957128679219516,7.917758991236241,1.954074965675586,3.450736865935352,1.932321345945948,7.296181199591342,1.810314678028064,7.947365212471006,7.566632236354215,7.221211524594056,5.805567800450079,8.029909687330422,8.619730603816297,8.355752466323608,0.5268195099081053,8.779858913524139,4.322724639553888,6.101035332511075,6.453938095671139,1.435293447399187,6.149282788543154,8.339669929433322,1.898197628280741,4.183478486810946,1.68815399263762,8.515352167651507,1.648342685517465,2.727264195593237,7.001094968440069,1.930078565939389,6.825727086335132,7.929375804998767,7.948822223821493,1.378896583825459,8.728628478917681,8.332259561204792,7.566357899658882,5.818558258300206,9.248841826121055,7.773236820014334,7.332730288730013,1.541183296816497,7.287276422808552,2.816021244432401,6.147851994684272,7.228400571411427,4.611656520460674,1.845677570937262,1.487038037446865,7.129099912280935,6.127535859306869,8.38533571770197,6.841129456053888,6.771319613663354,7.724941804963903,6.301016258386318,7.480931169677483,8.124310147959919
91,5.140928807132035,1.575754173245672,7.761998941968577,9.405106210194926,10.15476519541274,6.512216114256431,2.437450395788057,10.39730714402327,8.069337334777627,8.762935240252634,9.565323900312244,9.474367183290461,8.372132990976459,9.513160193008659,2.182175489153274,0,1.503433234207558,1.729038233117723,2.942818918606251,9.428453446703937,4.855168998088532,7.976485671821768,8.486140401563059,9.458772942825449,8.081158651328423,9.883698876059732,10.0379445832024,7.325461947338833,2.156196704349971,2.499405031584501,1.41634554442285,9.486925440766806,9.491858227344899,7.542749865914175,1.372213509111347,9.404147100086647,9.005799197299208,8.137904850666702,7.40868105015908,0.6692671322584152,3.073049367598328,2.441643976332228,8.753826254461934,9.352218322982575,1.115206029411263,3.293385269068569,0.3835531546140747,8.732409126933721,0.9266258588754893,9.246485254135433,9.115821680271647,8.153708093686117,7.591991799193305,9.36783456879648,10.23797976378586,10.00219507855577,2.214971077496442,10.65014197011032,3.397581551816546,7.890232476072794,8.149706122854143,1.197593239623397,7.646407774619865,9.48309379704291,2.090754804036631,2.634064895556835,1.663072249547312,10.35820174065291,3.494696183007749,1.339659147751302,8.592840136695381,3.147435279464754,8.488649566650171,9.342225446054259,9.603739959798554,0.9255551329637022,10.44188273134795,10.2415065039715,9.063544491327418,7.481579590549782,10.83156880609708,8.966164970401584,8.953687738977033,3.390852377057097,8.886875813921129,2.552128006576059,7.415352693286319,8.972634723003122,6.163904848329231,1.167074226837971,1.400561441133568,8.080075607577289,6.958091207138891,9.951396877620018,7.765313855400914,8.239029501655384,8.673537511529387,7.963893359955733,8.530842498046068,9.114493214399122
45,5.51859565469332,0.3654733315887437,7.898147867985653,9.053371587263323,10.03517676141245,5.797776257283597,2.658262061820059,10.26973099934569,7.545932469021063,8.277376594206956,8.993444700504218,9.241085338484611,8.226839721871038,9.482886793352362,1.2896408462139,1.503433234207558,0,0.7076778541818256,3.942940858077887,9.2438729043302,4.753767663653746,7.716055496513845,8.394727133598243,9.327833404602044,8.035307642334738,9.999806403533531,9.82034072619687,7.124187704726757,0.9088776163325926,1.922332639163685,1.662792689068017,9.557380612075326,8.79320242420769,7.035030194803686,0.811503727131916,9.084651795304916,9.075557115183202,7.756301380597368,7.54446812338678,1.275109859265912,2.858117012645436,3.338783366935517,9.060858834115949,9.18174274974184,0.7380852589024338,4.067638693079413,1.127942901487286,8.558801703313037,1.763712609616124,9.186773171667996,8.845398905965641,8.362583395767807,7.094873770313328,9.27728586322854,9.905878469888247,9.643380004397063,1.671794272034718,10.05917255442624,4.578394794339232,7.390119905021671,7.742571215529074,0.3111730798130446,7.4177990091807,9.54527491736718,0.7965244744881126,4.050740373498968,2.144793504825497,9.798545384094606,2.933219947757546,2.617001071816164,8.283310593061588,3.051199254233579,8.113109587999142,9.189889730180473,9.236628565444164,1.286010640421792,10.01825974328474,9.605384760049908,8.838725703131209,7.104782342545088,10.53287088305078,8.988442731375219,8.617881316227606,2.825108351595384,8.570629556262631,3.333884402686778,7.372084784315637,8.518012672138045,5.88188910008997,1.95087202514528,1.822672175413335,8.275388283087866,7.227073207710752,9.66701609403589,7.977137144885017,8.037371290517862,8.874415605810903,7.587859363645648,8.657928972382551,9.288107692601477
41,6.201631237021434,1.068862024543974,8.603827581911153,9.738338944859885,10.73866170046126,6.430278252813001,3.335683872148062,10.97266610526851,8.209424941787674,8.945080047044712,9.643505430449844,9.937730515103572,8.930309891698663,10.18979242724548,1.97317986364782,1.729038233117723,0.7076778541818256,0,4.476588947241527,9.94414109674867,5.461351389537209,8.412500151739717,9.100361319060745,10.03118930674159,8.742339867508822,10.70681592209336,10.51765126383871,7.825758770778749,1.515611623079987,2.62355998210935,2.298550567786506,10.26495048145736,9.415036041081667,7.702943724380692,1.498537464161289,9.773263344542954,9.783078384834839,8.440199511987439,8.249933353674399,1.759101689832876,3.565779508836545,3.895617109519428,9.757913212722748,9.882976538904714,0.6216052210075347,4.668477265364074,1.359721243269149,9.260407624652814,2.267916499614118,9.893038644277807,9.539298335778385,9.065448612954558,7.764297986714569,9.982473063267896,10.59186928106242,10.32652704463009,2.377963715016333,10.70262000458682,5.04618471231182,8.058059933355747,8.423241144158176,0.7564716280126114,8.117153301790122,10.25289965451794,0.4220407384449669,4.363072290952241,2.763982773511908,10.44904631930009,3.621522535224282,3.0128434771812,8.974272130662676,3.757271033257508,8.796962605861159,9.892195960966118,9.919395263114374,1.848524059251816,10.69193298224338,10.23994930270166,9.53650379564986,7.790862610361232,11.22183053813445,9.696094145335394,9.305445902845419,3.51429359828908,9.26040929187339,3.92204608479056,8.079380634929954,9.190016208384586,6.580251564018443,2.486859136860533,2.435416672816211,8.978874822581004,7.924809609684178,10.35849974678247,8.679507662293142,8.737755495387454,9.578061016438111,8.272830475950085,9.364267115406964,9.9931809726524
85,2.767406186305148,3.746074736861382,5.486110552017185,7.823277471207898,8.137326330926461,5.951045974115996,1.918719286021773,8.38179706820293,6.921028343485458,7.478730621921527,8.391377467529196,7.679472910046327,6.500725825424064,7.387020777012054,3.548107834981372,2.942818918606251,3.942940858077887,4.476588947241527,0,7.553836255856047,3.433574231030982,6.339357694984197,6.516627239776625,7.494069601411246,6.066321983130228,7.530618707543014,8.185709514388204,5.646699577281606,3.974192047722035,3.193629375249635,2.356486990774618,7.213127978503956,8.582770211023163,6.418976622810693,3.228467178209034,7.764362055210134,6.75530716597826,6.709148421721122,5.159013865066894,2.717517409488642,2.734323523926975,0.6263999489342293,6.197871881013971,7.458480592330321,3.945106177430017,0.7015175815721765,3.210733895317172,6.8831173610795,2.208680051441969,7.179579336925896,7.407796051697918,5.750263218735665,6.441683160383079,7.343130888233171,8.57257174909641,8.397210149157873,3.107411253016602,9.448830414793527,0.8461358593591036,6.713864916658451,6.768108364561,3.746068002593732,5.983421541663263,7.221308597321799,4.723906901446752,1.658227953145951,1.883709574218735,9.110989611059825,3.512319349128345,1.659437097653656,6.992317197393668,2.53685328230887,7.01782713358588,7.419030715382238,8.037262389298849,2.657830841278413,8.931018129732019,9.154245940942996,7.279598292604598,6.110431046747718,9.079157951095935,6.788125562025883,7.373731832179966,3.471584750416921,7.276341634724361,0.763988440394499,5.452302369083466,7.612569313881382,4.795227428514022,1.99675826796729,2.162856036580604,5.699368461910755,4.54646612633825,8.217623756018527,5.379805627823632,6.474968866611937,6.255466643253061,6.541078613078425,6.221950851908963,6.713822528995264
18,4.818434808109372,8.878681463173375,2.369297142386655,1.054283387951185,0.8701512848306331,4.250419693896308,6.99466004886836,1.068041820386528,2.504872998933085,2.006398966890046,2.479086773840378,0.306491823543194,1.065856358519973,0.9824802644750973,7.977151926131719,9.428453446703937,9.2438729043302,9.94414109674867,7.553836255856047,0,4.575436700469147,1.557962541151302,1.055103280019937,0.3408215015254452,1.513180822037772,2.020802675905449,0.6318841298843531,2.122085776408007,8.490773873155399,7.321612880488437,8.032742667281788,1.611434741703406,3.314770497729626,2.746744661240098,8.532765423579889,0.8505902135588583,1.583358862540738,1.806824670284256,2.579994712988653,8.80656076245149,6.436838477540223,7.562177031610976,3.015310623089272,0.1119797744482915,9.802654296240595,6.85840325774364,9.426602841525082,0.6960931123984085,8.522229571105125,0.7822308080961967,0.6379390962995882,2.539960321861163,2.669428013424845,0.5861057985874532,1.215452581246411,1.229386230757507,7.577417171305557,2.935570090701825,8.043504999923579,2.492455016806644,1.907189521503147,9.313089732654932,1.828101666418544,1.558454351719025,9.863083756843796,9.208501230210937,7.779267119083626,2.607114309720703,6.336964683508504,8.74017343797775,1.171059178354651,6.306477615002374,1.540930363461336,0.2127044838948756,1.161263107849722,8.565208549206627,1.822418554404119,3.064417411351683,0.4585007474782835,2.315251055564329,1.552959815135763,1.311855275226013,1.077209427883197,6.441452204536215,1.00708461895552,7.312432623633772,2.101747167112749,1.763643046353789,3.365764595317481,8.304340503299148,8.028023129313667,2.495328508246393,3.332788348662566,0.799177176660243,2.696590036347227,1.206506331870502,2.388086467124617,1.916342480699927,2.000897886017612,2.212385558580434
58,1.704172819874792,4.394083180823958,3.198819313434255,4.591500299466395,5.322149095994963,2.678572194285605,2.428978180223116,5.562018878069365,3.49826885759228,4.094872647592352,4.986202863903554,4.61983657719621,3.524759991829231,4.733681970728494,3.546438495166665,4.855168998088532,4.753767663653746,5.461351389537209,3.433574231030982,4.575436700469147,0,3.133522299266434,3.661736336767026,4.619601065027152,3.28580431553676,5.263677326736508,5.182836578554257,2.47159260397016,4.099859997609674,2.863067236374304,3.457476970277604,4.809597696273568,5.149197413189748,2.989179151539767,4.000607328893952,4.573204347063446,4.329499971128306,3.373523084254797,2.854437247514823,4.23124957902509,1.897860637665474,3.228408276535048,4.497466620220766,4.501432882982929,5.259808551649005,2.763262745379092,4.852716764864811,3.879801541316256,3.956162660963273,4.444382409289282,4.268646038265529,3.7135417057036,3.015059866735651,4.547047613562014,5.406401113495002,5.186158886883432,3.086675071982796,6.058546442835939,4.157292628622622,3.293829685943098,3.411412317501359,4.787199494485266,2.796186152601432,4.795817969856654,5.439792275445819,5.034441975035565,3.216101677497153,5.731416840537774,2.034177720849385,4.269388246575849,3.765251386029889,1.738430326472706,3.708754238285411,4.495734200328129,4.797348225843106,3.990898144528371,5.665178284926256,5.737183803923315,4.208826796151157,2.738218033685411,5.985352704728436,4.235039905360988,4.136232947985401,2.116649474995802,4.059378031176696,2.95755963591607,2.620231669146833,4.258333594259614,1.392110627787893,3.745686585927872,3.454672343363404,3.615959900220134,2.719702005735187,5.10444698277884,3.345104781617461,3.383889478100607,4.204152946789638,3.199847340108587,3.938988068019501,4.589189470919674
42,3.736381270694949,7.350583250783849,2.069417241046096,1.485112074179705,2.408045269191943,2.796445081454813,5.561110333466907,2.621605608584236,1.41859718865208,1.43347366703357,2.33528155546486,1.525233806278733,0.7720889747064582,2.124098876451126,6.441358213794797,7.976485671821768,7.716055496513845,8.412500151739717,6.339357694984197,1.557962541151302,3.133522299266434,0,1.097526252751133,1.722664564176923,1.160500886025573,3.053997885678928,2.105728449493866,0.6927146265568076,6.947061049607976,5.794753676395313,6.567494593729257,2.542279448636052,2.913781966737197,1.40307509888642,7.022183520057938,1.444223824402623,2.20754856127266,0.6591833179870391,2.054131188353455,7.339782415650572,4.942135623426086,6.264330397635377,3.330756472239168,1.516446944647027,8.293519915909643,5.637935883945631,7.951074942592044,0.935520703027824,7.086325240370402,1.787772549011662,1.140182847271021,2.546910581210851,1.334073641460094,1.772823444719603,2.274781723527223,2.068526566689826,6.056791890562176,3.256365184605376,6.922652655164173,1.292423268899966,0.7964311499888211,7.797094668634557,0.3561137363428478,2.501050238724553,8.320083023654359,7.994481321472192,6.348226138904018,2.898341293581571,4.796023281377467,7.381998843798987,0.6529644835835374,4.832966112323323,0.7797143301828069,1.553793392129322,1.698362439945403,7.093262248646528,2.591862999283243,3.112057981889282,1.127305750584756,0.8170861563751262,2.855091129892462,1.94829060881606,1.034411607758731,4.901736485762425,0.9396744351141452,6.002825458622662,1.19565863456772,1.424002633036336,1.836760572680652,6.878525626404394,6.57826601369616,2.451481984496402,2.733926769090936,1.975062502398927,2.469015767242338,0.4311457524011295,2.711392705910275,0.6184868446309214,2.247965678802673,2.805854872546861
