0,0,5.195337332647419,2.728271247511875,5.19147474230589,5.373104689097358,4.272141851577497,2.866443789785525,5.617145449425358,4.604624631823967,5.028661750406365,5.964918440347697,4.965696426484406,3.783407458892051,4.619769474768194,4.519107765920172,5.140928807132035,5.51859565469332,6.201631237021434,2.767406186305148,4.818434808109372,1.704172819874792,3.736381270694949,3.770288583119335,4.73955852374459,3.315289278479331,4.810412248446074,5.449194068850916,3.061496529477047,5.083119022804797,3.865815437912162,3.934861115719334,4.46485106134572,6.3233884112871,4.17014975750272,4.708276754822299,5.107981499574954,3.999481341374154,4.211909899321209,2.394769926318602,4.640731623354231,2.872537206025363,2.893709556952806,3.613274000127862,4.719308317963555,5.84690097402034,2.094190535744062,5.264163276343164,4.165439112506628,4.222079819236012,4.413942002337593,4.731443120232981,3.042848172354316,4.169230504541576,4.580813137424403,5.889089403294877,5.740924228728333,3.996659355011382,6.965554536431395,3.227234264815618,4.394570627490245,4.298041763408076,5.458134663051105,3.385462154566198,4.470140154402321,6.288771024612043,4.406191893233884,3.526397169917195,6.612721376256527,3.365272648686879,4.156266954852636,4.379407151658772,2.607916217979405,4.476492041766633,4.673343449822621,5.406648592242703,4.451410450632474,6.303870239781273,6.74916372597376,4.576767636662365,3.700975141770072,6.360253296842822,4.022492510869349,4.757067584132057,3.412205152097394,4.647862411905069,2.683665031258559,2.729086843616377,5.108103757755906,2.583691351535628,3.976767154360436,3.842691764896061,2.979664578438319,1.832882974987765,5.515629973085577,2.659749424287935,3.801361203569058,3.559940027584735,4.059149418289502,3.47784933543706,4.011427052808015
1,5.195337332647419,0,4.586426277615286,2.292620771082736,5.192774788107029,4.380336288460054,4.108451533120477,5.082763716719478,4.010132915502926,4.08266126442055,3.43608934691751,5.067821721410492,3.02588202017197,5.594285834670946,2.631695081121671,2.949238037188589,0.4171546475828838,3.824899998692777,3.923134333667406,3.389947787208529,4.394083180823959,2.951487252217092,4.502089514880841,6.481663135338028,6.309678517959533,4.432647290276996,4.852187341807816,3.422858016336641,1.676575378561906,1.9352568305008,1.812721158921029,4.521175842632091,6.339310609206651,4.473969490284886,1.517880759480138,3.048875038436309,5.098889192755615,4.697212471242918,4.889700297564259,2.031041604694498,4.255653651320793,3.306118116462266,4.818522076321743,4.997837832503172,2.618520383728185,4.037671358592722,1.655259798339826,6.224848994152389,1.801684212063812,6.70671409857316,4.642659367216165,6.233980670486555,4.722112980435771,4.484145069018173,4.614636063656591,5.751443036317061,1.654797268549837,3.735161040704939,4.471658417187073,4.550922653704411,3.426236856961293,1.075794590058901,3.928175657986797,4.201534838603626,3.72403370016975,4.154198478647837,2.556870157047479,3.701495643655413,4.300247667286153,2.706234468777604,3.086758008007755,3.139272686467361,4.833918596749433,6.068049357083378,2.473141928802308,1.164625690941085,3.251691559788536,4.760888047413004,5.1844776014561,3.372055307968717,4.483426591347293,5.251539774199563,5.282349666578312,4.140677963812206,3.058508950452818,3.120680694976659,5.251929645377973,5.179487040238637,4.703736280872898,3.344392769995773,2.876106743498926,4.256323413463785,5.850520489665857,4.281165729097625,6.290481460110982,5.78857331300209,5.208921289480194,2.983762725150912,5.248662496293699,4.134440832809196
2,2.728271247511875,4.586426277615286,0,3.475519817235977,2.850694301393961,4.464974356029383,3.124508921414692,3.032485284383092,3.58760867431218,3.743223610739813,4.446,3.845199734734205,1.848964034263512,2.170552464235776,3.888472579304115,4.142503711525193,4.92837802933176,5.341125536813379,2.549233806460286,2.592005787030577,3.198819313434255,2.171866708617267,1.432850306207875,3.238681058702755,3.079945941084032,2.542716264155322,2.973529216268103,1.922229174682353,4.280313423103499,3.317760841290403,3.655425009489321,1.987960512686306,5.880660592144388,4.253912669531428,3.795220415206474,3.838808018122292,1.619088323718011,4.368377845379221,0.976607904944456,4.089077402055383,3.820481383281431,2.404394934281804,2.31419554057128,3.44182785740368,5.436730175390352,1.745106873518066,4.857546602967387,3.558700184055971,3.230243644061543,3.194319332815679,2.733679937373796,2.165516335657618,3.80873299142904,2.724843665240265,3.594177791929609,4.259590003744492,4.059082901346066,5.597174108422928,2.481887386647509,4.331549722674323,3.249487190311727,4.871793714844667,2.282560404458116,2.350792419589616,5.581347597131002,3.359539105294058,3.083901587275443,4.835519827278139,3.981129990341938,2.819098260082468,3.172595625036383,2.861988644282154,3.792215315616981,3.058102516267236,3.768658249297752,3.73556729292888,4.347867063285169,5.451850970083464,2.573722984316688,2.645263880976717,4.011636324494034,2.668151794782298,3.201876324907007,4.568885203197822,2.785105563528966,2.564201630137537,2.468271257378329,3.946045615549826,3.052331076407014,3.832811631165821,3.201206022735807,1.85318455637856,2.023844855713994,3.197038316942729,3.656441302687628,2.905045782771762,1.019612181174784,2.765981561760671,2.903949724082702,2.157057950079228
3,5.19147474230589,2.292620771082736,3.475519817235977,0,3.047078272706496,4.274327783406415,3.871955319990147,3.107874353959633,3.10177852207407,3.093693423725111,1.944839839164141,3.802030115609291,1.689607646762999,3.691288392959835,2.36782199499878,2.655834896976843,2.565753300689682,3.395610401680381,4.055689213931462,1.643607617407512,4.591500299466395,1.711490286271003,2.874850604814101,4.81032628830935,5.254811985218881,3.087294932461102,2.676246999064174,2.652884656369364,1.835178737889037,2.228372724658063,2.927235214327677,3.084127267153546,5.440695268070066,4.130531563854706,2.054863985766454,2.059873054340971,3.443831151493929,4.3956404539043,3.995461550309301,2.644575580315299,4.428653294174201,3.248766073450041,4.270340618732889,3.64482633331137,3.492656152557821,3.714706179497916,3.347126080684742,5.005688064592119,2.148025605061541,5.173465569615787,2.748969988923124,5.256816812482627,3.934131797487217,2.87687000053878,2.390188695479919,4.06894347466268,3.081784223465361,2.771452687671215,4.226610107402858,4.10303923939316,2.808070333876985,2.58444152574594,2.817022896605564,2.795018604589243,3.539811153154926,3.886329759554636,2.672463470283551,2.006160013558241,4.547450934314741,2.451656786746465,2.00464086559164,3.233497332610621,3.81163416397744,4.366538789476168,1.512951089758027,2.221553735564369,1.641856875613706,3.493125963946906,3.391811610334513,2.418103595795681,2.223328585702077,3.941734897224825,3.822112243249797,4.73620966596708,1.436897699907687,3.449342256141017,4.635901961862438,3.755770759777546,4.340782763511669,3.515169839424548,2.615959097539562,3.567677816171186,5.187881455854596,2.266424938090825,5.887883405774948,4.505113650064779,3.841265286334699,2.006140074870147,4.439297466942264,3.240637745876574
4,5.373104689097358,5.192774788107029,2.850694301393961,3.047078272706496,0,5.268046886655434,4.341262258836708,2.022924862667914,3.896843594500554,3.963261409495972,3.337819947211053,3.161087629282048,2.618049273791462,1.269426642228688,4.049264995033049,4.142914071037438,5.501802977206654,4.680019017055379,4.934774462931411,2.471068594758146,5.322149095994963,2.786682795009149,1.897619034474518,2.737566620193927,4.043464727186327,2.800121425938525,1.058692589942897,3.388587758934392,4.34789661790618,4.367553663093334,5.175212652635638,2.65735865099162,5.312104385269551,4.720043537934793,4.621051828317878,3.345434351470673,1.655636131521658,4.840724842417713,3.536347974959478,4.719679438266967,5.219498251747959,4.175090537940465,4.35711705144583,2.812856377421357,5.674891276491559,4.031260348823926,5.970468072102889,3.721491770782249,4.342681659988445,3.178131841192243,1.560021153702731,4.271050807471155,4.089922126398007,1.961437992902146,1.556014138753244,2.79464362665439,5.455442053582826,4.312326750143129,4.594752550464497,4.606856954584113,4.068064527511824,5.317087172503381,2.83054941663275,2.405968619911739,5.039388355743185,4.525441746393383,4.160335443206473,3.370041839502886,5.678222433121126,3.967192584183429,3.018466995015847,4.377935243924926,3.603298072599601,2.366760444151457,3.794716458445874,4.738556425748246,3.479928447540265,4.025003726706349,1.928950491847834,3.253756444480748,1.789687123493936,2.725960381223469,3.208499026024474,5.960390087905321,2.751734907290308,4.706623630587005,4.537403552693985,3.164437706765611,4.636846234241545,4.695380176300956,3.858082684443142,3.513015086787986,4.56077910010998,2.138461596568898,5.338603469073163,3.346862560667827,2.60997107263663,3.327902943296273,3.808407278640245,3.372013196889953
5,4.272141851577497,4.380336288460054,4.464974356029383,4.274327783406415,5.268046886655434,0,3.450128693251891,5.532123552488683,2.184537479651013,3.057353594205289,3.651275393612484,4.540387318280237,3.960787800425567,4.973479466128316,3.090199831726097,5.26295363840496,4.762878331429431,4.942052002963951,5.339301920663412,4.677653899125073,2.678572194285605,3.167020839843022,3.968497952626409,4.509912970335459,3.904655554591211,6.218153584465408,4.82342741212097,2.914614382727156,3.533781968373261,2.821866226453692,4.312206395802502,5.624596607757751,3.296773119278911,2.222468222494981,4.064283208635934,4.445190097172449,5.057449456000525,3.290210479589414,4.237014868985002,4.818113946348717,2.824386305022739,4.824026430275854,6.189026821722458,4.611665534272841,5.447535130680665,4.640990196068076,5.511691845522571,3.914749417267982,4.705956013394091,4.634257222036775,3.780565830666092,5.04199137246386,1.799854160758588,4.88335796353288,4.675955731184803,4.368088712469104,3.552302633504077,4.917936355830563,6.045867431560173,2.514956659666325,2.92866915167965,4.920051422495501,2.908340764078377,5.656275187789222,4.803542130553245,6.543250797577607,4.15227419614842,4.455389994153149,2.120693282867657,5.309175359695703,3.648205997473279,2.785153317144319,3.145750307955162,4.343794078913041,4.491389206025236,4.574001639702374,4.96996740431967,4.180231931364575,3.826984452542236,2.220801882203813,5.446427636533878,4.970337413093803,3.398233070288146,2.629832694298251,3.740178204310591,4.696719919262804,3.629431773707835,3.073183365827688,1.897176059304987,4.680711591200637,4.08359400528505,5.175083477587584,4.536329353122412,4.635400090607066,5.131928974566971,3.258066758063745,5.370964997093166,2.760654632510195,5.220918310029377,5.89235564099792
6,2.866443789785525,4.108451533120477,3.124508921414692,3.871955319990147,4.341262258836708,3.450128693251891,0,5.366638519594924,4.102402710607528,4.793473166713255,4.138302067273485,2.540076179959963,3.233882496319246,4.143101977987025,2.255318381071728,3.085487157646261,4.445880565197406,3.519676973814501,3.912901097651204,4.331213917598622,2.428978180223116,2.908180702776222,3.444063297908446,4.000573083946849,2.983717982651846,4.478285609471553,4.587026487824111,3.026317068649615,3.228964694758987,3.237855308688145,3.924429640087843,4.652741664868145,4.415030124472539,1.998753361473096,4.27894449601768,2.828147273392954,3.362089380132539,1.570581739356472,3.501189654960154,2.970543721273935,1.180639657135063,2.491687179402744,4.65271737804909,2.482925089486189,3.791908886036161,2.345215981524943,4.924989847705272,2.930645150815772,3.843148969269862,3.891213178431632,3.480468071969631,4.650242896881839,2.604355006522728,2.841825293715291,4.663154940595477,3.757880918815816,3.65270940535926,4.628285859797339,3.989646976863993,2.052554749574296,4.268577866221958,3.983850649811059,1.836774890943362,3.571191257829802,3.615395828951514,4.089588365593779,1.94048834059883,4.906904930809237,3.994036053918392,3.9024142527415,2.193484214668526,1.32612103520003,2.181656939117606,3.682284752704494,4.811495713393082,3.796991572284563,5.357430354190337,4.415283116630235,3.934968106605186,2.79041699392761,4.898347680595978,2.456251208651102,4.62168021394817,2.110396171338452,3.970422017871652,3.137702025368247,4.150360586744242,3.35392128709068,2.668285404524786,1.868046840954477,1.727336678241969,2.584178592899492,3.732324744713407,4.888741146757517,2.422333792027845,3.273220585295162,3.976810153879614,3.455113601605597,2.066149074970149,3.999403580535478
7,5.617145449425358,5.082763716719478,3.032485284383092,3.107874353959633,2.022924862667914,5.532123552488683,5.366638519594924,0,3.604640758799689,3.186066540422532,3.862143575787933,4.910889532457434,2.515468743594323,2.202284041625875,4.857735068939022,5.075751569964788,5.36122047671983,5.924926244266674,4.593691543845756,1.715477484550584,5.562018878069365,2.877848154437617,2.134271538488016,3.943885647429449,5.062971262016012,2.84690445923287,1.394482341229175,3.190816196524018,4.773430841648384,4.17750044883301,4.748766681992284,1.859772566740353,6.432735498992633,5.73893247912885,4.03535933963755,4.436519131030543,2.822300125783932,6.104040792786366,3.361684399226078,5.276929883938198,6.042392489734509,4.571258251291431,3.874146873829128,4.56808143535117,6.392079943179685,4.44516175183761,5.536338320586993,5.089175375244992,4.002930551483501,4.345899791757744,2.657705589413546,3.910987854749743,4.949198520972866,3.578271649833198,2.046977039441332,4.467755364833666,5.211934477715544,5.196304167386663,4.542470253067156,5.731427221905553,3.324587793997927,5.531067618462099,3.766266719179618,3.188202314784932,6.195329369775267,4.838156467085371,4.799826246855192,3.67310726769584,5.350732753558152,3.722310841399466,4.064808728587361,4.913448687022182,4.982821891258005,3.728848884039148,2.95721592042245,4.533908468418832,2.749225163568819,5.152035908259957,2.45868806480204,3.469281770049818,2.492501755265179,4.336049930524324,2.848972621841074,6.614981708213561,2.261582189530153,4.627197315870591,4.062324703910312,4.349022303920734,4.934491868470349,5.664622317507144,4.762651677374696,4.198211523970654,4.581880945637938,1.219368279069125,6.446131397978171,4.166095294157349,2.672939580312283,3.063914979238164,5.170447272722158,3.381669114505439
8,4.604624631823967,4.010132915502926,3.58760867431218,3.10177852207407,3.896843594500554,2.184537479651013,4.102402710607528,3.604640758799689,0,0.9520414906925012,2.757424160335149,4.569288456641799,2.740276628371669,3.695239911020663,3.315324870959104,5.051842535154871,4.396873662046706,5.12913501479538,4.770942150141835,3.009626222639615,3.498268857592281,2.060195379084226,2.654883048271619,3.916731673219395,4.125864151908059,4.984858072202257,3.142485003941944,1.915363411992617,3.373462761021678,2.332085118515188,3.836356083577227,4.100113535013389,4.15136278829013,3.464897833991647,3.115873874212497,4.132530338666614,4.111255647609378,4.368417219085192,3.396415021754556,4.754385975076066,4.053303097474947,4.558406190764487,5.191564793007981,4.483951716956819,5.643655464324519,4.399268348259742,5.017800215233764,4.160657039459032,3.895057124099722,4.240041980924246,2.643492765263412,4.173358000459582,2.558541576758135,4.256245411157585,3.064247705391978,4.035873511397502,3.505902166347487,4.513507062141367,5.405595711852672,3.619063829224348,1.279222810928573,4.739963923913345,2.670451272725267,4.710317717521823,5.129874949742928,5.930260955472364,4.15425336251895,3.249351319879092,2.518854501554229,4.391498491403589,3.374673169360257,3.267762996301904,3.571358425025414,3.725991814269054,2.925104613513848,4.004131741089446,3.249646750032993,3.964790915042053,2.485300384259416,1.397961730520546,3.989128977609022,4.707307298233248,1.705167440458561,4.19766315942573,2.059288469350518,4.346130923016471,2.927316689393206,2.902439663455556,2.555453188771025,5.00826007711261,4.123461652543892,4.751047989654493,4.200139521492114,2.675656554941235,5.766980405723605,3.01742323846026,4.23801946668488,1.338205514859358,5.280423089109432,4.889853474287343
9,5.028661750406365,4.08266126442055,3.743223610739813,3.093693423725111,3.963261409495972,3.057353594205289,4.793473166713255,3.186066540422532,0.9520414906925012,0,3.058237564349767,5.196815563400341,2.763469377431203,3.817579730667062,3.90815583107941,5.376795142089756,4.432810056837536,5.653942606712594,4.761076558930763,2.705874165588636,4.094872647592352,2.302890792026405,2.796371756401498,4.395280423363223,4.792718017993547,4.86090372256024,3.059705377973507,2.156629778149231,3.73896215546507,2.5578776358536,3.815487517998192,3.821224672797976,5.007516150747794,4.360491944723668,2.940306956764888,4.533425415731465,4.325658100220127,5.204879441447227,3.520729185836366,5.05555783272232,4.829288871045094,4.80782923989611,5.039835910027231,5.059313392151153,6.003240958015928,4.693571241602709,4.909754983703362,4.891479735213057,3.817673244268032,4.751097241690597,3.004748075962442,4.2146717547159,3.478000862564585,4.619696526829441,3.039670870341064,4.631398276978563,3.670054631745963,4.840140597131451,5.423950958480359,4.501471981474505,0.9941066341192981,4.912829429157906,3.305750898056295,4.800580589887019,5.676167897446304,5.987266989203004,4.550152085370334,3.305086534419333,2.919602198930533,4.300807598579597,3.870851327550568,3.86977596250739,4.370687131333012,4.218132051038706,2.500691504364343,4.011289318909819,2.815956498243536,4.497051256101047,2.747400043677659,2.024427820397655,3.938612572975412,5.194884503047205,1.782671310141048,4.970902835501817,1.873446556483531,4.470910309992809,3.05265163423539,3.637337350315475,3.286952692084265,5.509232432925661,4.594042990656487,5.014823227193557,4.465079730531135,2.300062390458137,6.407900904352376,3.659266866463827,4.242718703850162,1.522181001063934,5.796896152252514,4.835168869853462
10,5.964918440347697,3.43608934691751,4.446,1.944839839164141,3.337819947211053,3.651275393612484,4.138302067273485,3.862143575787933,2.757424160335149,3.058237564349767,0,3.450134345210342,2.996521316460139,3.998572995457254,2.286574074898952,3.577274800738685,3.731559727513416,3.04582304147828,5.608506307387021,3.028732077949451,4.986202863903554,2.493898754961797,3.408621422217492,4.430818096017935,5.092495360822629,4.65170828836031,2.877688655848648,3.351550536691935,2.136960692198151,3.014678589833417,4.353504794989894,4.498060582073123,3.921566906225112,3.469244730485297,3.399280217928496,2.419261250878044,4.115441774585081,3.966953364989309,4.854824095680502,3.775798458604484,4.490566779372065,4.614776809337586,5.884458768654939,3.50004299973586,4.16710655011364,4.886730809037878,4.900267849822089,4.532761299693599,3.894556970953179,4.910663091681204,2.456833327680166,5.958560480518763,3.128076885244351,3.307464739041068,2.168686699364387,3.080487136801581,4.06774163387991,1.84036681126345,5.827993393956448,3.370602468402348,3.25284198816973,3.678008972256593,2.869909754678707,4.095008058600129,3.103750473217846,5.544632088786415,3.710092047375644,0.9124669857041405,4.75070815773817,4.295343641665938,2.229490749027679,3.738077714547947,3.094472976130184,3.991261078907267,2.852191964086569,3.806054781529031,2.429947324531954,1.779767681468567,3.213745167246464,2.458758019814069,2.390860514542829,4.261220247769411,3.580640166227263,4.714126430209525,2.345203402692398,4.916803636510208,5.167051867361116,2.639843177160341,4.319460035698906,4.255317966967922,3.364596261069075,4.773425918562055,5.872412792030206,2.745489027477618,6.260128513057859,4.144023286614109,4.897917414575301,2.465684894709784,5.001657725194718,4.875891815863023
11,4.965696426484406,5.067821721410492,3.845199734734205,3.802030115609291,3.161087629282048,4.540387318280237,2.540076179959963,4.910889532457434,4.569288456641799,5.196815563400341,3.450134345210342,0,3.708274666202599,3.449971739014683,2.726901905093031,3.110207388583597,5.381880247645799,2.735749440281401,5.502780206404759,4.371523876178649,4.61983657719621,3.432852166930583,3.470419138951375,3.165288928360253,3.351860677295523,4.434910032909348,3.717858926855617,4.052381522018873,3.678569015255796,4.463677631729245,5.440163876208143,4.834680341036004,3.749938932836107,2.752877403735953,5.25738100198188,2.289059632250763,2.913137483882283,2.284122150849206,4.53262506722098,3.845435085916807,3.430909063207593,3.918212092268615,5.637284984813167,0.4870195067961856,4.318537020797669,3.886867762093277,6.195694795581848,2.499073828441249,4.88941254140004,3.322548870972404,2.62531083873891,5.534971544642302,2.935482583835237,1.688773519451321,3.597337487642771,1.822006037311622,5.288549044870436,3.582798766327799,5.197425131735906,2.477235152342224,5.079798027481013,4.783317572564046,2.225720332836091,3.329223633221415,3.077864519435513,4.802498308172528,3.253757827497308,4.041798980652056,5.676730308901419,4.749956841909198,2.01205019818095,3.374059572680957,1.52349794880072,2.702002590672333,5.135596752082469,4.920916378074311,5.092137174114617,3.032357828489243,3.438772600798139,3.429745763172541,3.621936912758144,1.670700152630627,4.65021709170658,4.217789112793573,4.139559638415662,4.832398679744874,5.403501642453715,2.403918675829114,4.170498531350899,3.034539503779775,2.600280946359451,3.459237488233498,5.058915595263475,4.46600593371751,3.789569632557238,3.304470002890025,4.254391848431453,4.068255768753976,2.391211199371565,4.503679606721597
12,3.783407458892051,3.02588202017197,1.848964034263512,1.689607646762999,2.618049273791462,3.960787800425567,3.233882496319246,2.515468743594323,2.740276628371669,2.763469377431203,2.996521316460139,3.708274666202599,0,2.686955526241549,2.799149692317294,3.174265426835002,3.367267438146249,4.297461343630679,2.798099533612055,1.150501629725052,3.524759991829231,0.8344417295413743,1.587768245053415,3.932717508288639,4.129763068264329,2.343177756808049,2.348155872168626,1.389477959522928,2.779510568427471,2.024227506976427,2.582381071801759,1.900683824311661,5.525364150895395,3.940165098063786,2.227189709027949,2.736123352482486,2.34378219977881,4.207001426194196,2.327345053918735,3.020330776587226,3.846063702020547,2.342282433866591,2.913625404886496,3.407201050715968,4.28570635951648,2.42271872077631,3.58650512337568,4.215168679898825,1.924697898372625,4.15370918577601,2.31687850350423,3.617152056521816,3.564626628414258,2.534777505028794,2.612271425407398,4.039470138520645,2.951067264567177,4.158098844423975,3.010027408513085,3.992063000504877,2.234917224417943,3.428558005926106,2.081842933556708,2.158533066691358,4.483570117662932,3.278140173940095,2.398182019780817,3.282119437192985,3.732183811121848,1.889283197405831,2.208970574724797,2.551324165996943,3.601710843474251,3.582893104740916,2.025780096654126,2.362670311321493,2.64049086345702,4.374634499018176,2.58193299680685,1.816026706852077,2.874288433682326,3.211258631751731,3.026692584323688,4.346811705146658,1.186843292098835,2.406923762814269,3.17424873001471,3.61183056080985,3.322588900240294,3.3995065818439,2.517057806249193,2.447485444287667,3.557902190898451,2.101054497151371,4.787199494485267,3.517040659418086,2.334160448641009,1.499607281924171,3.610961644769991,2.206009746125343
13,4.619769474768194,5.594285834670946,2.170552464235776,3.691288392959835,1.269426642228688,4.973479466128316,4.143101977987025,2.202284041625875,3.695239911020663,3.817579730667062,3.998572995457254,3.449971739014683,2.686955526241549,0,4.380201479384253,4.751115974168596,5.943605976173051,5.378752457587168,4.602651518418487,2.80428315260781,4.733681970728494,2.803945612881962,1.327708552356277,1.957601849202232,3.163976137710271,3.096786075918064,1.62068195522749,3.019631931212809,4.824801653954284,4.393420876720099,5.20626680069318,2.565293940272732,5.282641290112362,4.607400677171457,4.833429010547274,4.008315980558419,1.285295685824861,4.799630298262565,2.668889469423565,5.139465536415241,4.930339744885742,4.109029447448631,4.009651231715796,3.066150518157907,6.248394113690333,3.66947026149552,6.250180717387297,3.146043070270971,4.556142666774164,2.270326408250584,1.672486173335971,3.149770309086045,3.835618463820405,2.418867710314063,2.360647368837625,3.057356210846227,5.477211334246653,5.213145883245547,4.343211829970995,4.561247307480707,3.8742977428174,5.83006655193575,2.639958711798349,2.785881368615685,5.699503925781611,4.704368289154242,4.324796527005635,4.208888927021002,5.159848641190941,4.172274559517866,3.432525746443863,4.180694559519985,3.593055385044879,1.761149908440505,4.198586309699968,5.012939157819492,4.159928124379074,4.692384148809642,1.396841436956965,3.097123342716592,2.959897971214549,2.632657212779514,2.657847625429268,5.724953274918494,2.984552730309853,4.51433516699857,3.636078794525773,3.155820970841027,3.986678442011595,4.904932721251129,4.111201527534256,3.336880729064196,3.522937694595236,2.51698589586831,4.725242533457939,2.53459168309217,1.929559276104261,3.290151060361818,3.616676098297994,3.408097856576304
14,4.519107765920172,2.631695081121671,3.888472579304115,2.36782199499878,4.049264995033049,3.090199831726097,2.255318381071728,4.857735068939022,3.315324870959104,3.90815583107941,2.286574074898952,2.726901905093031,2.799149692317294,4.380201479384253,0,2.287551529474254,2.965694353772823,2.09778430731093,4.523406901882695,3.557349715729393,3.546438495166665,2.288764732339259,3.542238134287417,4.600911866141319,4.390607247295071,4.464113237811066,3.977093033862799,2.950261344355785,1.155807077327354,2.294078900125277,3.383730042423597,4.616879465613111,4.007468777170947,2.121805363363944,3.13115362127124,1.528704026291551,3.899550230475305,2.261740038112249,4.329264371691801,2.158082250517806,2.556254877745957,3.148223943749873,5.232213489528117,2.808607128097484,2.627074799087381,3.520835838263408,4.0319913194351,3.985612374529164,3.163906920249077,4.813708030198757,3.080118341882337,5.633423293167308,2.582851137793272,2.894816401777494,3.660939906636,3.482822705794827,2.922689685888668,2.610300557407135,4.764086271259159,2.076458041955098,3.541608391677431,2.547052217760759,2.077667201454554,3.652890088683206,2.064609890512007,4.459890805838188,1.910836989384495,3.048421394754997,4.067196208692176,3.593392547440371,1.141560335680949,1.95699207969782,2.314687883927334,4.155835896663871,3.48668008282951,2.887958794719897,3.801872038877689,2.831154534814375,3.837045608277285,2.233130985858196,3.739872056635093,3.433017768669425,4.351970243464447,2.776668327330436,2.969947474283005,3.603023036284947,4.79088238219224,2.970883875212897,3.420255838384023,2.23109345389206,1.541856997260122,3.578692219233166,5.078602662150288,3.987563541813472,4.647553549987348,3.971550075222519,4.63190284872211,2.610414334928461,3.626519681457692,4.27405077180887
15,5.140928807132035,2.949238037188589,4.142503711525193,2.655834896976843,4.142914071037438,5.26295363840496,3.085487157646261,5.075751569964788,5.051842535154871,5.376795142089756,3.577274800738685,3.110207388583597,3.174265426835002,4.751115974168596,2.287551529474254,0,3.084464459188985,2.13762508405941,4.299084786323712,3.742456813378078,4.855168998088532,3.273025511663482,4.205758552270922,5.523042820764655,5.465678731868532,3.508613543837509,4.433517226762517,4.058600004927808,2.362132511100933,3.558259968018076,3.702454726259323,4.373227183671116,5.912969304841687,4.044648068744671,3.717979155401493,1.29607252883471,3.843774707237666,3.61160739837541,4.905031090625216,1.234079819136509,3.903664560384255,2.61841975244612,4.717095504651141,3.025568706871486,1.73263210174578,3.385770665594467,3.767959925476915,5.095402830002747,2.983612072639471,5.68958900097362,4.014038739225121,6.268739745754325,4.544302366700526,2.614643761585887,4.254982373641517,4.443319704905331,3.797949051790979,3.130227946971274,4.033147406182918,3.924162330994986,4.885087716715023,2.223163736659988,3.301552816478937,2.68660119854064,2.397525807994567,2.973687609685994,1.717580274688784,3.908306922440969,5.742979279085029,2.914580244220426,1.945615583819168,3.15043711252899,3.74932367234412,5.033291169801326,3.95849592648521,2.806040270559209,4.215063581964096,4.11372191573519,4.860223143025431,3.834230300855701,3.731479733296162,3.332586533010058,5.726462695242151,4.330259691981533,3.771861079096101,3.472337685191347,5.907994414350779,4.544772051489491,5.070150490863165,1.629834960969975,1.440461384418201,2.96920561766948,5.758966487139857,4.573768358804368,4.955100604427724,5.306214281387438,4.562125381880686,3.936184065818061,3.272493086318136,3.406189953599182
16,5.51859565469332,0.4171546475828838,4.92837802933176,2.565753300689682,5.501802977206654,4.762878331429431,4.445880565197406,5.36122047671983,4.396873662046706,4.432810056837536,3.731559727513416,5.381880247645799,3.367267438146249,5.943605976173051,2.965694353772823,3.084464459188985,0,3.989595217562804,4.128436386817653,3.667698460887972,4.753767663653746,3.341099369967915,4.87164140716453,6.872319768462465,6.708246492191533,4.623161256110369,5.170712716831211,3.815383466966328,1.980801100565122,2.333436307251604,2.014628998103621,4.773810951430733,6.69639641897043,4.839050216726418,1.78021908764062,3.294493436023208,5.425728983279574,5.025448935169872,5.244506173130127,2.160623521116069,4.595499319986894,3.545641408828592,5.019798103509743,5.315497060482679,2.602133547687358,4.327374723778841,1.508164778795739,6.616178730959436,1.997896894236537,7.099744361595,5.012569600514292,6.587268857424904,5.122773760376305,4.783116034553208,4.920054064743598,6.099725321684575,1.925474486977171,3.894333575850944,4.656557419381834,4.908682817212781,3.783704137482211,1.017548033264278,4.322799324511838,4.43302391150781,3.877413441973915,4.256490925633462,2.828318051422082,3.937375521841929,4.65408659137322,2.869294164075897,3.41867737582826,3.506214625490003,5.20163791511866,6.452559104727364,2.697486422579361,1.350962989870559,3.440025871995733,5.033364183128417,5.568073814165901,3.785783274304011,4.720341513068732,5.571804016653852,5.669047362652741,4.451590053003533,3.397696425521268,3.351704939280903,5.622916947634921,5.562335300932514,5.107640061711475,3.553420746266899,3.158586709273628,4.521987505511266,6.208384814104229,4.580830274087875,6.611115110176195,6.199422634407176,5.51908008639121,3.376552976039322,5.540154329980348,4.334590292057602
17,6.201631237021434,3.824899998692777,5.341125536813379,3.395610401680381,4.680019017055379,4.942052002963951,3.519676973814501,5.924926244266674,5.12913501479538,5.653942606712594,3.04582304147828,2.735749440281401,4.297461343630679,5.378752457587168,2.09778430731093,2.13762508405941,3.989595217562804,0,6.030954070460163,4.801105081124553,5.461351389537209,4.005200744032688,4.956746311846109,5.565951221489459,5.646515651266718,5.191337207309886,4.887335674986935,4.853424461140814,2.45644723126714,4.244673721265276,5.022795834990708,5.799515755647191,4.626578757570219,3.420464734506116,4.721422455150567,1.634152685644766,4.794357412625805,3.038786764483484,6.006839851369437,2.784537663598753,4.052754125283201,4.345908995825845,6.51993489231296,2.980849375597499,2.337253302489912,4.880112088876648,5.185714319165683,4.917791882542408,4.53132099944376,5.825218107504645,4.136134668987459,7.295097189208653,4.069196358004858,3.281904477586147,4.40284748770611,3.749556373759435,4.699381874246868,1.934713415470105,5.927747379907481,3.177721353422921,5.436643357808198,3.205211069492928,3.608189019438976,4.237815828938299,0.5026678824034813,5.060486636678334,3.111834989198496,3.516644707672357,6.158322011717153,4.73649036735007,2.231298052703851,3.806262865331295,3.149574733198119,5.063153068987743,4.814469337320573,4.21561347848685,4.735232834824493,2.683282877372418,5.112059076340961,4.123797400455071,4.01095674372088,3.935119057919341,5.948078177024912,4.318458289714051,4.465334142032375,5.119118283454681,6.71862463603973,3.901683995405061,5.338934631553378,2.767412329234659,2.538275398769803,4.56861696796744,6.767360933185106,5.139368054537445,5.597269066250076,5.361975102515863,5.856434495492969,4.449235889453379,4.17141534733716,5.234078811023005
18,2.767406186305148,3.923134333667406,2.549233806460286,4.055689213931462,4.934774462931411,5.339301920663412,3.912901097651204,4.593691543845756,4.770942150141835,4.761076558930763,5.608506307387021,5.502780206404759,2.798099533612055,4.602651518418487,4.523406901882695,4.299084786323712,4.128436386817653,6.030954070460163,0,3.481942704870371,3.433574231030982,3.278227874934871,3.644456200861797,5.724322667355501,5.124548565483598,3.129500119827446,4.90847583267963,2.928573372821654,4.516226300795831,3.288834139934697,2.382704136060539,2.950999491697686,7.574086743627907,5.383882613876347,3.278030353733778,4.625703622153067,3.852404184402255,5.40465743595281,2.613522527165205,3.669060506451209,4.32835153378281,1.870878937825748,1.558402387061827,5.16259760198294,5.060170550485428,1.818044278888719,3.339170555691937,5.680329215811351,2.343690892588013,5.640847010866365,4.8358791341389,3.645997257267207,5.344770341183987,4.391760239357335,5.356630750761153,6.352725714211185,3.169208576285253,6.470083229758331,1.266237734392717,5.535811232330814,3.870031782815226,4.230405063347953,3.939949365156867,3.346514903597472,6.16569704088678,2.585897523104889,3.00176514737579,5.948950075433479,4.162469819710409,2.010352207947652,4.221067874365443,3.199140509574407,5.44799504405061,5.506574434255838,3.941094518024149,2.815911220191432,4.974016586220839,6.882187297654721,4.847600540473606,3.895230160080403,5.483139155629738,4.479409224440205,5.058811223993242,4.734536196925735,3.760951741248483,1.017128802069826,3.477663871049069,5.89901695200141,4.151058178344408,3.847656949365419,3.582406593339176,2.413994614741301,3.220283062092523,4.646938239314141,4.5965711133409,5.110118198241603,2.998233813430834,3.678610471360076,4.096582844273994,2.200786223148446
19,4.818434808109372,3.389947787208529,2.592005787030577,1.643607617407512,2.471068594758146,4.677653899125073,4.331213917598622,1.715477484550584,3.009626222639615,2.705874165588636,3.028732077949451,4.371523876178649,1.150501629725052,2.80428315260781,3.557349715729393,3.742456813378078,3.667698460887972,4.801105081124553,3.481942704870371,0,4.575436700469147,1.662135674365965,1.995909316577284,4.352684344171996,4.951969810085679,2.301219676606299,1.944876859855142,2.209230861634881,3.286217126119332,2.692019130689825,3.14108484444467,1.643890811459204,6.067923450407066,4.84128175176781,2.420463591959193,3.260124077393375,2.78932913081264,5.167758798550877,3.016557475003584,3.711551966495956,4.947686530086561,3.290957763326658,3.245827321346593,4.068958466241699,4.859717378613698,3.437812094923165,3.872412039026839,4.96791576015536,2.342271547024384,4.685037246383426,2.572001166407201,4.078791119927571,4.328348068258836,3.053790595309377,2.198733271681674,4.4072879415804,3.617814257255339,4.240629906039903,3.62177484115178,4.863223725061392,2.430069752085319,3.862372845803471,2.993880759148567,2.490341944392376,5.007887878137848,3.761633820562549,3.360763752482462,2.989790962592536,4.436208065454099,2.258961487055501,2.935158769129874,3.659470863389952,4.372686931395844,4.015281434719116,1.538023081751376,2.828791791560489,1.850499932450688,4.573145197782375,2.768668633115924,2.535560095915693,2.373452337840387,3.945621877473816,3.100263537185187,5.399330884470778,1.02738259669901,3.276422133974803,3.758653615325573,4.090876923105851,4.238203510922995,4.336668882910015,3.438926285921232,3.315501922786352,4.333500432675645,1.339549924414913,5.84237939541759,4.160943522808259,2.690416882195025,1.95125549326581,4.520471878023355,2.541641005334939
20,1.704172819874792,4.394083180823959,3.198819313434255,4.591500299466395,5.322149095994963,2.678572194285605,2.428978180223116,5.562018878069365,3.498268857592281,4.094872647592352,4.986202863903554,4.61983657719621,3.524759991829231,4.733681970728494,3.546438495166665,4.855168998088532,4.753767663653746,5.461351389537209,3.433574231030982,4.575436700469147,0,3.133522299266434,3.661736336767026,4.619601065027152,3.28580431553676,5.263677326736508,5.182836578554257,2.47159260397016,4.099859997609674,2.863067236374305,3.457476970277604,4.809597696273567,5.149197413189748,2.989179151539767,4.000607328893952,4.573204347063446,4.329499971128306,3.373523084254797,2.854437247514823,4.23124957902509,1.897860637665474,3.228408276535048,4.497466620220766,4.501432882982929,5.259808551649004,2.763262745379092,4.852716764864811,3.879801541316257,3.956162660963273,4.444382409289282,4.268646038265529,3.7135417057036,3.015059866735651,4.547047613562014,5.406401113495002,5.186158886883432,3.086675071982796,6.058546442835938,4.157292628622623,3.293829685943098,3.41141231750136,4.787199494485267,2.796186152601432,4.795817969856654,5.439792275445819,5.034441975035564,3.216101677497153,5.731416840537774,2.034177720849386,4.269388246575849,3.765251386029889,1.738430326472706,3.708754238285411,4.495734200328129,4.797348225843106,3.990898144528372,5.665178284926256,5.737183803923315,4.208826796151156,2.738218033685411,5.985352704728435,4.235039905360988,4.136232947985401,2.116649474995801,4.059378031176696,2.95755963591607,2.620231669146833,4.258333594259613,1.392110627787893,3.745686585927873,3.454672343363405,3.615959900220134,2.719702005735187,5.10444698277884,3.345104781617461,3.383889478100607,4.204152946789638,3.199847340108587,3.938988068019501,4.589189470919674
21,3.736381270694949,2.951487252217092,2.171866708617267,1.711490286271003,2.786682795009149,3.167020839843022,2.908180702776222,2.877848154437617,2.060195379084226,2.302890792026405,2.493898754961797,3.432852166930583,0.8344417295413743,2.803945612881962,2.288764732339259,3.273025511663482,3.341099369967915,4.005200744032688,3.278227874934871,1.662135674365965,3.133522299266434,0,1.613404165111768,3.662768078926101,3.786304266695956,3.121440853195844,2.411256726273666,1.03164237989722,2.39184573081125,1.613310261543018,2.702916757874723,2.642814408920914,4.778631812558904,3.251407387578493,2.240351981274371,2.596120952498169,2.623252180023873,3.674811015548963,2.486379295280589,3.07602421967058,3.363886591429622,2.683876673768748,3.614549764493498,3.213363035823995,4.218691977378771,2.70293229659938,3.810730376187746,3.796734649669371,2.307678703806056,3.911282526231006,1.990298218860681,3.748143273675648,2.812261012068404,2.618454124096888,2.508024521411224,3.620329543011243,2.75750339981658,3.825407559986256,3.630365546332766,3.3230260305932,1.838172461985001,3.414351036434303,1.574855866420797,2.744881418203708,4.134996251509788,3.910818584388695,2.401645685774652,2.959361248648093,3.218478988590729,2.543001769562892,1.888238332414635,2.156277811414846,3.032058706555663,3.308532605249644,2.149652530061545,2.551930641690718,2.698551648570025,3.827347384285884,2.300273244638558,1.005324823129321,2.973548217197763,3.227545971787234,2.623145249504877,3.802437244715552,1.082903504473044,2.74573287120215,3.01836677691761,2.980975176012038,2.744730587871968,3.352410774353286,2.41728877050302,2.856127798261135,3.587704976722585,2.178850384950743,4.676113984923806,3.058966819042011,2.837751927142329,0.8723537126647654,3.678845335156127,2.971739221398809
