Head,Tail,Difference
0,0,0
0,1,0
0,2,0
0,3,0
0,4,7.10543e-15
0,5,0
0,6,-7.10543e-15
0,7,-3.55271e-15
0,8,0
0,9,0
0,10,0
0,11,0
0,12,0
0,13,0
0,14,0
0,15,3.55271e-15
0,16,0
0,17,0
0,18,-7.10543e-15
0,19,0
0,20,0
0,21,0
0,22,-3.55271e-15
0,23,0
0,24,3.55271e-15
0,25,0
0,26,0
0,27,0
0,28,0
0,29,0
0,30,0
0,31,0
0,32,3.55271e-15
0,33,-7.10543e-15
0,34,0
0,35,0
0,36,0
0,37,0
0,38,0
0,39,0
0,40,-3.55271e-15
0,41,0
0,42,0
0,43,0
0,44,0
0,45,-3.55271e-15
0,46,0
0,47,0
0,48,3.55271e-15
0,49,-3.55271e-15
0,50,0
0,51,0
0,52,0
0,53,0
0,54,0
0,55,0
0,56,0
0,57,0
0,58,0
0,59,-7.10543e-15
0,60,0
0,61,0
0,62,0
0,63,7.10543e-15
0,64,7.10543e-15
0,65,-7.10543e-15
0,66,0
0,67,0
0,68,0
0,69,-3.55271e-15
0,70,0
0,71,0
0,72,0
0,73,0
0,74,0
0,75,7.10543e-15
0,76,-3.55271e-15
0,77,3.55271e-15
0,78,3.55271e-15
0,79,0
0,80,0
0,81,0
0,82,0
0,83,0
0,84,0
0,85,3.55271e-15
0,86,0
0,87,0
0,88,0
0,89,0
0,90,-7.10543e-15
0,91,0
0,92,0
0,93,0
0,94,-3.55271e-15
0,95,0
0,96,0
0,97,0
0,98,0
0,99,0
1,0,0
1,1,0
1,2,29.7198
1,3,29.601
1,4,30.1411
1,5,27.4189
1,6,27.5564
1,7,29.9969
1,8,29.2602
1,9,24.4911
1,10,29.6535
1,11,29.1299
1,12,28.4392
1,13,27.3288
1,14,29.6576
1,15,27.5338
1,16,27.8498
1,17,30.7564
1,18,28.6727
1,19,27.0643
1,20,28.2083
1,21,0
1,22,27.8774
1,23,30.1069
1,24,29.0214
1,25,28.7999
1,26,28.5608
1,27,0
1,28,27.9762
1,29,25.1749
1,30,26.4551
1,31,28.7745
1,32,30.5876
1,33,27.0908
1,34,29.1167
1,35,29.6913
1,36,28.9152
1,37,28.0117
1,38,27.1003
1,39,0
1,40,30.8157
1,41,27.5712
1,42,30.1153
1,43,28.6027
1,44,26.874
1,45,27.206
1,46,26.984
1,47,25.2287
1,48,28.7362
1,49,29.3326
1,50,26.0609
1,51,31.0452
1,52,27.0025
1,53,28.514
1,54,29.2073
1,55,27.7405
1,56,27.8582
1,57,30.7054
1,58,27.6522
1,59,27.4854
1,60,27.6543
1,61,29.9235
1,62,30.3959
1,63,28.8225
1,64,28.2714
1,65,25.2158
1,66,26.4422
1,67,27.0167
1,68,28.0543
1,69,30.6757
1,70,28.4715
1,71,27.2462
1,72,30.0165
1,73,25.2138
1,74,31.9988
1,75,27.3818
1,76,31.0548
1,77,27.2337
1,78,0
1,79,27.0025
1,80,0
1,81,27.3455
1,82,27.3968
1,83,31.58
1,84,28.1193
1,85,27.5705
1,86,28.2697
1,87,27.1627
1,88,26.8298
1,89,0
1,90,25.9237
1,91,30.3477
1,92,28.2155
1,93,30.5321
1,94,26.6006
1,95,26.9336
1,96,25.826
1,97,26.5944
1,98,0
1,99,26.7661
2,0,0
2,1,29.7198
2,2,0
2,3,28.3266
2,4,27.6603
2,5,27.7798
2,6,27.8859
2,7,29.1762
2,8,28.2586
2,9,26.0804
2,10,27.8074
2,11,30.5587
2,12,27.8142
2,13,28.0034
2,14,29.2448
2,15,26.6968
2,16,29.0673
2,17,26.9444
2,18,28.0673
2,19,25.2865
2,20,27.7297
2,21,3.55271e-15
2,22,27.5491
2,23,28.0664
2,24,26.6074
2,25,28.8027
2,26,24.7993
2,27,3.55271e-15
2,28,28.1778
2,29,26.6439
2,30,26.7114
2,31,27.296
2,32,26.4134
2,33,29.1019
2,34,28.271
2,35,27.5129
2,36,28.4662
2,37,26.0095
2,38,26.8937
2,39,0
2,40,26.832
2,41,30.4424
2,42,29.6005
2,43,28.3014
2,44,28.8458
2,45,26.5965
2,46,25.3831
2,47,29.7474
2,48,26.9508
2,49,28.9105
2,50,27.3829
2,51,28.0613
2,52,28.1492
2,53,29.1248
2,54,28.5738
2,55,29.5908
2,56,28.1563
2,57,26.4785
2,58,26.381
2,59,28.8521
2,60,28.6411
2,61,28.945
2,62,30.172
2,63,28.7714
2,64,26.0287
2,65,26.2631
2,66,25.9058
2,67,25.8689
2,68,28.7166
2,69,25.871
2,70,29.3533
2,71,29.8363
2,72,29.6079
2,73,25.6469
2,74,29.5182
2,75,29.404
2,76,28.7848
2,77,29.1374
2,78,0
2,79,25.8222
2,80,0
2,81,27.3427
2,82,30.0102
2,83,30.3137
2,84,29.7805
2,85,30.4715
2,86,30.4312
2,87,26.1228
2,88,28.3447
2,89,0
2,90,29.5629
2,91,29.1987
2,92,28.1574
2,93,29.4529
2,94,29.9412
2,95,31.1854
2,96,27.3677
2,97,24.4057
2,98,3.55271e-15
2,99,26.5155
3,0,0
3,1,29.601
3,2,28.3266
3,3,0
3,4,29.2615
3,5,27.7632
3,6,26.3386
3,7,29.5818
3,8,30.3115
3,9,26.7967
3,10,26.3376
3,11,29.3505
3,12,28.7304
3,13,28.4179
3,14,29.603
3,15,25.6628
3,16,28.1787
3,17,28.9391
3,18,27.1665
3,19,27.5238
3,20,27.353
3,21,0
3,22,28.7593
3,23,29.722
3,24,28.3001
3,25,29.8617
3,26,30.0518
3,27,0
3,28,27.7909
3,29,28.3139
3,30,27.3511
3,31,27.1769
3,32,29.9502
3,33,28.5681
3,34,27.8973
3,35,28.6443
3,36,29.3365
3,37,27.166
3,38,27.965
3,39,0
3,40,28.742
3,41,27.9381
3,42,28.573
3,43,29.0568
3,44,29.5167
3,45,27.5671
3,46,26.7412
3,47,25.2446
3,48,27.8541
3,49,31.979
3,50,27.7587
3,51,29.6545
3,52,27.0375
3,53,29.0164
3,54,29.8448
3,55,26.6677
3,56,26.8111
3,57,26.5157
3,58,27.4438
3,59,28.1919
3,60,26.82
3,61,26.4879
3,62,29.0961
3,63,30.2506
3,64,28.8069
3,65,25.2824
3,66,26.4571
3,67,25.9949
3,68,29.5849
3,69,29.2123
3,70,28.1897
3,71,28.8907
3,72,27.4165
3,73,26.315
3,74,27.6352
3,75,28.584
3,76,28.9438
3,77,27.0888
3,78,0
3,79,24.5777
3,80,0
3,81,26.7464
3,82,27.1358
3,83,31.5309
3,84,31.0272
3,85,26.8156
3,86,27.7949
3,87,26.716
3,88,26.4889
3,89,0
3,90,27.1598
3,91,28.8125
3,92,26.4068
3,93,28.4287
3,94,28.078
3,95,27.1925
3,96,27.5605
3,97,24.3014
3,98,0
3,99,27.6039
4,0,7.10543e-15
4,1,30.1411
4,2,27.6603
4,3,29.2615
4,4,0
4,5,31.7132
4,6,27.9402
4,7,30.6465
4,8,29.5815
4,9,27.7917
4,10,29.9816
4,11,31.204
4,12,29.4401
4,13,32.0661
4,14,29.2466
4,15,28.212
4,16,32.294
4,17,27.268
4,18,29.5026
4,19,29.4335
4,20,29.9711
4,21,0
4,22,28.2658
4,23,26.5439
4,24,30.1685
4,25,30.3196
4,26,30.3286
4,27,0
4,28,27.8273
4,29,28.8448
4,30,31.2541
4,31,29.4671
4,32,30.9042
4,33,32.0099
4,34,29.5528
4,35,29.7552
4,36,30.3565
4,37,29.4683
4,38,32.8108
4,39,0
4,40,27.2095
4,41,28.2483
4,42,31.2218
4,43,28.9365
4,44,27.9939
4,45,29.1494
4,46,28.5602
4,47,29.2309
4,48,31.0718
4,49,29.2742
4,50,31.6232
4,51,32.5407
4,52,28.478
4,53,26.7662
4,54,29.0362
4,55,28.4129
4,56,27.6393
4,57,29.2543
4,58,30.9838
4,59,30.7987
4,60,26.3314
4,61,30.6246
4,62,27.3185
4,63,29.304
4,64,30.152
4,65,28.2303
4,66,29.6267
4,67,27.8624
4,68,29.7215
4,69,29.7748
4,70,29.878
4,71,26.9361
4,72,28.1388
4,73,27.898
4,74,30.4598
4,75,30.0309
4,76,32.4235
4,77,30.4903
4,78,0
4,79,29.0349
4,80,7.10543e-15
4,81,26.6825
4,82,28.3375
4,83,29.9899
4,84,30.1799
4,85,28.8052
4,86,27.1703
4,87,25.0849
4,88,31.7091
4,89,0
4,90,29.2009
4,91,30.5829
4,92,29.5779
4,93,29.2622
4,94,30.8041
4,95,27.4802
4,96,28.7588
4,97,26.0661
4,98,3.55271e-15
4,99,27.7636
5,0,0
5,1,27.4189
5,2,27.7798
5,3,27.7632
5,4,31.7132
5,5,0
5,6,26.4134
5,7,29.8725
5,8,29.1797
5,9,26.759
5,10,27.9519
5,11,32.2732
5,12,32.1167
5,13,28.7263
5,14,28.07
5,15,25.2711
5,16,27.4676
5,17,26.5503
5,18,28.4252
5,19,28.4142
5,20,27.9795
5,21,-7.10543e-15
5,22,27.6409
5,23,28.5739
5,24,26.1631
5,25,29.1491
5,26,27.3572
5,27,-3.55271e-15
5,28,28.0381
5,29,29.2308
5,30,26.2151
5,31,29.923
5,32,30.246
5,33,30.2654
5,34,27.6644
5,35,29.6358
5,36,27.0844
5,37,27.4339
5,38,26.8557
5,39,0
5,40,27.5407
5,41,27.9434
5,42,29.9035
5,43,29.6599
5,44,27.1596
5,45,27.7216
5,46,28.7009
5,47,29.7135
5,48,26.7082
5,49,26.8883
5,50,30.8375
5,51,28.9682
5,52,28.5033
5,53,28.2923
5,54,27.8917
5,55,28.8685
5,56,26.5197
5,57,27.1637
5,58,27.2299
5,59,28.671
5,60,27.1678
5,61,29.3041
5,62,30.4866
5,63,27.5195
5,64,30.481
5,65,30.4286
5,66,26.6734
5,67,29.3591
5,68,29.0569
5,69,28.1912
5,70,30.2886
5,71,27.0908
5,72,26.3078
5,73,26.9173
5,74,31.3094
5,75,29.7001
5,76,27.3148
5,77,27.7934
5,78,0
5,79,28.4139
5,80,0
5,81,27.9951
5,82,27.7942
5,83,26.8723
5,84,27.7612
5,85,27.8755
5,86,28.4691
5,87,27.7327
5,88,31.3891
5,89,0
5,90,30.7314
5,91,30.3474
5,92,27.5513
5,93,28.6865
5,94,30.4491
5,95,29.0738
5,96,27.7304
5,97,25.6164
5,98,-3.55271e-15
5,99,27.7817
6,0,-7.10543e-15
6,1,27.5564
6,2,27.8859
6,3,26.3386
6,4,27.9402
6,5,26.4134
6,6,0
6,7,27.7131
6,8,28.4874
6,9,25.2972
6,10,28.8456
6,11,27.7439
6,12,28.0541
6,13,28.1395
6,14,26.2219
6,15,27.1797
6,16,28.0593
6,17,27.9601
6,18,23.7905
6,19,27.5783
6,20,30.5055
6,21,-7.10543e-15
6,22,27.2021
6,23,25.5296
6,24,26.4138
6,25,26.6866
6,26,25.4593
6,27,-3.55271e-15
6,28,28.574
6,29,29.6882
6,30,28.7773
6,31,28.9595
6,32,28.5866
6,33,29.0433
6,34,28.4513
6,35,29.7721
6,36,26.4222
6,37,27.9619
6,38,27.5585
6,39,-3.55271e-15
6,40,26.7925
6,41,26.4896
6,42,27.391
6,43,27.7767
6,44,26.7302
6,45,27.1977
6,46,29.1751
6,47,26.8453
6,48,24.7886
6,49,25.4408
6,50,28.8585
6,51,27.9482
6,52,28.2567
6,53,25.418
6,54,25.9604
6,55,27.6538
6,56,23.8928
6,57,24.4895
6,58,25.6249
6,59,29.5244
6,60,22.9932
6,61,28.3411
6,62,27.0682
6,63,28.854
6,64,25.9947
6,65,28.2731
6,66,27.8917
6,67,27.2028
6,68,25.6535
6,69,26.8324
6,70,28.1539
6,71,27.3134
6,72,28.7217
6,73,27.8202
6,74,27.8993
6,75,28.4525
6,76,27.318
6,77,27.1147
6,78,0
6,79,29.7479
6,80,0
6,81,24.477
6,82,24.2219
6,83,27.571
6,84,27.6048
6,85,27.1442
6,86,27.5243
6,87,26.0976
6,88,29.9191
6,89,0
6,90,28.3624
6,91,28.4764
6,92,28.1674
6,93,25.7489
6,94,26.1857
6,95,27.5036
6,96,27.908
6,97,24.7838
6,98,0
6,99,28.6359
7,0,-3.55271e-15
7,1,29.9969
7,2,29.1762
7,3,29.5818
7,4,30.6465
7,5,29.8725
7,6,27.7131
7,7,0
7,8,29.7586
7,9,26.957
7,10,27.7036
7,11,28.0819
7,12,25.9652
7,13,29.8973
7,14,28.7077
7,15,26.1649
7,16,30.2816
7,17,27.2139
7,18,30.8119
7,19,26.5223
7,20,28.4223
7,21,0
7,22,28.5324
7,23,26.4004
7,24,27.2913
7,25,29.7995
7,26,28.6443
7,27,-3.55271e-15
7,28,30.3393
7,29,29.3311
7,30,28.0811
7,31,28.0186
7,32,29.0369
7,33,31.4922
7,34,29.4538
7,35,29.4432
7,36,29.2911
7,37,27.5883
7,38,29.8429
7,39,0
7,40,30.2851
7,41,32.4637
7,42,28.7078
7,43,29.4446
7,44,28.5811
7,45,28.7866
7,46,27.2111
7,47,26.8101
7,48,28.9954
7,49,30.0691
7,50,29.2562
7,51,31.756
7,52,28.4271
7,53,27.2595
7,54,27.5177
7,55,32.1272
7,56,28.0399
7,57,27.591
7,58,29.8758
7,59,29.5932
7,60,29.3827
7,61,31.0254
7,62,28.0734
7,63,30.1594
7,64,29.3865
7,65,27.6285
7,66,27.8759
7,67,28.4182
7,68,30.5502
7,69,27.8668
7,70,28.9092
7,71,28.4247
7,72,29.5086
7,73,27.6792
7,74,30.9697
7,75,29.1741
7,76,31.241
7,77,29.5804
7,78,0
7,79,27.315
7,80,0
7,81,27.399
7,82,27.8106
7,83,28.8074
7,84,30.9484
7,85,28.8631
7,86,30.1035
7,87,29.4669
7,88,28.9004
7,89,-7.10543e-15
7,90,29.1639
7,91,29.862
7,92,30.1422
7,93,30.0432
7,94,29.8481
7,95,29.1565
7,96,25.6922
7,97,26.0668
7,98,0
7,99,26.4465
8,0,0
8,1,29.2602
8,2,28.2586
8,3,30.3115
8,4,29.5815
8,5,29.1797
8,6,28.4874
8,7,29.7586
8,8,0
8,9,29.366
8,10,31.4958
8,11,30.9478
8,12,27.3863
8,13,28.1724
8,14,29.9638
8,15,28.0994
8,16,28.7071
8,17,29.0171
8,18,29.1764
8,19,26.7485
8,20,29.7382
8,21,0
8,22,27.3405
8,23,29.2022
8,24,29.3009
8,25,30.2219
8,26,28.732
8,27,-3.55271e-15
8,28,27.3731
8,29,28.2457
8,30,28.025
8,31,28.0351
8,32,28.3485
8,33,27.7903
8,34,29.7324
8,35,29.1624
8,36,28.4003
8,37,29.0031
8,38,30.3733
8,39,-3.55271e-15
8,40,29.1401
8,41,27.7243
8,42,27.9621
8,43,29.3321
8,44,30.5688
8,45,30.1031
8,46,27.694
8,47,28.0382
8,48,26.8485
8,49,26.6302
8,50,28.7222
8,51,29.7187
8,52,28.2162
8,53,29.4144
8,54,29.5798
8,55,26.9898
8,56,27.791
8,57,27.7678
8,58,26.719
8,59,28.531
8,60,29.1069
8,61,29.8783
8,62,28.1563
8,63,30.2747
8,64,28.1067
8,65,26.7029
8,66,27.2136
8,67,28.6545
8,68,28.4283
8,69,28.2648
8,70,27.5794
8,71,29.4545
8,72,29.3025
8,73,27.9006
8,74,30.1215
8,75,27.5593
8,76,29.4391
8,77,27.9343
8,78,0
8,79,25.8513
8,80,0
8,81,26.9907
8,82,27.622
8,83,29.4683
8,84,30.2661
8,85,27.737
8,86,27.5887
8,87,27.9944
8,88,28.5549
8,89,0
8,90,30.8707
8,91,29.0633
8,92,26.9423
8,93,28.6135
8,94,28.5749
8,95,29.846
8,96,26.3268
8,97,23.7284
8,98,0
8,99,27.0045
9,0,0
9,1,24.4911
9,2,26.0804
9,3,26.7967
9,4,27.7917
9,5,26.759
9,6,25.2972
9,7,26.957
9,8,29.366
9,9,0
9,10,27.0895
9,11,28.0708
9,12,28.1435
9,13,29.5615
9,14,28.2123
9,15,26.1801
9,16,25.701
9,17,27.777
9,18,27.1889
9,19,28.0009
9,20,27.8679
9,21,0
9,22,25.6836
9,23,26.6364
9,24,26.2964
9,25,27.8997
9,26,27.5925
9,27,-3.55271e-15
9,28,29.0486
9,29,29.2375
9,30,27.1369
9,31,29.6101
9,32,27.0757
9,33,28.6292
9,34,31.4333
9,35,28.169
9,36,27.7825
9,37,26.2266
9,38,28.6752
9,39,0
9,40,26.6457
9,41,27.4135
9,42,30.4107
9,43,27.498
9,44,25.6196
9,45,28.7339
9,46,27.5886
9,47,29.942
9,48,25.6312
9,49,25.7296
9,50,28.2189
9,51,27.6954
9,52,29.6849
9,53,25.001
9,54,29.9962
9,55,25.8238
9,56,27.1606
9,57,26.785
9,58,27.7082
9,59,30.2607
9,60,25.5759
9,61,27.5539
9,62,27.8365
9,63,29.9138
9,64,28.6104
9,65,27.0536
9,66,24.971
9,67,29.9466
9,68,28.361
9,69,26.0068
9,70,30.1995
9,71,27.258
9,72,27.9106
9,73,28.2457
9,74,29.2438
9,75,28.8533
9,76,26.3221
9,77,26.7146
9,78,0
9,79,29.1846
9,80,3.55271e-15
9,81,27.701
9,82,28.2846
9,83,27.5885
9,84,26.6492
9,85,26.521
9,86,27.8064
9,87,26.6198
9,88,30.0593
9,89,0
9,90,28.1301
9,91,27.7619
9,92,29.0153
9,93,26.4021
9,94,29.4803
9,95,26.1851
9,96,25.1018
9,97,24.1807
9,98,0
9,99,27.4275
10,0,0
10,1,29.6535
10,2,27.8074
10,3,26.3376
10,4,29.9816
10,5,27.9519
10,6,28.8456
10,7,27.7036
10,8,31.4958
10,9,27.0895
10,10,0
10,11,31.898
10,12,27.929
10,13,28.5136
10,14,29.0857
10,15,25.0514
10,16,28.5894
10,17,25.1544
10,18,27.6064
10,19,27.7081
10,20,30.1258
10,21,0
10,22,29.1892
10,23,27.6201
10,24,26.7075
10,25,29.3318
10,26,29.3835
10,27,-7.10543e-15
10,28,27.2537
10,29,27.1948
10,30,27.9463
10,31,29.4492
10,32,27.539
10,33,30.2633
10,34,28.4433
10,35,31.0785
10,36,27.7672
10,37,26.5787
10,38,28.8221
10,39,-3.55271e-15
10,40,26.8972
10,41,30.7722
10,42,28.6623
10,43,27.2127
10,44,29.0912
10,45,27.9973
10,46,26.7099
10,47,29.3092
10,48,26.7592
10,49,28.3644
10,50,30.8119
10,51,28.5287
10,52,29.2643
10,53,27.0213
10,54,27.3931
10,55,30.381
10,56,26.9948
10,57,28.181
10,58,26.655
10,59,28.0757
10,60,26.9376
10,61,27.3616
10,62,28.4235
10,63,29.3832
10,64,28.6761
10,65,29.2161
10,66,26.9799
10,67,29.8663
10,68,27.6188
10,69,28.7795
10,70,28.02
10,71,28.0325
10,72,26.7176
10,73,29.0518
10,74,29.7173
10,75,29.0538
10,76,26.2489
10,77,27.0471
10,78,0
10,79,25.9587
10,80,0
10,81,25.9269
10,82,28.3063
10,83,26.6668
10,84,28.3919
10,85,27.0651
10,86,30.6644
10,87,26.6315
10,88,30.2524
10,89,0
10,90,28.6881
10,91,28.3778
10,92,27.5866
10,93,25.8372
10,94,28.5305
10,95,29.2978
10,96,25.9621
10,97,26.9121
10,98,-3.55271e-15
10,99,25.7199
11,0,0
11,1,29.1299
11,2,30.5587
11,3,29.3505
11,4,31.204
11,5,32.2732
11,6,27.7439
11,7,28.0819
11,8,30.9478
11,9,28.0708
11,10,31.898
11,11,0
11,12,27.5469
11,13,28.6785
11,14,28.8766
11,15,27.5252
11,16,29.1654
11,17,29.3219
11,18,28.1591
11,19,26.7321
11,20,27.4556
11,21,0
11,22,30.4613
11,23,28.1563
11,24,28.3052
11,25,28.8834
11,26,28.1665
11,27,-7.10543e-15
11,28,28.508
11,29,27.7624
11,30,30.3097
11,31,30.4613
11,32,30.0219
11,33,30.7758
11,34,30.8866
11,35,29.9153
11,36,27.2313
11,37,27.9943
11,38,32.2437
11,39,-7.10543e-15
11,40,28.0049
11,41,27.9398
11,42,28.1475
11,43,28.5805
11,44,28.8464
11,45,28.2461
11,46,27.0081
11,47,25.8569
11,48,27.7067
11,49,29.4342
11,50,29.0472
11,51,27.5276
11,52,28.9248
11,53,25.3221
11,54,29.5411
11,55,29.5536
11,56,26.6713
11,57,28.3386
11,58,27.4803
11,59,28.8739
11,60,27.01
11,61,31.5038
11,62,29.3089
11,63,28.6212
11,64,28.0552
11,65,31.4249
11,66,28.304
11,67,29.2154
11,68,26.4894
11,69,29.8903
11,70,29.3125
11,71,26.2396
11,72,28.863
11,73,28.1073
11,74,30.1141
11,75,26.5205
11,76,27.0762
11,77,28.5605
11,78,0
11,79,26.3728
11,80,0
11,81,27.3743
11,82,27.1333
11,83,29.4196
11,84,29.1345
11,85,28.5175
11,86,28.5791
11,87,27.5595
11,88,29.937
11,89,0
11,90,32.0923
11,91,31.7096
11,92,26.7875
11,93,30.8856
11,94,28.2928
11,95,25.8207
11,96,28.2291
11,97,25.693
11,98,0
11,99,27.9011
12,0,0
12,1,28.4392
12,2,27.8142
12,3,28.7304
12,4,29.4401
12,5,32.1167
12,6,28.0541
12,7,25.9652
12,8,27.3863
12,9,28.1435
12,10,27.929
12,11,27.5469
12,12,0
12,13,29.0201
12,14,28.3372
12,15,25.2671
12,16,29.572
12,17,26.8426
12,18,30.9121
12,19,25.8639
12,20,27.426
12,21,0
12,22,28.9085
12,23,28.8613
12,24,28.8166
12,25,28.6382
12,26,29.847
12,27,-3.55271e-15
12,28,27.9976
12,29,26.5143
12,30,27.1314
12,31,30.5622
12,32,27.9854
12,33,29.4367
12,34,29.5499
12,35,29.3813
12,36,27.259
12,37,25.6522
12,38,28.7735
12,39,7.10543e-15
12,40,28.9517
12,41,28.9832
12,42,27.3733
12,43,26.7353
12,44,29.819
12,45,27.6257
12,46,26.0407
12,47,26.3459
12,48,26.5583
12,49,29.9724
12,50,27.2051
12,51,27.7532
12,52,28.7435
12,53,27.7255
12,54,28.0817
12,55,29.8751
12,56,28.869
12,57,28.8214
12,58,26.1202
12,59,28.3947
12,60,30.7521
12,61,28.7373
12,62,28.6867
12,63,30.3636
12,64,27.6508
12,65,27.9374
12,66,26.4386
12,67,30.444
12,68,30.6716
12,69,27.1079
12,70,30.502
12,71,28.931
12,72,26.7254
12,73,26.9999
12,74,30.4639
12,75,30.2722
12,76,29.9534
12,77,27.3253
12,78,0
12,79,26.4145
12,80,7.10543e-15
12,81,26.5707
12,82,30.1699
12,83,27.6852
12,84,29.8881
12,85,27.8506
12,86,29.7938
12,87,27.1707
12,88,27.2557
12,89,0
12,90,29.2113
12,91,28.1477
12,92,29.9057
12,93,30.3297
12,94,30.4652
12,95,28.8677
12,96,26.7237
12,97,27.7524
12,98,0
12,99,27.9662
13,0,0
13,1,27.3288
13,2,28.0034
13,3,28.4179
13,4,32.0661
13,5,28.7263
13,6,28.1395
13,7,29.8973
13,8,28.1724
13,9,29.5615
13,10,28.5136
13,11,28.6785
13,12,29.0201
13,13,0
13,14,27.9714
13,15,27.2095
13,16,28.7095
13,17,26.7117
13,18,29.791
13,19,27.3949
13,20,27.5034
13,21,0
13,22,27.7184
13,23,27.6822
13,24,30.1257
13,25,28.6719
13,26,28.3485
13,27,-3.55271e-15
13,28,27.5401
13,29,27.2785
13,30,26.3446
13,31,28.5125
13,32,28.8525
13,33,28.6373
13,34,28.8879
13,35,27.6622
13,36,28.1691
13,37,25.9454
13,38,29.4321
13,39,3.55271e-15
13,40,28.084
13,41,28.0454
13,42,26.8197
13,43,30.6348
13,44,30.505
13,45,26.9652
13,46,27.6903
13,47,28.9833
13,48,27.7043
13,49,29.3281
13,50,28.9283
13,51,29.2424
13,52,29.3368
13,53,28.7654
13,54,26.4184
13,55,29.7162
13,56,26.6929
13,57,27.8563
13,58,25.5851
13,59,31.4439
13,60,28.9599
13,61,29.2491
13,62,29.7271
13,63,32.5677
13,64,28.8565
13,65,27.4726
13,66,28.16
13,67,29.0309
13,68,28.2749
13,69,28.4349
13,70,30.5556
13,71,26.0685
13,72,28.3974
13,73,28.3471
13,74,29.2249
13,75,27.5906
13,76,27.3925
13,77,27.8205
13,78,0
13,79,26.4187
13,80,-3.55271e-15
13,81,29.8992
13,82,29.9844
13,83,28.7399
13,84,29.0779
13,85,25.6868
13,86,29.8212
13,87,27.7495
13,88,30.0876
13,89,3.55271e-15
13,90,28.3953
13,91,28.4899
13,92,27.74
13,93,29.1552
13,94,27.8127
13,95,27.3649
13,96,27.8797
13,97,26.1413
13,98,0
13,99,28.4106
14,0,0
14,1,29.6576
14,2,29.2448
14,3,29.603
14,4,29.2466
14,5,28.07
14,6,26.2219
14,7,28.7077
14,8,29.9638
14,9,28.2123
14,10,29.0857
14,11,28.8766
14,12,28.3372
14,13,27.9714
14,14,0
14,15,25.708
14,16,26.7326
14,17,28.9078
14,18,27.7357
14,19,26.6105
14,20,26.7122
14,21,0
14,22,28.7494
14,23,30.0528
14,24,28.8133
14,25,28.8369
14,26,28.1297
14,27,-3.55271e-15
14,28,27.8628
14,29,27.0953
14,30,26.9416
14,31,26.4471
14,32,28.6704
14,33,27.4622
14,34,29.5924
14,35,30.0272
14,36,26.9815
14,37,26.2147
14,38,26.8124
14,39,-3.55271e-15
14,40,27.2848
14,41,27.6124
14,42,30.1605
14,43,27.3872
14,44,29.801
14,45,27.3851
14,46,27.0126
14,47,27.1575
14,48,26.5573
14,49,28.5042
14,50,25.7958
14,51,28.4281
14,52,29.7265
14,53,27.0587
14,54,26.8782
14,55,25.5609
14,56,26.25
14,57,26.133
14,58,26.2831
14,59,30.2297
14,60,27.696
14,61,29.9067
14,62,28.8467
14,63,27.5901
14,64,28.3891
14,65,27.5976
14,66,24.5373
14,67,26.3606
14,68,29.279
14,69,28.6633
14,70,29.7466
14,71,27.7541
14,72,27.2044
14,73,26.8008
14,74,29.7559
14,75,27.8576
14,76,29.2243
14,77,24.077
14,78,0
14,79,25.0812
14,80,0
14,81,28.4659
14,82,28.8535
14,83,28.5481
14,84,28.787
14,85,28.0454
14,86,28.7025
14,87,26.181
14,88,28.4541
14,89,0
14,90,28.3791
14,91,28.5863
14,92,26.4839
14,93,29.7517
14,94,29.0131
14,95,26.5429
14,96,29.2148
14,97,25.642
14,98,-3.55271e-15
14,99,25.4492
15,0,3.55271e-15
15,1,27.5338
15,2,26.6968
15,3,25.6628
15,4,28.212
15,5,25.2711
15,6,27.1797
15,7,26.1649
15,8,28.0994
15,9,26.1801
15,10,25.0514
15,11,27.5252
15,12,25.2671
15,13,27.2095
15,14,25.708
15,15,0
15,16,28.3666
15,17,27.5372
15,18,26.0908
15,19,25.7307
15,20,27.7802
15,21,7.10543e-15
15,22,26.9607
15,23,23.4534
15,24,24.3634
15,25,26.9391
15,26,28.1032
15,27,0
15,28,23.9571
15,29,27.874
15,30,29.8713
15,31,27.3759
15,32,26.5965
15,33,28.8394
15,34,26.6512
15,35,29.316
15,36,26.9874
15,37,28.7071
15,38,29.0159
15,39,3.55271e-15
15,40,26.9485
15,41,26.9219
15,42,26.7798
15,43,27.2224
15,44,27.1462
15,45,27.1429
15,46,27.3685
15,47,24.8931
15,48,25.9392
15,49,26.4899
15,50,28.5736
15,51,28.8158
15,52,27.3435
15,53,25.4269
15,54,25.5953
15,55,26.3908
15,56,23.9871
15,57,27.9077
15,58,24.6838
15,59,25.4857
15,60,25.2243
15,61,25.8598
15,62,22.8669
15,63,27.1786
15,64,28.2099
15,65,29.0445
15,66,27.6832
15,67,25.0089
15,68,25.9354
15,69,26.2248
15,70,24.9996
15,71,24.94
15,72,26.4098
15,73,24.7327
15,74,27.7131
15,75,25.8612
15,76,25.4885
15,77,25.2628
15,78,0
15,79,28.36
15,80,0
15,81,24.4026
15,82,25.7863
15,83,26.2738
15,84,27.5969
15,85,26.0141
15,86,24.9403
15,87,25.6865
15,88,27.2033
15,89,0
15,90,25.9731
15,91,25.8997
15,92,23.6516
15,93,24.6771
15,94,26.4172
15,95,24.629
15,96,24.6648
15,97,24.1895
15,98,0
15,99,25.1499
16,0,0
16,1,27.8498
16,2,29.0673
16,3,28.1787
16,4,32.294
16,5,27.4676
16,6,28.0593
16,7,30.2816
16,8,28.7071
16,9,25.701
16,10,28.5894
16,11,29.1654
16,12,29.572
16,13,28.7095
16,14,26.7326
16,15,28.3666
16,16,0
16,17,26.4222
16,18,28.6505
16,19,27.6556
16,20,27.6214
16,21,0
16,22,30.4278
16,23,28.1185
16,24,27.9128
16,25,28.9547
16,26,26.648
16,27,-3.55271e-15
16,28,28.776
16,29,25.8769
16,30,27.3788
16,31,30.1269
16,32,28.1995
16,33,29.2699
16,34,27.2669
16,35,29.9522
16,36,26.2839
16,37,29.3417
16,38,27.2347
16,39,-7.10543e-15
16,40,28.9037
16,41,31.1246
16,42,29.0718
16,43,26.4226
16,44,29.3745
16,45,28.6512
16,46,25.2904
16,47,26.6841
16,48,28.5112
16,49,27.5117
16,50,28.5337
16,51,27.7332
16,52,25.8032
16,53,28.3998
16,54,24.7167
16,55,30.0695
16,56,26.322
16,57,29.8704
16,58,29.0478
16,59,28.6784
16,60,28.6168
16,61,27.3408
16,62,27.7694
16,63,28.4798
16,64,29.1447
16,65,29.1895
16,66,26.4655
16,67,29.2116
16,68,29.5838
16,69,30.1665
16,70,28.1319
16,71,29.8034
16,72,27.3653
16,73,26.7106
16,74,29.7172
16,75,30.6712
16,76,28.1703
16,77,27.6467
16,78,0
16,79,28.3662
16,80,0
16,81,26.3896
16,82,28.7349
16,83,27.8986
16,84,28.9191
16,85,29.4981
16,86,28.6462
16,87,27.6395
16,88,27.3742
16,89,-7.10543e-15
16,90,28.2725
16,91,28.3264
16,92,29.0934
16,93,28.9619
16,94,27.3523
16,95,27.6587
16,96,25.119
16,97,26.1129
16,98,-3.55271e-15
16,99,26.5915
17,0,0
17,1,30.7564
17,2,26.9444
17,3,28.9391
17,4,27.268
17,5,26.5503
17,6,27.9601
17,7,27.2139
17,8,29.0171
17,9,27.777
17,10,25.1544
17,11,29.3219
17,12,26.8426
17,13,26.7117
17,14,28.9078
17,15,27.5372
17,16,26.4222
17,17,0
17,18,25.2883
17,19,24.641
17,20,30.438
17,21,0
17,22,25.3548
17,23,28.2014
17,24,29.2905
17,25,27.8157
17,26,27.4529
17,27,0
17,28,25.832
17,29,26.7352
17,30,27.4586
17,31,24.7849
17,32,27.471
17,33,26.3442
17,34,27.3868
17,35,27.9016
17,36,28.7239
17,37,26.5806
17,38,28.0526
17,39,0
17,40,26.9753
17,41,28.3656
17,42,28.9231
17,43,26.3964
17,44,27.3154
17,45,27.7753
17,46,26.1598
17,47,26.183
17,48,26.4663
17,49,27.5537
17,50,27.4548
17,51,26.81
17,52,28.2593
17,53,31.5221
17,54,26.3475
17,55,28.1042
17,56,29.368
17,57,27.5631
17,58,25.9205
17,59,27.8308
17,60,29.047
17,61,26.2917
17,62,27.0738
17,63,28.0359
17,64,29.1177
17,65,27.7003
17,66,24.8837
17,67,28.1579
17,68,27.7428
17,69,27.8547
17,70,27.3535
17,71,27.595
17,72,28.0186
17,73,27.3637
17,74,27.4319
17,75,26.3646
17,76,27.1321
17,77,26.6354
17,78,0
17,79,24.4352
17,80,0
17,81,24.9332
17,82,25.7278
17,83,27.5304
17,84,30.6682
17,85,27.9495
17,86,27.8069
17,87,27.5846
17,88,29.1188
17,89,0
17,90,27.3103
17,91,29.3421
17,92,25.4324
17,93,27.4556
17,94,24.9959
17,95,27.5551
17,96,28.4801
17,97,23.6337
17,98,0
17,99,23.9464
18,0,-7.10543e-15
18,1,28.6727
18,2,28.0673
18,3,27.1665
18,4,29.5026
18,5,28.4252
18,6,23.7905
18,7,30.8119
18,8,29.1764
18,9,27.1889
18,10,27.6064
18,11,28.1591
18,12,30.9121
18,13,29.791
18,14,27.7357
18,15,26.0908
18,16,28.6505
18,17,25.2883
18,18,0
18,19,27.6879
18,20,26.6369
18,21,-7.10543e-15
18,22,29.1588
18,23,27.4177
18,24,27.9138
18,25,29.4614
18,26,27.7852
18,27,-3.55271e-15
18,28,29.4656
18,29,26.7307
18,30,28.6849
18,31,28.2083
18,32,28.656
18,33,31.9848
18,34,26.4841
18,35,30.5885
18,36,28.3035
18,37,26.2707
18,38,29.622
18,39,-7.10543e-15
18,40,27.3616
18,41,28.1767
18,42,29.6707
18,43,27.8404
18,44,28.8639
18,45,27.9964
18,46,26.7679
18,47,27.167
18,48,27.779
18,49,27.3942
18,50,29.4096
18,51,27.927
18,52,26.0569
18,53,24.8341
18,54,26.9069
18,55,27.4337
18,56,25.152
18,57,28.8312
18,58,28.7239
18,59,28.8052
18,60,26.4555
18,61,30.3814
18,62,27.8233
18,63,29.2149
18,64,28.6846
18,65,28.9844
18,66,28.0236
18,67,28.9884
18,68,30.4465
18,69,27.1099
18,70,28.9851
18,71,26.2457
18,72,26.6386
18,73,26.6172
18,74,30.7288
18,75,29.8864
18,76,29.9925
18,77,29.5326
18,78,0
18,79,27.3227
18,80,-3.55271e-15
18,81,28.2677
18,82,28.3773
18,83,29.813
18,84,27.9288
18,85,28.5766
18,86,25.2678
18,87,27.0622
18,88,31.9838
18,89,-7.10543e-15
18,90,27.2297
18,91,30.2007
18,92,29.4717
18,93,29.3756
18,94,29.0621
18,95,26.7196
18,96,27.8601
18,97,28.4448
18,98,-3.55271e-15
18,99,27.2473
19,0,0
19,1,27.0643
19,2,25.2865
19,3,27.5238
19,4,29.4335
19,5,28.4142
19,6,27.5783
19,7,26.5223
19,8,26.7485
19,9,28.0009
19,10,27.7081
19,11,26.7321
19,12,25.8639
19,13,27.3949
19,14,26.6105
19,15,25.7307
19,16,27.6556
19,17,24.641
19,18,27.6879
19,19,0
19,20,28.8426
19,21,0
19,22,24.4401
19,23,25.6015
19,24,27.7136
19,25,27.0737
19,26,28.1322
19,27,0
19,28,26.0118
19,29,29.4964
19,30,28.0946
19,31,28.1398
19,32,27.7887
19,33,27.9796
19,34,27.3538
19,35,29.0443
19,36,27.7825
19,37,26.6649
19,38,28.9377
19,39,-3.55271e-15
19,40,25.1224
19,41,28.1703
19,42,28.4387
19,43,27.0769
19,44,25.3085
19,45,25.0768
19,46,27.7136
19,47,24.8959
19,48,24.4072
19,49,27.138
19,50,28.5986
19,51,28.5218
19,52,28.229
19,53,27.0422
19,54,28.3627
19,55,26.8723
19,56,24.2118
19,57,26.8095
19,58,26.262
19,59,30.7529
19,60,24.3424
19,61,27.1082
19,62,24.8662
19,63,26.8632
19,64,29.1846
19,65,26.9192
19,66,27.4462
19,67,25.2671
19,68,27.8531
19,69,24.9923
19,70,27.7962
19,71,24.2934
19,72,27.2802
19,73,28.456
19,74,30.3518
19,75,26.5053
19,76,26.5761
19,77,28.763
19,78,0
19,79,26.7005
19,80,0
19,81,24.8043
19,82,26.5217
19,83,27.6463
19,84,26.5052
19,85,26.7828
19,86,25.9973
19,87,28.1044
19,88,30.5228
19,89,0
19,90,27.7817
19,91,27.6983
19,92,24.5483
19,93,27.3916
19,94,25.4954
19,95,26.0851
19,96,26.9368
19,97,25.1739
19,98,0
19,99,30.0951
20,0,0
20,1,28.2083
20,2,27.7297
20,3,27.353
20,4,29.9711
20,5,27.9795
20,6,30.5055
20,7,28.4223
20,8,29.7382
20,9,27.8679
20,10,30.1258
20,11,27.4556
20,12,27.426
20,13,27.5034
20,14,26.7122
20,15,27.7802
20,16,27.6214
20,17,30.438
20,18,26.6369
20,19,28.8426
20,20,0
20,21,0
20,22,27.2247
20,23,26.6682
20,24,25.0375
20,25,27.9487
20,26,28.9545
20,27,0
20,28,28.2184
20,29,27.7909
20,30,28.7483
20,31,26.9949
20,32,28.7171
20,33,30.2087
20,34,29.1437
20,35,29.7657
20,36,25.7473
20,37,28.5205
20,38,30.8453
20,39,0
20,40,28.0821
20,41,30.2478
20,42,29.3141
20,43,30.5096
20,44,27.9125
20,45,26.4897
20,46,25.72
20,47,28.4727
20,48,26.9823
20,49,27.8091
20,50,29.4775
20,51,30.1818
20,52,26.1092
20,53,29.0312
20,54,28.6329
20,55,27.8703
20,56,24.8419
20,57,27.9686
20,58,26.4082
20,59,28.1913
20,60,25.7581
20,61,27.1822
20,62,28.5537
20,63,29.6233
20,64,27.4748
20,65,28.1874
20,66,26.7898
20,67,27.4602
20,68,27.9873
20,69,27.7518
20,70,28.4544
20,71,26.6308
20,72,31.2997
20,73,27.8999
20,74,28.0311
20,75,29.4646
20,76,29.0195
20,77,29.4885
20,78,0
20,79,28.1913
20,80,0
20,81,28.2197
20,82,26.2026
20,83,29.4707
20,84,28.6799
20,85,27.8624
20,86,28.7387
20,87,28.3265
20,88,30.0306
20,89,0
20,90,27.8717
20,91,26.7849
20,92,25.6665
20,93,27.5419
20,94,28.1645
20,95,25.8046
20,96,25.9573
20,97,24.6869
20,98,0
20,99,27.4033
21,0,0
21,1,0
21,2,3.55271e-15
21,3,0
21,4,0
21,5,-7.10543e-15
21,6,-7.10543e-15
21,7,0
21,8,0
21,9,0
21,10,0
21,11,0
21,12,0
21,13,0
21,14,0
21,15,7.10543e-15
21,16,0
21,17,0
21,18,-7.10543e-15
21,19,0
21,20,0
21,21,0
21,22,-3.55271e-15
21,23,0
21,24,7.10543e-15
21,25,0
21,26,0
21,27,-7.10543e-15
21,28,-3.55271e-15
21,29,0
21,30,0
21,31,-7.10543e-15
21,32,0
21,33,0
21,34,0
21,35,-7.10543e-15
21,36,0
21,37,0
21,38,0
21,39,0
21,40,-3.55271e-15
21,41,0
21,42,0
21,43,0
21,44,-3.55271e-15
21,45,0
21,46,0
21,47,7.10543e-15
21,48,0
21,49,0
21,50,0
21,51,0
21,52,0
21,53,7.10543e-15
21,54,-7.10543e-15
21,55,0
21,56,0
21,57,0
21,58,0
21,59,-3.55271e-15
21,60,0
21,61,0
21,62,0
21,63,0
21,64,0
21,65,-7.10543e-15
21,66,0
21,67,0
21,68,0
21,69,0
21,70,0
21,71,-3.55271e-15
21,72,0
21,73,0
21,74,0
21,75,0
21,76,0
21,77,0
21,78,-7.10543e-15
21,79,0
21,80,3.55271e-15
21,81,7.10543e-15
21,82,0
21,83,0
21,84,0
21,85,3.55271e-15
21,86,0
21,87,0
21,88,0
21,89,-7.10543e-15
21,90,-7.10543e-15
21,91,-7.10543e-15
21,92,0
21,93,0
21,94,0
21,95,0
21,96,0
21,97,0
21,98,-3.55271e-15
21,99,0
22,0,-3.55271e-15
22,1,27.8774
22,2,27.5491
22,3,28.7593
22,4,28.2658
22,5,27.6409
22,6,27.2021
22,7,28.5324
22,8,27.3405
22,9,25.6836
22,10,29.1892
22,11,30.4613
22,12,28.9085
22,13,27.7184
22,14,28.7494
22,15,26.9607
22,16,30.4278
22,17,25.3548
22,18,29.1588
22,19,24.4401
22,20,27.2247
22,21,-3.55271e-15
22,22,0
22,23,27.0846
22,24,27.0827
22,25,27.7973
22,26,27.8084
22,27,-3.55271e-15
22,28,27.8438
22,29,26.6038
22,30,26.1708
22,31,28.0879
22,32,28.6398
22,33,27.9732
22,34,26.1615
22,35,31.5886
22,36,27.5445
22,37,28.4683
22,38,26.9132
22,39,0
22,40,28.0987
22,41,28.7979
22,42,28.8907
22,43,27.8496
22,44,29.0263
22,45,25.4504
22,46,27.3039
22,47,26.1131
22,48,29.6735
22,49,27.1433
22,50,26.2715
22,51,29.1654
22,52,27.7814
22,53,27.0729
22,54,23.945
22,55,28.7828
22,56,26.6727
22,57,28.0442
22,58,27.0609
22,59,27.744
22,60,25.4529
22,61,30.6727
22,62,27.9214
22,63,26.9226
22,64,27.9421
22,65,24.7537
22,66,24.475
22,67,27.591
22,68,27.93
22,69,26.9796
22,70,29.3378
22,71,26.9179
22,72,29.6591
22,73,26.3141
22,74,28.1345
22,75,28.4671
22,76,30.0394
22,77,29.3621
22,78,0
22,79,28.2489
22,80,-7.10543e-15
22,81,27.3954
22,82,26.7108
22,83,29.2703
22,84,28.6917
22,85,29.5988
22,86,28.5174
22,87,26.8183
22,88,30.3571
22,89,-7.10543e-15
22,90,27.613
22,91,28.896
22,92,29.6116
22,93,28.4818
22,94,28.2442
22,95,29.5277
22,96,25.5031
22,97,26.3998
22,98,0
22,99,25.2413
23,0,0
23,1,30.1069
23,2,28.0664
23,3,29.722
23,4,26.5439
23,5,28.5739
23,6,25.5296
23,7,26.4004
23,8,29.2022
23,9,26.6364
23,10,27.6201
23,11,28.1563
23,12,28.8613
23,13,27.6822
23,14,30.0528
23,15,23.4534
23,16,28.1185
23,17,28.2014
23,18,27.4177
23,19,25.6015
23,20,26.6682
23,21,0
23,22,27.0846
23,23,0
23,24,27.9464
23,25,29.5407
23,26,28.6019
23,27,0
23,28,27.0754
23,29,26.675
23,30,25.2668
23,31,24.6583
23,32,30.8249
23,33,26.434
23,34,26.8653
23,35,28.0358
23,36,29.4344
23,37,24.6883
23,38,29.9422
23,39,0
23,40,27.4839
23,41,27.5124
23,42,30.0722
23,43,28.4755
23,44,26.6035
23,45,27.4738
23,46,25.1622
23,47,26.25
23,48,27.7819
23,49,29.1874
23,50,27.7868
23,51,29.2229
23,52,27.2281
23,53,27.5351
23,54,29.8954
23,55,26.8916
23,56,28.0622
23,57,25.5927
23,58,29.1489
23,59,29.0738
23,60,26.8287
23,61,28.9251
23,62,26.544
23,63,29.6147
23,64,28.3742
23,65,26.3033
23,66,24.9314
23,67,25.6679
23,68,28.4655
23,69,26.5249
23,70,28.7606
23,71,26.5785
23,72,26.3553
23,73,27.2919
23,74,30.671
23,75,27.4836
23,76,30.3477
23,77,26.6708
23,78,0
23,79,25.6898
23,80,-7.10543e-15
23,81,26.8504
23,82,27.0954
23,83,30.9138
23,84,28.3169
23,85,26.4828
23,86,28.4633
23,87,25.8346
23,88,29.631
23,89,0
23,90,27.5628
23,91,28.4616
23,92,25.5589
23,93,25.574
23,94,27.8082
23,95,24.9895
23,96,27.3963
23,97,24.0459
23,98,3.55271e-15
23,99,27.2592
24,0,3.55271e-15
24,1,29.0214
24,2,26.6074
24,3,28.3001
24,4,30.1685
24,5,26.1631
24,6,26.4138
24,7,27.2913
24,8,29.3009
24,9,26.2964
24,10,26.7075
24,11,28.3052
24,12,28.8166
24,13,30.1257
24,14,28.8133
24,15,24.3634
24,16,27.9128
24,17,29.2905
24,18,27.9138
24,19,27.7136
24,20,25.0375
24,21,7.10543e-15
24,22,27.0827
24,23,27.9464
24,24,0
24,25,27.8096
24,26,29.7422
24,27,0
24,28,25.7654
24,29,27.8229
24,30,27.5268
24,31,27.2754
24,32,29.6992
24,33,27.4369
24,34,27.3522
24,35,28.5719
24,36,26.856
24,37,27.5533
24,38,29.2226
24,39,0
24,40,27.1678
24,41,27.61
24,42,28.2116
24,43,29.6278
24,44,26.4545
24,45,25.8425
24,46,26.5454
24,47,24.6709
24,48,26.5129
24,49,28.2123
24,50,27.17
24,51,29.4654
24,52,26.653
24,53,25.2286
24,54,27.1849
24,55,27.9426
24,56,23.7156
24,57,26.7947
24,58,30.005
24,59,29.4724
24,60,25.9523
24,61,30.6577
24,62,28.5829
24,63,27.3002
24,64,30.6116
24,65,26.1159
24,66,25.9719
24,67,25.9568
24,68,27.3402
24,69,28.3374
24,70,28.1159
24,71,26.4355
24,72,24.018
24,73,26.3796
24,74,31.5581
24,75,28.8016
24,76,28.1082
24,77,27.7082
24,78,0
24,79,26.2023
24,80,0
24,81,28.6587
24,82,26.2051
24,83,29.9945
24,84,28.9244
24,85,26.1896
24,86,25.8667
24,87,27.5237
24,88,27.9371
24,89,0
24,90,28.5519
24,91,29.2622
24,92,25.1829
24,93,27.8263
24,94,31.171
24,95,27.9798
24,96,28.5872
24,97,24.6175
24,98,0
24,99,27.7516
25,0,0
25,1,28.7999
25,2,28.8027
25,3,29.8617
25,4,30.3196
25,5,29.1491
25,6,26.6866
25,7,29.7995
25,8,30.2219
25,9,27.8997
25,10,29.3318
25,11,28.8834
25,12,28.6382
25,13,28.6719
25,14,28.8369
25,15,26.9391
25,16,28.9547
25,17,27.8157
25,18,29.4614
25,19,27.0737
25,20,27.9487
25,21,0
25,22,27.7973
25,23,29.5407
25,24,27.8096
25,25,0
25,26,28.555
25,27,0
25,28,28.6698
25,29,27.4448
25,30,26.6884
25,31,27.452
25,32,29.5777
25,33,29.4461
25,34,28.4407
25,35,31.4733
25,36,27.6721
25,37,28.6942
25,38,29.0735
25,39,0
25,40,28.9559
25,41,29.1718
25,42,30.8714
25,43,30.529
25,44,29.7218
25,45,28.1526
25,46,26.9358
25,47,27.5741
25,48,27.2188
25,49,28.3038
25,50,27.2283
25,51,28.9679
25,52,27.457
25,53,28.6667
25,54,27.8415
25,55,30.0837
25,56,29.3411
25,57,28.0656
25,58,26.4752
25,59,28.4606
25,60,26.7543
25,61,30.3971
25,62,28.3592
25,63,29.6686
25,64,29.7078
25,65,27.8378
25,66,25.3586
25,67,28.1072
25,68,28.303
25,69,28.4299
25,70,30.0472
25,71,28.7426
25,72,28.9102
25,73,28.2386
25,74,31.019
25,75,29.2697
25,76,29.5996
25,77,27.7908
25,78,0
25,79,26.2521
25,80,7.10543e-15
25,81,27.4495
25,82,30.0607
25,83,30.9531
25,84,30.8518
25,85,28.6611
25,86,28.914
25,87,27.2234
25,88,30.3485
25,89,0
25,90,29.1548
25,91,29.6917
25,92,28.3678
25,93,31.7521
25,94,30.9034
25,95,27.9982
25,96,27.9328
25,97,25.0191
25,98,3.55271e-15
25,99,27.6092
26,0,0
26,1,28.5608
26,2,24.7993
26,3,30.0518
26,4,30.3286
26,5,27.3572
26,6,25.4593
26,7,28.6443
26,8,28.732
26,9,27.5925
26,10,29.3835
26,11,28.1665
26,12,29.847
26,13,28.3485
26,14,28.1297
26,15,28.1032
26,16,26.648
26,17,27.4529
26,18,27.7852
26,19,28.1322
26,20,28.9545
26,21,0
26,22,27.8084
26,23,28.6019
26,24,29.7422
26,25,28.555
26,26,0
26,27,0
26,28,27.6526
26,29,28.5606
26,30,26.1536
26,31,29.4195
26,32,29.7207
26,33,29.4857
26,34,27.3571
26,35,29.9417
26,36,28.862
26,37,25.8295
26,38,29.2357
26,39,0
26,40,26.1399
26,41,24.2236
26,42,28.6103
26,43,28.5851
26,44,26.9737
26,45,26.8687
26,46,28.9524
26,47,28.3001
26,48,27.4869
26,49,26.9665
26,50,29.009
26,51,27.9186
26,52,29.4042
26,53,29.728
26,54,30.7419
26,55,28.3975
26,56,25.1479
26,57,26.5964
26,58,27.8474
26,59,29.3239
26,60,23.806
26,61,29.1051
26,62,27.201
26,63,27.3617
26,64,27.8661
26,65,27.9992
26,66,27.2584
26,67,27.02
26,68,27.3975
26,69,26.9122
26,70,27.9974
26,71,28.0315
26,72,28.1409
26,73,27.733
26,74,31.2251
26,75,28.1836
26,76,29.8706
26,77,28.7247
26,78,0
26,79,26.8311
26,80,0
26,81,25.0453
26,82,26.4249
26,83,29.3368
26,84,29.3707
26,85,26.6901
26,86,27.8475
26,87,27.719
26,88,30.9151
26,89,3.55271e-15
26,90,28.4289
26,91,29.8055
26,92,27.6
26,93,27.2028
26,94,27.5254
26,95,28.0722
26,96,27.8447
26,97,26.2192
26,98,0
26,99,27.551
27,0,0
27,1,0
27,2,3.55271e-15
27,3,0
27,4,0
27,5,-3.55271e-15
27,6,-3.55271e-15
27,7,-3.55271e-15
27,8,-3.55271e-15
27,9,-3.55271e-15
27,10,-7.10543e-15
27,11,-7.10543e-15
27,12,-3.55271e-15
27,13,-3.55271e-15
27,14,-3.55271e-15
27,15,0
27,16,-3.55271e-15
27,17,0
27,18,-3.55271e-15
27,19,0
27,20,0
27,21,-7.10543e-15
27,22,-3.55271e-15
27,23,0
27,24,0
27,25,0
27,26,0
27,27,0
27,28,-7.10543e-15
27,29,0
27,30,0
27,31,-1.06581e-14
27,32,0
27,33,-3.55271e-15
27,34,-7.10543e-15
27,35,-3.55271e-15
27,36,0
27,37,-7.10543e-15
27,38,-7.10543e-15
27,39,0
27,40,-7.10543e-15
27,41,0
27,42,0
27,43,-7.10543e-15
27,44,0
27,45,-3.55271e-15
27,46,-7.10543e-15
27,47,0
27,48,-3.55271e-15
27,49,-7.10543e-15
27,50,-7.10543e-15
27,51,0
27,52,0
27,53,-7.10543e-15
27,54,0
27,55,-3.55271e-15
27,56,-7.10543e-15
27,57,-7.10543e-15
27,58,-7.10543e-15
27,59,0
27,60,0
27,61,0
27,62,-3.55271e-15
27,63,0
27,64,0
27,65,-3.55271e-15
27,66,0
27,67,0
27,68,-3.55271e-15
27,69,0
27,70,-3.55271e-15
27,71,3.55271e-15
27,72,0
27,73,0
27,74,-7.10543e-15
27,75,3.55271e-15
27,76,-7.10543e-15
27,77,-3.55271e-15
27,78,0
27,79,0
27,80,0
27,81,-3.55271e-15
27,82,0
27,83,0
27,84,-7.10543e-15
27,85,-3.55271e-15
27,86,-7.10543e-15
27,87,0
27,88,-7.10543e-15
27,89,0
27,90,-3.55271e-15
27,91,0
27,92,-3.55271e-15
27,93,0
27,94,-3.55271e-15
27,95,-3.55271e-15
27,96,0
27,97,0
27,98,3.55271e-15
27,99,-7.10543e-15
28,0,0
28,1,27.9762
28,2,28.1778
28,3,27.7909
28,4,27.8273
28,5,28.0381
28,6,28.574
28,7,30.3393
28,8,27.3731
28,9,29.0486
28,10,27.2537
28,11,28.508
28,12,27.9976
28,13,27.5401
28,14,27.8628
28,15,23.9571
28,16,28.776
28,17,25.832
28,18,29.4656
28,19,26.0118
28,20,28.2184
28,21,-3.55271e-15
28,22,27.8438
28,23,27.0754
28,24,25.7654
28,25,28.6698
28,26,27.6526
28,27,-7.10543e-15
28,28,0
28,29,23.6591
28,30,27.3861
28,31,27.9207
28,32,26.8217
28,33,29.8845
28,34,24.7548
28,35,27.7237
28,36,27.7797
28,37,27.008
28,38,26.2996
28,39,0
28,40,29.173
28,41,28.4393
28,42,28.0942
28,43,27.6529
28,44,28.9886
28,45,24.2249
28,46,24.4179
28,47,27.0075
28,48,27.8413
28,49,28.3387
28,50,27.8916
28,51,28.7213
28,52,24.816
28,53,27.1683
28,54,23.6201
28,55,28.2036
28,56,29.9322
28,57,27.2694
28,58,26.2649
28,59,27.4101
28,60,27.2027
28,61,26.9267
28,62,30.5005
28,63,26.5095
28,64,27.4845
28,65,26.3985
28,66,26.185
28,67,27.2841
28,68,28.8017
28,69,27.2488
28,70,26.6736
28,71,28.8922
28,72,28.2191
28,73,24.7023
28,74,28.9902
28,75,30.213
28,76,29.4318
28,77,29.4578
28,78,0
28,79,27.3996
28,80,0
28,81,25.9103
28,82,28.8899
28,83,26.4877
28,84,27.7022
28,85,27.6092
28,86,27.8862
28,87,26.8468
28,88,27.6418
28,89,0
28,90,25.6313
28,91,26.7134
28,92,27.7269
28,93,29.349
28,94,28.6048
28,95,27.1835
28,96,24.4635
28,97,27.6831
28,98,0
28,99,24.1151
29,0,0
29,1,25.1749
29,2,26.6439
29,3,28.3139
29,4,28.8448
29,5,29.2308
29,6,29.6882
29,7,29.3311
29,8,28.2457
29,9,29.2375
29,10,27.1948
29,11,27.7624
29,12,26.5143
29,13,27.2785
29,14,27.0953
29,15,27.874
29,16,25.8769
29,17,26.7352
29,18,26.7307
29,19,29.4964
29,20,27.7909
29,21,0
29,22,26.6038
29,23,26.675
29,24,27.8229
29,25,27.4448
29,26,28.5606
29,27,0
29,28,23.6591
29,29,0
29,30,28.7784
29,31,28.7368
29,32,28.8513
29,33,28.1978
29,34,27.4551
29,35,29.0446
29,36,26.129
29,37,27.9077
29,38,29.7434
29,39,0
29,40,25.0195
29,41,26.1969
29,42,27.0225
29,43,28.2381
29,44,25.7338
29,45,24.3635
29,46,28.3273
29,47,25.6852
29,48,24.3564
29,49,27.7524
29,50,27.8588
29,51,27.7805
29,52,26.4237
29,53,26.5581
29,54,30.7042
29,55,25.1672
29,56,24.8258
29,57,27.0625
29,58,26.9915
29,59,29.6125
29,60,24.6944
29,61,26.2675
29,62,26.113
29,63,26.7835
29,64,26.8987
29,65,26.4557
29,66,28.6496
29,67,26.7564
29,68,25.4741
29,69,28.3732
29,70,27.3143
29,71,25.0735
29,72,28.061
29,73,28.4244
29,74,28.2546
29,75,26.2991
29,76,27.5139
29,77,27.4772
29,78,0
29,79,26.6997
29,80,0
29,81,27.2232
29,82,27.513
29,83,25.5576
29,84,28.0475
29,85,25.993
29,86,27.7873
29,87,26.9284
29,88,31.1851
29,89,0
29,90,28.1419
29,91,28.1835
29,92,24.2759
29,93,27.1581
29,94,25.3036
29,95,26.1144
29,96,25.5585
29,97,26.0472
29,98,0
29,99,28.3581
30,0,0
30,1,26.4551
30,2,26.7114
30,3,27.3511
30,4,31.2541
30,5,26.2151
30,6,28.7773
30,7,28.0811
30,8,28.025
30,9,27.1369
30,10,27.9463
30,11,30.3097
30,12,27.1314
30,13,26.3446
30,14,26.9416
30,15,29.8713
30,16,27.3788
30,17,27.4586
30,18,28.6849
30,19,28.0946
30,20,28.7483
30,21,0
30,22,26.1708
30,23,25.2668
30,24,27.5268
30,25,26.6884
30,26,26.1536
30,27,0
30,28,27.3861
30,29,28.7784
30,30,0
30,31,30.2248
30,32,28.5539
30,33,28.8828
30,34,28.3641
30,35,32.3283
30,36,29.0987
30,37,27.4535
30,38,30.2401
30,39,0
30,40,27.1898
30,41,25.48
30,42,28.7338
30,43,29.2199
30,44,26.7574
30,45,29.413
30,46,30.6622
30,47,28.4135
30,48,27.9554
30,49,26.88
30,50,31.501
30,51,29.2507
30,52,29.4734
30,53,28.1639
30,54,29.8838
30,55,29.2498
30,56,25.8537
30,57,27.4942
30,58,25.1916
30,59,29.0467
30,60,24.0812
30,61,29.0491
30,62,25.1029
30,63,27.5479
30,64,27.934
30,65,30.1474
30,66,29.0813
30,67,26.347
30,68,27.9975
30,69,27.6629
30,70,28.7334
30,71,24.3486
