0,0,30.08244991685351,32.83318514856577,31.40459538029427,32.00477908063106,33.528150306869,33.59427168432143,31.73716895061687,32.45536223800313,34.50492175038222,33.42891431081781,33.22602808040708,32.24197135722319,32.48364017470949,32.24560066117548,31.63935866922717,31.27073179508276,33.47911014349097,32.04916413886641,32.90875745147483,32.714312448835,31.35941705453085,30.59597045363981,31.38674624742107,31.26466801359004,32.11738178930532,32.38207275638791,32.75720020087188,32.32240015840408,33.63901808911787,31.86794425437575,32.99330789720849,31.3806840588283,33.40335123905984,33.4455369668361,32.38186793562101,32.46681302499524,30.73958288591437,32.7626310909243,32.01662538432181,30.72377069957397,32.24764788321778,33.03750278093064,31.98705136457564,31.07047193075767,31.43691925109711,34.3091204638067,34.26091735491038,31.7087557308703,31.19313527044052,33.29784167179608,31.5146594777732,33.60327897690939,31.81099869541979,33.54775612466502,32.46252105120611,32.21250904540035,31.66107480803518,30.24733725470724,34.85063284934723,33.18970017942315,32.07243372430599,33.3168320372751,32.41927835409048,32.0398247654384,34.12004866643657,32.53638775279149,33.64818846535427,33.12161757825243,31.80250821869243,33.88567245902021,33.87536399804436,32.85864826799788,34.12681965844459,32.29497722556868,32.56104648195447,31.00588727967641,31.42064283238012,30.89591141235359,32.82076738895665,31.93806686385386,32.47802127593367,35.05901905359018,31.76721333387617,33.91586475382871,31.57247611448935,33.16729692030992,33.72699177216967,32.82628413329781,29.30616900927176,32.38062970357434,31.62433075971728,31.17011793368771,32.88049669637002,31.90251505759382,33.0996315538406,32.01573717720709,32.56053809444801,31.5405726802796,34.01488994543419
89,30.08244991685351,0,5.555202602847435,3.236738595663927,4.452624176966737,6.281210163866673,7.520393005229351,4.54783365977003,4.118151554541772,7.713823918460395,5.622063882728296,5.027324736711043,5.489315813871058,5.219803227081001,4.201074130286509,6.674872220212941,4.724486030163001,4.712939459099515,5.456724859322919,7.212157548315123,5.942727274439807,32.79770450809021,4.152442574213077,3.204685479842377,4.575007373784869,3.229321534763523,4.762675212307218,32.93518905365506,6.255121426662161,7.070246360416347,6.015800013505762,6.502576462417998,3.641292213241203,6.572957245813081,6.002906719950859,4.793198145192592,4.359125413250762,5.487526257233883,5.547535032846866,32.3898112374864,3.978080239227141,4.965002818019823,4.599918390809539,4.595566327146658,3.53525995398279,4.890925821998284,7.390611857695434,7.605849664294119,4.572236020042274,3.401370034527904,7.1241468187387,4.5368488238093,6.267813501003949,3.825744333571265,6.168198581390286,6.382764699776412,5.103411934046345,4.291936597277859,4.03321553063987,6.771611361631098,4.755672870945398,4.645029211624324,5.919757949073788,5.121700127158343,4.466876640398537,7.346557089333379,7.576441724948768,7.303877987498369,5.583925835405256,4.342669988450949,6.72182830906991,6.497262662557819,5.626409305361757,7.384803029277709,3.796351526510163,5.76336495693424,3.147274555892031,5.754812432158229,48.82364105487402,7.555184909371339,34.13965430404942,6.165164774556594,6.964678758245867,2.509872932311676,4.333738524652661,5.15200994629178,5.730065791286255,6.713785077197495,5.402150487950109,30.85686016107277,5.307021283323581,3.497700454897404,5.073358689756278,4.302028832207893,4.813377620695966,6.885866545575498,5.143035168956354,8.963908308210868,31.22101157874294,7.632800675351463
98,32.83318514856577,5.555202602847435,0,4.153483295816724,5.416776278095369,4.985188001933032,6.037750404478637,4.766811301892377,4.132866504675783,6.48464053147142,4.304437390336408,4.779434445450702,4.427866356087223,4.910285374448652,3.90752793426211,8.848591519553858,4.534652230337779,5.822933382683256,6.045811159220898,7.137492199113325,5.628540446712941,31.0067209649779,3.701218611961558,5.293034770436485,5.467449706611355,3.526481789426911,5.874527285634719,31.88900666373916,4.363189768006122,7.323726179868718,7.775654667361852,6.39159714070485,6.749125031260676,5.370288665683126,5.930300727715497,5.78703759835794,6.939422779839914,6.987186919285845,6.596004425040914,32.43975733571385,4.876073306083866,4.2328427985798,4.881236134992266,5.667497606853294,4.282915474126323,6.338963077713178,8.358749906639755,6.167426592506993,6.433135469475112,4.082341166231329,6.335513494697974,4.381616784643937,7.0972715719167,5.132125256414255,6.848162173910453,5.239758084733984,5.278024241550431,6.64874373903544,7.235940640502807,4.757075558476802,4.742383007297939,5.126182254158531,3.206887696688704,4.538777316638165,7.144255168661182,6.708464706612003,8.884002817679704,5.667332347330603,5.331868579978383,5.521555282461592,5.700724462388919,2.904964960373679,4.094714515818697,6.070629842888578,4.779281331457593,3.983689911722406,4.869157405607134,5.247886959441773,49.69255204597977,7.609301937844601,34.95936063488575,6.573745510793938,5.68506981770927,4.966287237115494,5.061024672420928,3.414677668249613,2.82469908138131,7.512081418890848,6.599581834828296,33.5339042015689,5.163230992849817,4.845513325532654,5.613772539131053,4.232195601664301,4.213382541736183,3.180470696463691,5.324794726673274,7.67719961031801,31.34944886277907,6.798975527172692
27,31.40459538029427,3.236738595663927,4.153483295816724,0,4.529374502518235,5.719870030245024,6.547157693102641,4.719024756114846,3.586989110270131,6.988577134984419,5.199421486674161,4.707948387733666,5.595314706409375,4.529896303306354,4.200539951635545,7.443190491925719,5.613605060581422,4.551794078721717,5.862530452947197,5.853173300421629,4.700662001436352,31.64502651286612,4.585944327684272,2.279023767170049,3.891488783133902,3.264119644772614,3.922529801699556,33.83148397572889,6.215168149984011,5.387846780521934,6.384288832640114,6.449895119175793,4.299775031033398,6.318471422669926,5.4650684731797,5.479215591060427,5.630450787144171,6.558958949833467,5.54997893600464,31.8145467357308,5.066998752992879,4.87731774245536,4.476828515256194,4.170928187143253,3.893202089204791,6.372664645976472,7.139705964344388,7.078089172395491,6.343336861128974,3.646992103064171,6.394353444253908,3.200089184188461,6.334939206618145,3.053035958040421,4.515876738199335,6.397329874919748,6.273867631878306,5.970124893876515,5.043819260386889,5.225998895152217,5.278563693631833,5.077872064702625,4.921212871564493,4.924940836049924,4.937084203491921,7.702514163871379,7.783999315616309,7.043847455403751,6.153267019327156,4.207715050790512,6.9884854802201,5.752501124713337,4.11874729028801,6.205245289329023,3.530126253744463,5.425545362988923,4.171734134827947,5.550190195760187,49.29895107889457,7.698638165116179,34.2588010006188,6.013568977324955,6.642068966467643,3.485018667217555,4.416996039418666,4.9749153611832,4.692380946225225,6.746180867562373,5.111938831653768,31.97284877829936,4.833162219053092,4.030936389137576,6.202877395464873,5.011150443388521,4.22143791576892,5.733225828976285,4.095549973821622,9.08469976052327,31.55585368834126,5.811544021633973
39,32.00477908063106,4.452624176966737,5.416776278095369,4.529374502518235,0,3.207332964392449,3.977496333120071,1.934482265507038,3.160348318321957,4.726204624580631,2.869781088287553,2.722774971307354,3.663798562548772,2.995907056814446,4.349751484205798,4.466096908375211,3.321839380338828,5.653465345356703,2.431680929060776,3.741504717627212,3.667295475967818,32.86486004838603,3.79779079891825,4.791084891239169,3.783863159465341,2.544578914550828,2.474402132521544,32.37432456438281,4.582348763547798,4.290493083278032,2.827455815752905,2.794638381650081,3.258914256784236,2.676517756938298,2.961016965757443,1.874713018161526,3.684245983644958,3.605606072357605,2.078996144300754,32.11558595137259,3.867968693639888,3.329272763078566,3.627203006158203,1.764464456433402,3.217053720965793,3.800452003979865,3.858278797031694,4.651256364034424,3.392974737946532,4.039424441804286,2.818868363043578,2.349536819006633,3.793329398759884,5.102066919644422,4.811868471079325,3.015995560428777,5.622611932551097,3.792310656748103,3.635326534122898,4.570569046636424,5.312427491891619,2.546184624839842,4.507951422249555,3.874008293628611,2.930882111350401,4.043557575169346,3.941223321554834,4.028118861073014,3.442717734410955,2.967165963051462,4.341470543778932,5.388062706437042,3.303057451807194,4.912880377735446,1.935705920251818,3.280054279139026,3.06551304389872,2.541454997779116,49.00461017697815,4.641121648545267,32.06332323699463,4.004901754768844,5.483933024302452,2.993803981442699,3.557003326352782,3.570815165855152,3.915546725236652,4.602076975675407,1.943356638811033,32.51313266973824,3.153711018920889,2.984724433016403,3.769958207520113,3.876547777157299,3.047781733961363,5.341825912052562,5.227330478025026,6.959860609408437,31.41634789405033,4.504358634224038
21,33.528150306869,6.281210163866673,4.985188001933032,5.719870030245024,3.207332964392449,0,4.387112044432669,4.061853404247275,3.88702825924892,3.787576392119339,2.544669990571592,2.998594204715218,2.685949326451991,3.222593075931746,3.766298253939951,7.019039026062053,4.282008753990882,6.857803778694877,3.271828012298868,4.95276053599669,5.752620704824039,32.72459330534149,4.12531268878572,5.831733177682752,3.959772016911193,3.514054652798225,3.717618152408248,31.94507558294393,4.998854493110172,5.519488020890179,4.857834001132646,2.44665843584273,5.477706483000073,2.329510539337713,3.595631961613749,3.942009384833439,5.177636977068438,5.779560211847055,3.637499683908605,32.23920172708996,5.732771217820273,4.888871412021897,5.276331376773156,3.836444246401011,4.425277888181864,5.149517159052222,5.357966602753783,3.570928794241874,4.851936353252233,4.994296839100462,3.376478816509713,3.956155523609086,3.503467545674381,6.88265471605666,5.369950822234803,2.752782064213285,6.24519575804958,6.121262728486795,5.43700926835049,3.490649000688971,5.368712871367952,2.837185325042036,3.657810368913493,4.176527660744229,4.943270389173256,3.560347200329739,6.131862754939018,2.829512303192435,3.69857810287458,4.942415158943617,3.263567169324615,5.112119698949749,4.368257673453818,4.924074940339704,3.136139447950158,3.45009019043221,4.923578905169887,3.091475190569405,49.28869434859735,6.674924916007358,32.49763674484655,3.787096679667049,4.412945859797289,4.376741762963442,4.134978828093137,4.108189087388785,3.303504513126781,6.394538710868017,3.651623058592999,33.50029980462862,2.986329477196188,3.238805422753176,4.679314575121796,4.265569000692812,2.790654838299687,4.027907937708449,4.454286269040139,6.08710354376323,30.03561479310853,4.706716395356028
80,33.59427168432143,7.520393005229351,6.037750404478637,6.547157693102641,3.977496333120071,4.387112044432669,0,4.447756728423161,4.549039353709039,5.302822192114707,3.383840043019841,3.615304786120646,5.739726386979608,5.112327089127804,6.651377097081525,5.134784575543729,5.04174159804251,6.799738191453333,5.570093272984769,4.463790391989076,3.951398647663267,32.91464108873133,5.628346642177954,7.605103588263064,6.311836393930317,5.209747729403191,5.221446049157847,31.94354966186443,6.020727155464519,4.499359595228322,4.234822423735282,3.552781618980474,6.510391767622869,3.412069265088818,3.493614802074891,3.91233990451374,7.426496024264259,4.654616260636034,3.956926033720133,30.96728365549682,6.332466822264327,5.060455458423058,6.11299094920604,4.930432277103362,5.826940949927282,5.510672235389674,4.73160321935384,4.598731673359945,6.462751774359242,7.063070905089997,2.270021955132379,4.161734577772433,5.66948126416981,6.782855148630725,6.267987636558891,3.341982045767109,7.79118828610367,6.81731967433764,7.439594085185249,5.827066701114078,7.554838498137048,5.198357395886283,6.096133593613072,6.103534268535055,6.163911840710078,4.057178651238885,5.42864214824342,4.381387910555266,5.920632651771594,4.281201108194288,5.814605389802844,5.470766935556413,3.484327166363608,5.249141152007496,5.30021452723681,4.739427906196598,6.399432352654342,4.269523471957345,49.58791049099044,4.805715624654276,32.35738118266063,6.68684082045081,7.473353655389744,6.090888887630554,5.842871836461493,4.537791002264542,4.082174249882756,6.888972861032827,4.701817442996226,34.72570794094772,3.70458275152959,5.767243495193872,6.563078578641715,6.578654099267989,5.632995290953422,4.442008628346639,7.073174472808391,8.823209343237716,32.56432469743538,4.283990072732635
78,31.73716895061687,4.54783365977003,4.766811301892377,4.719024756114846,1.934482265507038,4.061853404247275,4.447756728423161,0,3.752111581037709,5.267250671831586,3.304043859776994,3.744798346980342,3.551624234527564,3.458727187571162,4.613261109034808,5.217977799105498,2.417381452230749,5.986732816431823,2.621382887236748,4.500618912636639,3.377451482426213,32.08804810205818,3.422030798625121,5.193805795838781,4.709625632410956,2.532445866506707,3.786032292690449,31.73465292074265,2.946664351495523,5.467785280161343,4.360899939435542,4.071442366396685,4.124982952352119,2.842974472131571,4.064718264145828,2.471153083768381,4.048104078740919,3.721706795861732,3.649460069755808,32.63864215925657,2.308166710113781,1.639579342139748,2.716435357735742,2.581338339755755,2.863740635749626,3.94879455323106,5.074530185230858,5.19138365796603,3.182565337636404,3.331050799417638,3.566901099473937,2.565500401942829,5.243993834357815,4.921116483415651,6.033712558597056,3.112044789707392,4.764506840521589,3.065914956129251,4.326059352683655,4.833031340031556,5.097277010660845,3.1481193960414,3.956897869808246,3.474178954495299,4.216686005287529,4.596470879781488,4.443593302163939,4.155395361528098,2.915696945381498,3.628017038365416,4.401820379848417,4.510064736911146,3.085986237734658,5.136227087390917,2.77564441929246,2.197879598443436,2.192673507826687,2.539620508954492,48.92649180807823,3.888984021945154,32.24261214604054,4.61496688605664,5.433394961180612,3.577220645031983,4.176922060323958,2.56810660910224,3.754591879378133,4.144052989659579,3.503903280784107,32.52172140277941,4.427518286702092,3.924565360170603,2.79497227039827,3.243751298499125,3.179313463541092,5.335535909925862,6.223368275890559,6.301417735979702,31.89416548524196,5.493818139083642
67,32.45536223800313,4.118151554541772,4.132866504675783,3.586989110270131,3.160348318321957,3.88702825924892,4.549039353709039,3.752111581037709,0,4.463355647698633,2.2532010817242,2.894396741923102,3.861865438313629,2.846151882658755,2.964456868726728,5.704932623930869,3.925030659814048,3.338830803324254,4.901993172350552,5.386832560208279,4.241701999229983,32.51284841412699,4.073545958309735,3.901957388031833,4.745372140832941,2.18129018342081,3.370931644545488,31.97103112193912,5.363161921709827,5.086561371778816,4.520085140987846,3.824139946018513,5.032092933443774,4.336789040338367,2.550556013785327,3.206796302746251,4.974412160324047,5.19017869323531,3.226775372440981,30.92069489840098,4.650468472912409,4.0016218568014,4.125106291859314,3.488108521257522,2.643801852907795,3.681887829939222,5.253768635210241,4.015671140481881,4.695792979975288,4.201256907511106,4.712509990378385,3.185788436055111,3.848791497158277,3.495204115386225,4.185029453823364,4.320463560759565,4.716853383097839,4.990191464722375,5.519914181011216,4.399186632946122,3.732894471625615,4.266688358666375,4.234316493938432,3.426196315102821,3.893504404275934,4.73230211925026,6.65118153305336,4.371565073899719,4.382043845682252,3.971228382515335,4.360998257644972,4.012918693517098,2.922458742254676,4.128071091207214,2.963585368015847,4.041976025271183,4.272297484494926,4.70058810870199,49.02625688432506,5.970208453506731,33.59996251486005,4.793394064741666,5.230506338250693,2.322219929247427,2.57842282185756,3.340306270276895,2.502883525750875,5.945499347278493,3.852199162456054,31.80507968862835,2.563746254536795,3.231810034342531,4.996670146131297,4.104678921879838,3.716122565459353,4.225432699141199,4.699173984705594,8.686222408558713,31.10209412563728,4.769856006034986
60,34.50492175038222,7.713823918460395,6.48464053147142,6.988577134984419,4.726204624580631,3.787576392119339,5.302822192114707,5.267250671831586,4.463355647698633,0,3.474078728911977,5.441755587614388,3.963436144538085,2.782203692878624,4.917342310291358,7.343976642255164,5.860699878555788,6.885928999986008,5.003213724945073,4.999703772866806,5.798944601446099,31.99503347396279,6.67599254206096,6.46907151081622,6.690198468935592,5.020400128687421,4.361985671588462,31.23718130689771,5.792635281664973,5.835080443049881,5.614324106687093,3.627317854439369,7.508997119860669,4.068345371628726,3.078476072290754,5.074239043896501,5.868495883196243,7.525969833372146,3.89723923321834,31.16244043716729,6.801902875243313,5.435461608854271,5.479926410476786,4.367543957361389,4.768890762334036,5.716763623980998,4.765193114729319,1.578735807246522,5.974214900771738,6.11220037713871,4.528452157047012,5.141718333773298,3.285315275370308,6.807466089831022,4.967140516060604,4.921915678991198,6.156413463999341,6.653630925739159,6.965040205050273,3.478970504773761,5.293792479125236,5.962595893161777,4.372433118049509,3.575561343269487,5.054311398338361,4.537596782015888,6.351284585978537,2.553257265176425,4.281037915879474,7.141533668266008,3.083405794964656,5.2480491122135,4.420596254398717,2.150197226072623,4.661354029077662,4.287488832299129,6.374331616680776,5.429237618073915,48.61104485461235,6.109246102755872,31.60426892051134,3.387069389782742,3.924723546785303,5.390704645320312,4.730106841203197,4.995370163201541,4.027328158188963,5.453704474818093,4.213206165492944,31.69229276969402,4.929831307073242,5.848539878590629,5.642685474894246,5.665821442069266,4.391795572465345,5.981443594351486,6.960047783436851,7.725355084951508,30.33511789988626,4.086495255336402
26,33.42891431081781,5.622063882728296,4.304437390336408,5.199421486674161,2.869781088287553,2.544669990571592,3.383840043019841,3.304043859776994,2.2532010817242,3.474078728911977,0,2.455045701473173,3.041565477042691,2.898077493395665,3.61966248271978,5.761519276186977,3.278311112922225,5.025769156676512,4.087851580708699,5.109941909825841,4.42775953572568,32.81321925687877,4.020285228286165,5.570937509006943,5.16149868165376,2.73621300879485,3.907732450176583,31.4215811028026,4.474138059156359,5.338911735782922,4.364493741139636,2.514389519113753,5.646498878430412,2.486529313769496,2.196465508493119,2.638044762309949,5.189265484388931,4.86560607051243,2.961239412904476,31.61535049623837,4.746022201744342,3.663791163000194,4.299106830982997,3.690103353547479,3.42046392408072,3.586287283170466,4.78798886241665,2.713509887909034,4.304110470187452,4.788878865436701,3.385396342765547,3.567392428377603,3.612035423247193,5.302993542188009,5.223932508160019,2.639959461119345,4.926942880358529,5.089367010103385,6.03808729795697,3.92427276179192,4.338361828398499,3.688120379190873,3.75478877736079,3.452476478246013,4.621410943048197,2.855352444855564,5.977233245160819,2.519405770068595,3.381809267073629,4.320553056365974,2.95883601575768,3.455149125528213,2.952673980658587,3.869473914944584,3.295024727104396,2.955918954534963,4.565780852347473,3.772205707177723,49.41101215304207,5.189932191850713,33.15823624682108,4.555213288869854,4.621191843245307,3.598542188380062,3.15419002666309,2.824385968568368,1.84898215169167,5.700589454057278,3.739951809707302,32.98451424532428,2.566754033849737,3.656653520284345,4.435822776913507,3.870402654695139,3.554927019090451,3.534353383085502,5.472455955882112,7.501414298906091,31.23148621183436,4.630453055919244
81,33.22602808040708,5.027324736711043,4.779434445450702,4.707948387733666,2.722774971307354,2.998594204715218,3.615304786120646,3.744798346980342,2.894396741923102,5.441755587614388,2.455045701473173,0,4.380592557629985,4.307020871098106,4.308378737404559,5.433812942598604,3.895750454041758,5.042175813327002,4.363649448815949,5.378125182151235,4.786192657940506,34.08274402098517,3.77434533737521,5.531835435225928,4.119794034911825,2.966598170513749,3.938419313765655,32.96657787820872,5.676280447014263,4.930585199753396,3.984330083831691,3.154945147321036,4.262397674782989,3.327205128768935,3.326246273124977,2.704281572708532,5.284019019076974,4.131286206674821,3.292741194349506,32.35491311995754,5.187156299302734,4.607851575474328,4.965525130689277,4.040740063739649,4.475744649749601,4.253771299782298,5.022430310479348,4.848350292225548,4.649277254001335,5.222626143460728,3.65129425127222,3.667831749511596,4.260352513303172,5.610862465494784,5.334560797921876,3.188797158924567,6.239966504378499,5.408408185110443,5.540352478950735,4.943077965716332,5.480313785380922,2.749075504953268,5.028372710405801,5.126586350194844,4.6480485919759,3.697090784904315,6.071427090635815,4.560982696671171,4.620982721245447,2.574801452644242,4.796565457374258,5.062835569484899,3.960250141916508,5.801959740228186,3.227370074035978,4.377728344694288,4.604917084368003,3.854365796790553,50.39578691520325,6.19479519555142,34.03842568333618,5.653614046851608,5.99749610728197,3.575395052845916,3.364607993284043,4.171184101171033,3.499089370407516,6.626694226744752,3.768458794083852,34.15481913288373,1.998094853920569,2.757707886839569,5.360522565757742,4.353305498132015,4.199619024557091,3.954282662675649,4.513009690378083,8.125086431643181,31.86289090776291,5.18397522847232
41,32.24197135722319,5.489315813871058,4.427866356087223,5.595314706409375,3.663798562548772,2.685949326451991,5.739726386979608,3.551624234527564,3.861865438313629,3.963436144538085,3.041565477042691,4.380592557629985,0,2.704774913953696,2.640400204353444,7.495142174484226,3.163608633219876,6.742625424590659,3.061721613251857,5.945659981190278,6.015147165713493,31.37826051584121,3.405775189897353,5.280549744160466,4.686622162202883,2.913980272359375,4.316170041442009,30.36856723653586,3.498720562396083,6.971550815208433,5.774385837801686,3.748669388890534,5.948679849222239,3.198642215170151,4.382067326030233,4.152988635177553,4.540571916352645,5.98074095937267,4.459617501387418,32.04112878785638,4.299994844984628,3.908426960533551,4.477501481223139,3.902187744965701,2.864622235884434,4.385955196971854,6.453803994021796,3.842381372956484,3.796498542735034,3.464476312632187,4.822839098837598,4.152127978633152,4.273928862406136,6.250593324634793,6.200446313638939,3.318160748720595,4.171045194687421,5.069169913578021,5.142991511128216,3.948632538612951,3.847588686208216,3.434030324650584,2.551266576536086,2.446954683471345,5.052604964581831,4.367237864702332,6.688617989127341,2.734924028772485,2.386245932579186,5.794979471345873,2.308656810048972,4.230155173226914,4.50172103666407,4.790025663520471,3.233587455538653,2.349090456495041,3.810569094228089,3.381306634506198,48.00019358482913,6.407391606021303,32.1131323915933,3.159500538937946,3.585907914821407,3.815626774577337,4.207686034796059,2.893032070608147,3.108603916087672,5.853776076340004,4.512902023695701,31.66222868024296,4.241735609900573,3.48660431468102,2.764218808600609,3.022547115448064,2.069343295293472,4.541988913845542,5.252281182480202,5.234412956331972,29.25203712564306,6.011051376020744
44,32.48364017470949,5.219803227081001,4.910285374448652,4.529896303306354,2.995907056814446,3.222593075931746,5.112327089127804,3.458727187571162,2.846151882658755,2.782203692878624,2.898077493395665,4.307020871098106,2.704774913953696,0,3.130106785982024,6.514065156754287,4.381860947929757,5.622574461549271,3.544627950189858,4.100409467374482,4.447314887929537,31.23965414341202,4.691501825509756,3.98603697334016,4.539033757787837,2.84804917626082,2.388938891723726,31.55746225538422,4.548330262573713,4.943022424153956,4.754105915351772,3.516989401695416,5.369882986520135,3.671252136586915,2.832968871700712,3.948710325989376,4.230807160161278,6.169690567578584,3.120126251241013,31.14901947092396,4.791187685402732,3.809277036787597,3.750502973206538,2.243662559783043,2.417335271413962,4.719559006309587,4.828910458215694,3.259229424572843,4.626050355104723,3.64913778013903,4.174718248919488,2.912876368977968,3.25891722766476,4.792618308010846,3.840474865650941,4.262852435848154,4.926612258518209,5.040950091880201,4.701953876840794,2.946420626322948,4.062523630605868,4.327944033145582,3.026679319928474,1.859972459272423,3.415173809817812,4.978639386666831,5.718965487024711,3.265977132352196,3.372848888405604,5.366244863325655,3.410446827764506,4.6086709614124,3.062629245000003,2.779427422982728,2.406627676469689,3.037379268011362,4.055574991980879,3.917678275610838,48.05013530049421,5.702335716874333,31.72638674668138,2.264770349475336,3.816469971506225,3.24356680323611,3.513389191306247,3.489721660000231,3.080903556960044,4.63479025899179,2.946646520215701,30.97966363600482,3.853951573629867,3.889461175272946,4.093812757280908,4.056874670436792,2.182256636724388,5.228306756404351,5.140825232326299,6.938705131515923,30.06479695590841,3.868917491271875
43,32.24560066117548,4.201074130286509,3.90752793426211,4.200539951635545,4.349751484205798,3.766298253939951,6.651377097081525,4.613261109034808,2.964456868726728,4.917342310291358,3.61966248271978,4.308378737404559,2.640400204353444,3.130106785982024,0,7.955222631615112,4.260756838009551,5.160242478831381,4.664989230413507,6.764290374688957,6.367951558061991,31.91660796513314,3.726481842240367,3.609649345479099,4.348554000787531,2.41923448280723,4.185770756482654,31.55424977716947,5.117384723090669,7.009227595356134,6.333303383092246,4.872548689052157,5.651498413501742,4.993476051425977,4.642934234323923,4.794859817252481,4.582935486538759,6.719637331304912,4.926261639996201,31.87648244395859,4.893442044086205,4.769039764916096,4.640545434227449,4.361988496692154,2.725308447056817,4.75144541802146,7.065750461627099,4.80074595400434,4.632287702145303,3.165179474349156,6.179934654823805,4.42038055012272,4.34862035214816,5.011047999075058,5.334117921189524,5.016975924699163,4.029961453634849,5.516066772190351,5.232507978526988,4.15045686240301,2.565029821956754,4.101208606851119,3.196987844969068,2.948480097181731,4.82102445992676,5.673501546140391,8.007967614634236,4.662902142727301,3.917338602678128,5.663156971704856,3.839044674176439,4.470995461850939,4.812782808711414,5.237936164159692,3.12127456708431,4.103231529555127,4.093437297083353,5.004679394969304,48.61048393734303,7.724809057800616,33.74763373927126,4.036571351341023,3.925398036071183,2.652875272138846,3.208695262999522,3.908670419510992,3.349251323731867,6.654923913695138,4.972822577489005,31.17629259549635,4.059392879592123,2.82412631207547,4.35756885799143,3.16927924408518,2.835397791268825,4.719511664727547,3.922791608970781,7.285097559951722,29.39592235327886,6.339398517479161
72,31.63935866922717,6.674872220212941,8.848591519553858,7.443190491925719,4.466096908375211,7.019039026062053,5.134784575543729,5.217977799105498,5.704932623930869,7.343976642255164,5.761519276186977,5.433812942598604,7.495142174484226,6.514065156754287,7.955222631615112,0,5.916519057474065,6.647774911758397,6.26705930195882,5.94260196750707,5.096012406958888,34.7730009777701,7.08572289255381,7.845297736317296,7.530691614422738,6.224467783053731,5.83018022437493,32.48337325463597,7.837411692958419,5.73990778716013,2.693318566356226,5.124352529636032,5.645094389506171,5.922055618905405,4.770218400411282,3.710818552421351,6.516674834833671,3.490837043956432,3.931044225936494,31.13016414990452,6.339505392654296,6.163858794836651,6.574920466951632,5.321834177576068,6.312471797742036,4.592801562803513,4.137391239000183,6.892370282471777,5.631877122451804,7.76105960983184,5.087053552107971,5.76180621524392,6.07511564401931,6.705619980315219,7.090903337344904,5.8016104699733,8.000493331347982,5.349211983018112,6.53912953232054,8.427716692183369,8.218118803623192,6.324964114522547,8.582045693842129,7.265473795718409,4.915312134205846,5.601983573905548,4.212649864815499,6.856449709205925,6.813657627721075,4.68203491087589,7.365094080447613,8.118450311454833,5.900013435379673,7.175354161626194,6.072899826023414,6.889851644341134,6.408278330473426,6.161847095390627,49.04968084341478,4.509837191021395,31.79654629043852,7.520182930726442,9.133802055171747,5.883357313137852,6.346177544074507,6.501590746763829,7.058547645898124,6.504438331788935,4.853791485721423,32.5221032683927,5.556724772103951,6.49826345723364,6.863315233701077,7.445755800876477,7.35713799204801,8.214725822923464,8.711900411964852,10.69612804362357,33.43460216601957,6.655908725239339
73,31.27073179508276,4.724486030163001,4.534652230337779,5.613605060581422,3.321839380338828,4.282008753990882,5.04174159804251,2.417381452230749,3.925030659814048,5.860699878555788,3.278311112922225,3.895750454041758,3.163608633219876,4.381860947929757,4.260756838009551,5.916519057474065,0,6.189459552521542,3.685279037629849,6.485600551883073,5.209185288352675,32.20561163834651,2.405713118050047,6.089246917249298,5.454223253041368,2.903654250657727,5.29677483003256,30.17537850632531,3.125874022549866,7.243282879456657,5.205005114834164,4.282998395488542,5.390337607825793,3.377124605414218,4.765591965604991,2.821167266708504,5.009313445823545,3.557314714331069,4.611718459541462,32.24917884225893,2.434411099339211,2.831409483582248,4.248344073878226,4.42049767109122,3.104405882017047,2.86710520807078,6.541617559368208,5.245411136061852,2.820422760101383,3.929797928399882,4.756106030790333,4.135160742252014,5.684379148392115,5.727649139894635,7.392940760499488,2.707553466149796,3.938618646216084,3.689370626064006,5.467608551122187,5.942668294436967,4.736748874622601,3.305046271134603,4.409007588222588,3.971641739808051,5.487117469446869,4.085990332952889,6.166516885225816,4.054177620794383,3.116288647226622,4.364217965377607,4.008020833154971,4.091055613532882,4.367453299669843,6.097571911339629,4.002062895607509,2.730278126874426,3.084040740520354,3.283437702629704,48.43112273373876,4.994168739272004,32.74791117002732,5.50110602431196,5.842279157686191,3.888959510926001,4.64433851271487,2.011402464286664,3.614601305834262,5.997087392772059,5.09267345463216,32.42475268988186,4.360868250116405,3.83289452590763,2.510833197341389,3.16636273739736,3.93247667530297,4.615099779534027,6.423675599531999,6.470756056880746,31.0094715208112,7.015209141486749
63,33.47911014349097,4.712939459099515,5.822933382683256,4.551794078721717,5.653465345356703,6.857803778694877,6.799738191453333,5.986732816431823,3.338830803324254,6.885928999986008,5.025769156676512,5.042175813327002,6.742625424590659,5.622574461549271,5.160242478831381,6.647774911758397,6.189459552521542,0,7.490547302776128,7.63667387596949,5.54045133616269,34.32532621840614,6.515860736883261,4.852142378325796,7.104715550722224,4.436375713554134,5.627027046347272,33.78174470035555,7.516562378972557,6.624272175382216,6.496095362955156,6.671412613401846,6.272010961731105,7.096954425689966,4.894194770414098,5.180110744136643,6.239437825426554,6.8506726052968,5.496766620337039,31.9509451033925,6.155979071204459,5.757331751557372,5.172154142779489,5.80827463698138,4.914752763284923,5.288385252681195,6.67809326332197,6.542180317652334,6.383660114146505,5.952493329389418,7.349801403932514,5.699975068228325,6.025811837713944,2.949362691173867,5.463256182438921,7.187851980505005,5.599252717597661,5.890347990426538,7.391809482724471,6.507509329011013,4.557796491950901,6.721515194763954,6.596692750188835,5.675224633070415,5.3793428046247,6.973288941102437,8.508603702567399,7.22054935478894,6.528482612353846,5.406274361048587,6.755048297585991,5.511026666183016,5.062199085401025,6.087225916554988,5.295382010131911,6.653546375219909,5.984878477927353,7.641108607244288,50.92222386920056,7.370289061295872,36.14537778195159,7.368804151452858,6.936588066858568,3.880603175196449,3.515025926181295,5.906088651409148,5.174139563959207,7.01888402566653,6.037477421341109,31.99963577917724,5.323884127289343,5.558357894951803,7.236864435612074,5.683799436943432,6.564159164154009,6.668882981297545,6.712277288245525,11.37192892463016,33.39664547525695,6.912415262399318
52,32.04916413886641,5.456724859322919,6.045811159220898,5.862530452947197,2.431680929060776,3.271828012298868,5.570093272984769,2.621382887236748,4.901993172350552,5.003213724945073,4.087851580708699,4.363649448815949,3.061721613251857,3.544627950189858,4.664989230413507,6.26705930195882,3.685279037629849,7.490547302776128,0,4.641370770693348,5.360085437002975,32.48095060185279,4.135209034604431,5.64466566148796,4.112855957685001,3.509671710333212,3.609310901513769,31.9584912190798,3.968759104850591,5.968138692118964,4.53719733180605,3.677130962259835,4.194356585165902,2.739436284494232,4.66872980037555,3.519271764883649,3.322090045702612,4.926716094861091,3.787788934885784,33.25176685531163,4.086581519899289,3.829768259075906,4.077074113779794,2.770312716206947,3.894464393661837,4.861787546293824,5.146062305256764,5.250990018374657,3.149037054472381,3.880033093411724,3.800120712889236,3.760910980944861,4.50147925311949,6.719367136444022,6.175306454932096,3.3701371644244,5.692025323851561,4.080933125336103,3.391430277734046,4.642464460060999,5.627628233620785,2.526606641334328,4.17252386305318,3.907606198936453,4.054421144385196,4.58349560198549,4.331910958107477,3.976504082362787,2.643215802049362,4.887271357837744,3.945582063823623,6.041770963262545,4.828476998037114,5.726958774256766,2.688737538225919,3.040436979809098,3.057481881933272,2.306263774102204,48.7082958995877,5.485058127068998,31.36892352313034,3.298003230009953,4.832600373132184,4.145788304668645,4.656993788004945,4.185655415119339,4.888933806219269,4.590425669962919,3.1263927931405,32.43105314355365,4.819079123552028,3.692699849696781,2.734290159522196,3.583785977849115,2.683689428381556,6.231709952095825,5.857619217797136,4.779415525790046,30.59859988626931,5.755777553688073
55,32.90875745147483,7.212157548315123,7.137492199113325,5.853173300421629,3.741504717627212,4.95276053599669,4.463790391989076,4.500618912636639,5.386832560208279,4.999703772866806,5.109941909825841,5.378125182151235,5.945659981190278,4.100409467374482,6.764290374688957,5.94260196750707,6.485600551883073,7.63667387596949,4.641370770693348,0,3.584182515621228,31.67429476720832,6.690851866119878,6.123555914132488,5.295340187718544,5.435345561114745,3.182804171264613,33.48370953165135,6.372798051064134,2.458755716395707,4.355610939172471,4.611852016252697,5.416535620212464,4.520724598922809,4.176327658979988,5.135768392508956,6.109891988430451,6.383515170152697,3.830328323081583,31.41039958357741,6.576517784570351,5.311933944646659,5.359238238033797,3.00277855040716,5.58321072093125,7.019516806921347,3.809394845570224,5.585394936499397,6.776576110273478,6.208255252378858,3.07045875237844,3.26961577984412,5.310861292180168,6.484747344641274,4.27694553301888,5.34542347283529,8.345593457368171,6.625649383658397,5.458597665799569,4.772830578305944,7.785661324734245,5.600968238288082,5.805638030088832,5.506811047585046,4.49952241476298,6.381387484913939,3.891151651763006,5.439476025702743,5.96834787911881,5.309602459858382,6.494076607468315,7.14623797511306,3.80351468805909,4.595451214201053,4.294751770868562,5.078820813843298,5.82488252088055,4.335956426349664,48.72639143571357,5.412010303283647,30.51052031676943,4.808992767969042,6.874529781844068,5.912423035308972,6.032176050072804,5.776581495116785,5.600045349144271,5.036083368409323,2.979357369370816,32.87406283074851,5.259213482388436,6.006313966768832,6.483305428088697,6.790716703666183,4.685658515300474,6.968141509680033,6.753978908743663,8.078602309946893,31.91967111359388,2.372513004400261
92,32.714312448835,5.942727274439807,5.628540446712941,4.700662001436352,3.667295475967818,5.752620704824039,3.951398647663267,3.377451482426213,4.241701999229983,5.798944601446099,4.42775953572568,4.786192657940506,6.015147165713493,4.447314887929537,6.367951558061991,5.096012406958888,5.209185288352675,5.54045133616269,5.360085437002975,3.584182515621228,0,31.9929358296484,5.851218986002145,5.685582402962893,6.125509905657388,4.387887836097127,4.219820956449055,33.15637525424031,5.242792325447903,3.777145672646769,4.868357779476945,5.38563901685828,5.310998365169011,4.733150255247351,4.078140625766554,4.157924973073816,6.09383653766074,5.223009314768777,4.26240379329446,31.7985498725964,4.796998894751069,3.38602700202249,3.740182993293875,3.50553619758825,4.589171131751359,5.828245226095694,4.644407870614516,5.872051792413325,6.081740592534408,5.376656939068201,3.972582113500486,2.837533496097978,6.269777166540749,4.181233858995607,5.191488592877352,5.211407567241386,6.747899875479729,5.187737229456566,6.200459797159152,5.302654300251553,6.634220116119326,5.693872638609542,5.474121976500159,4.998802799007461,4.944757418746256,6.219401061856576,4.878108973923132,5.722531570293723,5.563602268365825,4.135844927299342,6.470468602158817,5.25632808775906,2.068025781530161,4.623884776536201,4.384117415522241,4.413554662325345,4.815754943369597,4.822604769535875,49.63907841310599,3.819097182048687,32.66048866750159,6.192553883520089,6.976916951116324,5.084562290070476,5.155385915533985,4.387248819461715,4.54380268102501,4.545505362654588,4.153608306043544,33.05573845794403,5.229416371647775,5.939461490578151,5.954303527728905,5.779987949025728,5.146812427699406,6.158198043255107,7.289377480538794,8.965786830105651,33.63753287623813,4.203965418773393
70,31.35941705453085,32.79770450809021,31.0067209649779,31.64502651286612,32.86486004838603,32.72459330534149,32.91464108873133,32.08804810205818,32.51284841412699,31.99503347396279,32.81321925687877,34.08274402098517,31.37826051584121,31.23965414341202,31.91660796513314,34.7730009777701,32.20561163834651,34.32532621840614,32.48095060185279,31.67429476720832,31.9929358296484,0,31.61471056328051,31.65189504595262,32.1845632873898,32.4275873755665,32.36972214894654,30.12008261940861,30.85272898788696,33.09086602070123,33.95930259884617,33.22062019288624,34.11376892106765,32.78308362555298,33.07682404645283,33.81315825237271,33.95061554670254,33.88515347464137,33.49481252373268,30.34875995819268,31.77440133188981,31.69301146940757,32.55674618262704,32.03177651957505,31.11417387622562,33.52788293346301,34.68928348928527,32.30020820366331,33.74557037597675,31.12410628435779,32.74904163483262,31.13938130406576,33.82581475737133,32.00695143246228,32.6323485057389,32.53101410961546,32.23271395647596,33.64121463324415,32.57059905804619,31.98712275275787,32.70517677677344,33.36816424378183,30.81746431814273,30.97173793961198,33.45079333887316,34.46275353189296,33.68550097593919,31.98313635339723,32.75459093012765,33.86995144667321,32.78859271149038,31.60521089947036,31.33202275627923,31.17475408082638,32.59128085853638,31.16981097151537,32.14587301660977,31.52180220101636,32.15959166407435,32.76309765574678,30.27898140624946,31.40691659491582,32.73870267741226,33.07812118304181,34.22780361051523,30.83620784078354,31.48857613484611,32.98255696576601,33.24726939163576,32.8368399210399,33.03024017472475,33.13849948322949,31.71857317093567,33.04495027988391,31.01228780660982,31.57083487967969,32.48036802439283,30.86684763625854,30.31135600727886,31.86783968203681
