Head,Tail,Difference
0,0,0
0,1,0
0,2,0
0,3,0
0,4,0
0,5,0
0,6,-7.10543e-15
0,7,0
0,8,0
0,9,0
0,10,0
0,11,0
0,12,0
0,13,0
0,14,0
0,15,0
0,16,0
0,17,7.10543e-15
0,18,0
0,19,0
0,20,0
0,21,0
0,22,0
0,23,0
0,24,0
0,25,0
0,26,-7.10543e-15
0,27,0
0,28,-7.10543e-15
0,29,0
0,30,0
0,31,0
0,32,3.55271e-15
0,33,0
0,34,-7.10543e-15
0,35,-7.10543e-15
0,36,0
0,37,0
0,38,0
0,39,0
0,40,0
0,41,0
0,42,0
0,43,3.55271e-15
0,44,0
0,45,0
0,46,0
0,47,0
0,48,0
0,49,0
0,50,0
0,51,0
0,52,0
0,53,0
0,54,0
0,55,0
0,56,0
0,57,0
0,58,0
0,59,0
0,60,0
0,61,0
0,62,0
0,63,7.10543e-15
0,64,0
0,65,0
0,66,0
0,67,0
0,68,0
0,69,0
0,70,0
0,71,0
0,72,7.10543e-15
0,73,-7.10543e-15
0,74,0
0,75,0
0,76,0
0,77,0
0,78,0
0,79,0
0,80,-3.55271e-15
0,81,0
0,82,0
0,83,0
0,84,7.10543e-15
0,85,0
0,86,0
0,87,0
0,88,0
0,89,0
0,90,-7.10543e-15
0,91,0
0,92,-3.55271e-15
0,93,0
0,94,0
0,95,0
0,96,0
0,97,0
0,98,0
0,99,-7.10543e-15
1,0,0
1,1,0
1,2,30.7513
1,3,30.4631
1,4,31.5977
1,5,28.0771
1,6,28.4219
1,7,31.3078
1,8,29.341
1,9,25.4558
1,10,29.9763
1,11,29.4321
1,12,28.938
1,13,28.3372
1,14,29.738
1,15,29.75
1,16,28.1364
1,17,30.8684
1,18,30.6128
1,19,30.0911
1,20,29.6602
1,21,0
1,22,28.0282
1,23,30.693
1,24,29.6985
1,25,29.0996
1,26,29.9854
1,27,-7.10543e-15
1,28,29.1902
1,29,26.7918
1,30,28.8396
1,31,30.0112
1,32,31.908
1,33,28.2809
1,34,29.8619
1,35,30.6793
1,36,30.1008
1,37,29.1715
1,38,28.6097
1,39,0
1,40,31.4195
1,41,28.6165
1,42,31.152
1,43,30.634
1,44,27.3769
1,45,27.8936
1,46,29.2774
1,47,25.8051
1,48,29.6857
1,49,30.4521
1,50,27.8815
1,51,32.569
1,52,28.0293
1,53,28.9337
1,54,29.9265
1,55,28.549
1,56,27.9074
1,57,31.5765
1,58,29.9089
1,59,28.5797
1,60,27.7235
1,61,30.6062
1,62,31.5137
1,63,29.6109
1,64,29.968
1,65,26.1348
1,66,30.6716
1,67,27.8527
1,68,28.8011
1,69,31.1443
1,70,28.9255
1,71,27.717
1,72,31.0732
1,73,26.2688
1,74,32.9688
1,75,28.4943
1,76,32.0583
1,77,28.8139
1,78,29.5577
1,79,28.7595
1,80,29.4118
1,81,28.8752
1,82,27.8963
1,83,31.7763
1,84,28.2416
1,85,28.0991
1,86,28.618
1,87,29.3159
1,88,28.8263
1,89,-3.55271e-15
1,90,26.2277
1,91,30.5843
1,92,29.0642
1,93,30.7471
1,94,27.7483
1,95,27.1331
1,96,25.8906
1,97,28.5111
1,98,0
1,99,28.4183
2,0,0
2,1,30.7513
2,2,0
2,3,28.5382
2,4,31.3912
2,5,30.6037
2,6,30.6318
2,7,31.8568
2,8,29.812
2,9,28.2684
2,10,30.4223
2,11,33.8679
2,12,29.424
2,13,29.834
2,14,30.0808
2,15,31.177
2,16,31.0745
2,17,28.2007
2,18,31.837
2,19,29.3539
2,20,29.5681
2,21,0
2,22,28.7148
2,23,28.394
2,24,28.0033
2,25,30.4359
2,26,27.1577
2,27,0
2,28,29.5606
2,29,29.1965
2,30,31.8015
2,31,31.8631
2,32,28.7373
2,33,33.4651
2,34,31.0874
2,35,31.5756
2,36,30.8594
2,37,29.6163
2,38,30.9781
2,39,0
2,40,27.8768
2,41,31.9533
2,42,30.8285
2,43,31.1346
2,44,29.8709
2,45,29.9867
2,46,29.9957
2,47,31.859
2,48,30.0563
2,49,29.4626
2,50,32.156
2,51,30.0322
2,52,31.5248
2,53,29.3703
2,54,29.8471
2,55,33.2122
2,56,28.7818
2,57,28.6296
2,58,28.7607
2,59,30.2111
2,60,29.35
2,61,31.9824
2,62,31.1211
2,63,29.832
2,64,28.9256
2,65,30.7386
2,66,32.087
2,67,28.5541
2,68,30.9894
2,69,28.1506
2,70,31.5076
2,71,30.0475
2,72,31.1432
2,73,27.1578
2,74,31.6797
2,75,31.6388
2,76,30.1791
2,77,32.6988
2,78,30.7599
2,79,28.9498
2,80,33.1456
2,81,29.7361
2,82,30.9295
2,83,32.1139
2,84,31.6886
2,85,31.6518
2,86,31.4488
2,87,28.7662
2,88,32.1281
2,89,0
2,90,32.2643
2,91,31.5151
2,92,30.046
2,93,30.6783
2,94,31.6667
2,95,31.6798
2,96,28.0721
2,97,26.7105
2,98,3.55271e-15
2,99,29.0366
3,0,0
3,1,30.4631
3,2,28.5382
3,3,0
3,4,31.3752
3,5,28.7269
3,6,27.5277
3,7,30.6983
3,8,30.9192
3,9,27.8268
3,10,27.0504
3,11,30.6286
3,12,29.1632
3,13,29.2786
3,14,29.8293
3,15,29.2086
3,16,28.7496
3,17,29.9498
3,18,29.1012
3,19,31.1345
3,20,28.5177
3,21,0
3,22,28.994
3,23,29.7868
3,24,29.1014
3,25,30.3177
3,26,32.1123
3,27,0
3,28,28.2525
3,29,30.5201
3,30,31.4354
3,31,29.315
3,32,32.1193
3,33,29.9891
3,34,29.3549
3,35,30.5809
3,36,30.8999
3,37,29.2394
3,38,30.6642
3,39,0
3,40,29.0502
3,41,28.4263
3,42,29.0735
3,43,31.3071
3,44,29.8214
3,45,29.3246
3,46,30.1974
3,47,26.0898
3,48,29.4308
3,49,32.1123
3,50,30.0387
3,51,30.9701
3,52,29.1377
3,53,29.0564
3,54,30.7567
3,55,27.8272
3,56,26.9934
3,57,27.6896
3,58,29.531
3,59,28.7775
3,60,27.0811
3,61,27.7383
3,62,29.3823
3,63,30.5915
3,64,31.5354
3,65,27.102
3,66,31.2671
3,67,26.964
3,68,30.3998
3,69,30.5976
3,70,28.9363
3,71,28.8958
3,72,28.0373
3,73,27.0824
3,74,28.8814
3,75,29.2068
3,76,29.527
3,77,28.5876
3,78,32.0714
3,79,26.3589
3,80,30.5222
3,81,28.1986
3,82,27.4026
3,83,32.6905
3,84,31.9375
3,85,27.0108
3,86,27.8787
3,87,28.5088
3,88,29.5084
3,89,0
3,90,28.4218
3,91,30.026
3,92,27.15
3,93,28.709
3,94,28.7658
3,95,27.219
3,96,27.8357
3,97,25.5737
3,98,0
3,99,29.4152
4,0,0
4,1,31.5977
4,2,31.3912
4,3,31.3752
4,4,0
4,5,31.7825
4,6,27.9679
4,7,31.0098
4,8,30.8891
4,9,27.9083
4,10,30.387
4,11,31.9814
4,12,29.8033
4,13,32.4886
4,14,30.791
4,15,29.2099
4,16,32.737
4,17,29.391
4,18,29.7169
4,19,30.9566
4,20,30.6618
4,21,0
4,22,29.3366
4,23,27.8174
4,24,30.4567
4,25,31.9618
4,26,30.4533
4,27,0
4,28,28.8905
4,29,29.1223
4,30,32.4356
4,31,29.7192
4,32,30.9866
4,33,32.0859
4,34,29.6013
4,35,30.2402
4,36,30.41
4,37,29.92
4,38,33.1152
4,39,0
4,40,27.7993
4,41,29.138
4,42,31.994
4,43,29.3291
4,44,28.8679
4,45,30.2434
4,46,29.2453
4,47,29.2492
4,48,31.4303
4,49,30.7151
4,50,32.0652
4,51,33.7779
4,52,28.7817
4,53,28.4206
4,54,29.213
4,55,28.4173
4,56,28.8206
4,57,29.3541
4,58,31.006
4,59,31.7801
4,60,27.9482
4,61,30.8098
4,62,29.0803
4,63,30.0607
4,64,30.2635
4,65,28.6522
4,66,31.8291
4,67,27.9044
4,68,29.8133
4,69,30.1711
4,70,29.962
4,71,28.8042
4,72,29.2899
4,73,28.3938
4,74,30.8422
4,75,30.8604
4,76,32.9394
4,77,30.8244
4,78,29.9038
4,79,29.335
4,80,29.8081
4,81,26.9017
4,82,28.7975
4,83,31.1847
4,84,31.1604
4,85,29.7814
4,86,28.4897
4,87,25.5682
4,88,31.9303
4,89,0
4,90,29.7794
4,91,31.5553
4,92,29.6746
4,93,30.1448
4,94,31.6189
4,95,28.876
4,96,29.7258
4,97,26.8972
4,98,3.55271e-15
4,99,28.3242
5,0,0
5,1,28.0771
5,2,30.6037
5,3,28.7269
5,4,31.7825
5,5,0
5,6,26.4682
5,7,29.9419
5,8,29.7459
5,9,26.9147
5,10,28.1323
5,11,32.7512
5,12,32.2917
5,13,28.9107
5,14,29.2495
5,15,26.1428
5,16,27.6238
5,17,27.7893
5,18,28.7492
5,19,29.6161
5,20,28.2728
5,21,0
5,22,28.1812
5,23,29.1896
5,24,26.2447
5,25,29.6193
5,26,27.4211
5,27,-3.55271e-15
5,28,28.6807
5,29,29.5073
5,30,27.1857
5,31,30.6575
5,32,30.3089
5,33,30.4786
5,34,27.7407
5,35,29.9298
5,36,27.164
5,37,27.8323
5,38,27.2668
5,39,0
5,40,27.7154
5,41,28.251
5,42,30.1644
5,43,29.8345
5,44,27.4469
5,45,28.4864
5,46,29.5387
5,47,29.7216
5,48,27.0159
5,49,27.537
5,50,31.476
5,51,29.3172
5,52,29.0672
5,53,29.038
5,54,27.9434
5,55,28.9214
5,56,27.2202
5,57,27.221
5,58,27.3233
5,59,29.564
5,60,28.2562
5,61,29.4042
5,62,32.0457
5,63,27.8876
5,64,30.6715
5,65,31.1904
5,66,28.2889
5,67,29.4378
5,68,29.0604
5,69,28.3282
5,70,30.3269
5,71,28.4034
5,72,26.7808
5,73,27.2675
5,74,31.349
5,75,30.16
5,76,27.4284
5,77,28.0918
5,78,28.5962
5,79,28.7447
5,80,30.065
5,81,28.2815
5,82,28.0798
5,83,27.3391
5,84,28.2844
5,85,28.3019
5,86,29.3805
5,87,28.1293
5,88,31.7207
5,89,0
5,90,31.1943
5,91,30.9276
5,92,27.562
5,93,29.0997
5,94,30.931
5,95,30.3681
5,96,28.4572
5,97,26.5686
5,98,0
5,99,28.3313
6,0,-7.10543e-15
6,1,28.4219
6,2,30.6318
6,3,27.5277
6,4,27.9679
6,5,26.4682
6,6,0
6,7,27.7839
6,8,29.3921
6,9,25.3305
6,10,29.2683
6,11,28.5307
6,12,28.2502
6,13,28.2865
6,14,27.1702
6,15,28.3205
6,16,28.4037
6,17,29.8162
6,18,23.8407
6,19,28.4532
6,20,30.9031
6,21,0
6,22,27.8982
6,23,26.2359
6,24,26.5596
6,25,27.2912
6,26,25.4717
6,27,-3.55271e-15
6,28,29.1635
6,29,29.8278
6,30,29.718
6,31,29.321
6,32,28.6904
6,33,29.0553
6,34,28.5877
6,35,30.179
6,36,26.5026
6,37,28.5314
6,38,27.848
6,39,-3.55271e-15
6,40,27.1037
6,41,26.8954
6,42,27.7224
6,43,27.8209
6,44,27.1439
6,45,28.1701
6,46,29.8113
6,47,26.8768
6,48,25.1028
6,49,26.0782
6,50,29.2663
6,51,28.3202
6,52,28.6065
6,53,26.5501
6,54,26.0491
6,55,27.6979
6,56,24.7571
6,57,24.6068
6,58,25.6425
6,59,30.0812
6,60,24.107
6,61,28.5025
6,62,28.0485
6,63,29.2169
6,64,26.1201
6,65,28.9782
6,66,29.1899
6,67,27.2051
6,68,25.699
6,69,27.2251
6,70,28.2581
6,71,29.049
6,72,29.5032
6,73,28.1206
6,74,28.012
6,75,28.8222
6,76,27.5202
6,77,27.1943
6,78,30.4726
6,79,29.957
6,80,29.347
6,81,24.5371
6,82,24.4967
6,83,28.1781
6,84,28.276
6,85,27.7773
6,86,28.6857
6,87,26.2965
6,88,30.0143
6,89,-7.10543e-15
6,90,29.0704
6,91,29.0488
6,92,28.204
6,93,26.2513
6,94,26.471
6,95,29.3365
6,96,28.6388
6,97,25.2671
6,98,0
6,99,29.0062
7,0,0
7,1,31.3078
7,2,31.8568
7,3,30.6983
7,4,31.0098
7,5,29.9419
7,6,27.7839
7,7,0
7,8,30.6219
7,9,26.9978
7,10,28.0487
7,11,28.8766
7,12,26.0836
7,13,29.9253
7,14,29.7701
7,15,27.9547
7,16,30.9226
7,17,29.0875
7,18,31.1681
7,19,27.4256
7,20,28.591
7,21,0
7,22,29.3668
7,23,27.061
7,24,27.3609
7,25,30.7344
7,26,28.6705
7,27,0
7,28,30.9606
7,29,29.4879
7,30,29.6996
7,31,28.7115
7,32,29.3467
7,33,31.6584
7,34,29.7143
7,35,30.8258
7,36,29.6207
7,37,28.8525
7,38,30.5829
7,39,0
7,40,30.7061
7,41,32.9632
7,42,28.9763
7,43,29.5403
7,44,29.0508
7,45,30.7523
7,46,28.2856
7,47,26.8805
7,48,30.1203
7,49,30.8754
7,50,29.7529
7,51,31.9385
7,52,29.0961
7,53,28.3626
7,54,27.528
7,55,32.3254
7,56,29.1949
7,57,28.0302
7,58,30.0663
7,59,29.8927
7,60,30.7582
7,61,31.3996
7,62,28.9585
7,63,30.4127
7,64,29.8483
7,65,28.6459
7,66,30.6234
7,67,28.4673
7,68,30.6167
7,69,28.3695
7,70,29.081
7,71,29.8151
7,72,29.8399
7,73,27.7957
7,74,31.0589
7,75,29.4452
7,76,31.4777
7,77,29.7268
7,78,27.7325
7,79,27.7928
7,80,29.0874
7,81,27.5127
7,82,27.956
7,83,29.8237
7,84,31.8275
7,85,29.4232
7,86,30.7937
7,87,29.8248
7,88,29.3348
7,89,0
7,90,29.7949
7,91,30.7199
7,92,30.175
7,93,30.7656
7,94,30.0035
7,95,30.0536
7,96,26.296
7,97,26.6166
7,98,3.55271e-15
7,99,26.6767
8,0,0
8,1,29.341
8,2,29.812
8,3,30.9192
8,4,30.8891
8,5,29.7459
8,6,29.3921
8,7,30.6219
8,8,0
8,9,30.4828
8,10,31.7876
8,11,31.2242
8,12,27.6933
8,13,29.3547
8,14,30.0989
8,15,30.3523
8,16,28.8051
8,17,29.5905
8,18,30.5585
8,19,30.3708
8,20,31.0948
8,21,0
8,22,27.3771
8,23,29.503
8,24,29.5777
8,25,30.3118
8,26,29.9693
8,27,0
8,28,28.3127
8,29,29.8372
8,30,31.114
8,31,29.8026
8,32,28.8217
8,33,28.9918
8,34,31.0197
8,35,30.2261
8,36,28.9767
8,37,29.9174
8,38,33.1635
8,39,0
8,40,29.3446
8,41,28.4607
8,42,28.5721
8,43,31.0854
8,44,30.8178
8,45,31.0041
8,46,30.5923
8,47,28.6674
8,48,27.4694
8,49,27.1429
8,50,30.9272
8,51,31.1191
8,52,29.5881
8,53,29.83
8,54,30.1371
8,55,27.7054
8,56,27.8878
8,57,28.1569
8,58,27.5443
8,59,29.6974
8,60,29.3253
8,61,30.2468
8,62,29.3372
8,63,30.9466
8,64,29.3783
8,65,27.8702
8,66,31.2049
8,67,29.5306
8,68,28.9107
8,69,28.4883
8,70,27.9255
8,71,30.1477
8,72,30.8381
8,73,29.2438
8,74,30.678
8,75,28.5561
8,76,29.7166
8,77,29.1735
8,78,30.3653
8,79,27.4597
8,80,30.96
8,81,28.3064
8,82,27.9583
8,83,29.5449
8,84,30.3408
8,85,28.1602
8,86,28.0594
8,87,29.6541
8,88,30.7291
8,89,0
8,90,31.2412
8,91,29.1875
8,92,27.3746
8,93,28.6593
8,94,29.438
8,95,30.1251
8,96,26.3646
8,97,25.1656
8,98,0
8,99,29.1022
9,0,0
9,1,25.4558
9,2,28.2684
9,3,27.8268
9,4,27.9083
9,5,26.9147
9,6,25.3305
9,7,26.9978
9,8,30.4828
9,9,0
9,10,27.6983
9,11,28.7832
9,12,28.4512
9,13,29.7362
9,14,29.7132
9,15,27.1422
9,16,26.1054
9,17,29.8226
9,18,27.2409
9,19,28.4696
9,20,27.9942
9,21,0
9,22,26.3157
9,23,27.4523
9,24,26.4509
9,25,28.6103
9,26,27.6101
9,27,-3.55271e-15
9,28,29.4656
9,29,29.272
9,30,28.0323
9,31,30.2372
9,32,27.2727
9,33,28.6638
9,34,31.834
9,35,28.7122
9,36,28.02
9,37,26.7487
9,38,29.2099
9,39,0
9,40,26.934
9,41,27.6879
9,42,30.701
9,43,27.4984
9,44,26.1499
9,45,30.0143
9,46,28.347
9,47,30.3144
9,48,26.1898
9,49,26.3822
9,50,28.3672
9,51,27.8705
9,52,30.8186
9,53,26.1067
9,54,30.0985
9,55,25.9492
9,56,28.3931
9,57,27.028
9,58,27.7748
9,59,30.9288
9,60,27.4886
9,61,27.8234
9,62,28.9888
9,63,30.4358
9,64,28.9264
9,65,28.03
9,66,25.9693
9,67,29.9907
9,68,28.4865
9,69,26.3636
9,70,30.6116
9,71,28.947
9,72,28.3154
9,73,28.639
9,74,29.4192
9,75,29.1038
9,76,26.5334
9,77,26.7203
9,78,26.5643
9,79,29.3022
9,80,26.8754
9,81,27.7241
9,82,28.7605
9,83,28.4885
9,84,27.7744
9,85,27.0331
9,86,28.9278
9,87,26.7294
9,88,30.2364
9,89,0
9,90,28.8853
9,91,28.5226
9,92,29.0844
9,93,27.0651
9,94,29.7301
9,95,27.3713
9,96,25.9175
9,97,24.5115
9,98,0
9,99,27.5855
10,0,0
10,1,29.9763
10,2,30.4223
10,3,27.0504
10,4,30.387
10,5,28.1323
10,6,29.2683
10,7,28.0487
10,8,31.7876
10,9,27.6983
10,10,0
10,11,32.0688
10,12,28.0625
10,13,28.971
10,14,29.6288
10,15,26.4274
10,16,28.5971
10,17,26.1283
10,18,28.3485
10,19,29.8241
10,20,30.8308
10,21,0
10,22,29.3928
10,23,28.0106
10,24,26.7771
10,25,29.5199
10,26,29.7215
10,27,-7.10543e-15
10,28,28.1537
10,29,27.9087
10,30,29.5612
10,31,30.8517
10,32,27.6463
10,33,31.166
10,34,28.7811
10,35,31.5856
10,36,27.9312
10,37,27.1063
10,38,29.8118
10,39,-3.55271e-15
10,40,27.028
10,41,31.2909
10,42,29.0299
10,43,27.8255
10,44,29.2752
10,45,28.7924
10,46,28.3844
10,47,29.5355
10,48,27.0781
10,49,28.8891
10,50,32.4796
10,51,29.1664
10,52,29.9519
10,53,27.6194
10,54,27.5412
10,55,30.7226
10,56,27.4277
10,57,28.2675
10,58,26.9421
10,59,29.0544
10,60,27.6386
10,61,27.4303
10,62,29.8502
10,63,29.8504
10,64,29.0749
10,65,30.4384
10,66,29.731
10,67,30.4274
10,68,27.7552
10,69,28.8125
10,70,28.0865
10,71,29.5912
10,72,27.6779
10,73,29.8662
10,74,29.8119
10,75,29.9247
10,76,26.3474
10,77,27.7609
10,78,28.9668
10,79,26.9248
10,80,30.743
10,81,26.5675
10,82,28.5577
10,83,26.8245
10,84,28.5795
10,85,27.5433
10,86,32.0816
10,87,27.5714
10,88,31.1084
10,89,0
10,90,28.8748
10,91,28.5178
10,92,27.7132
10,93,25.9842
10,94,29.0524
10,95,30.1371
10,96,26.1997
10,97,28.0819
10,98,-3.55271e-15
10,99,26.8667
11,0,0
11,1,29.4321
11,2,33.8679
11,3,30.6286
11,4,31.9814
11,5,32.7512
11,6,28.5307
11,7,28.8766
11,8,31.2242
11,9,28.7832
11,10,32.0688
11,11,0
11,12,27.9251
11,13,29.4422
11,14,29.4355
11,15,28.7666
11,16,29.2482
11,17,30.097
11,18,29.2704
11,19,29.9085
11,20,28.804
11,21,0
11,22,30.8554
11,23,28.8335
11,24,28.6951
11,25,29.3209
11,26,28.9164
11,27,-7.10543e-15
11,28,29.8219
11,29,29.112
11,30,31.994
11,31,31.4015
11,32,30.2076
11,33,31.921
11,34,31.1949
11,35,30.2332
11,36,27.4282
11,37,28.4099
11,38,33.1125
11,39,-7.10543e-15
11,40,28.3865
11,41,28.8983
11,42,28.934
11,43,29.6833
11,44,29.25
11,45,28.5015
11,46,28.7502
11,47,26.146
11,48,27.86
11,49,30.3598
11,50,31.5664
11,51,29.0285
11,52,29.3456
11,53,26.1424
11,54,29.9814
11,55,30.0665
11,56,27.0576
11,57,28.4415
11,58,27.9604
11,59,30.3853
11,60,27.5897
11,61,31.6733
11,62,31.0805
11,63,29.3439
11,64,28.4813
11,65,31.9903
11,66,31.5975
11,67,29.7989
11,68,26.8149
11,69,29.9346
11,70,29.4428
11,71,27.6469
11,72,30.3796
11,73,29.1275
11,74,30.5705
11,75,27.7345
11,76,27.4633
11,77,29.9278
11,78,31.3892
11,79,27.5194
11,80,32.2733
11,81,28.256
11,82,27.6429
11,83,29.4948
11,84,29.2161
11,85,29.271
11,86,29.6256
11,87,28.8349
11,88,31.1494
11,89,0
11,90,32.0971
11,91,31.7421
11,92,27.1065
11,93,31.1893
11,94,29.3373
11,95,26.9467
11,96,28.624
11,97,27.3425
11,98,-3.55271e-15
11,99,29.6423
12,0,0
12,1,28.938
12,2,29.424
12,3,29.1632
12,4,29.8033
12,5,32.2917
12,6,28.2502
12,7,26.0836
12,8,27.6933
12,9,28.4512
12,10,28.0625
12,11,27.9251
12,12,0
12,13,29.1349
12,14,29.2336
12,15,26.5569
12,16,29.7273
12,17,27.7473
12,18,31.7716
12,19,27.0141
12,20,27.6222
12,21,0
12,22,29.1665
12,23,29.1204
12,24,28.8195
12,25,28.8226
12,26,30.0322
12,27,-3.55271e-15
12,28,28.456
12,29,26.8697
12,30,28.5264
12,31,31.6362
12,32,28.2111
12,33,29.9439
12,34,29.8481
12,35,30.0201
12,36,27.6127
12,37,26.37
12,38,29.5885
12,39,7.10543e-15
12,40,28.9739
12,41,29.0963
12,42,27.443
12,43,27.0703
12,44,29.8966
12,45,28.8605
12,46,27.2426
12,47,26.5277
12,48,27.3647
12,49,30.2946
12,50,28.0006
12,51,27.9111
12,52,29.6977
12,53,28.1081
12,54,28.108
12,55,30.2164
12,56,29.4635
12,57,29.0585
12,58,26.4718
12,59,28.7384
12,60,31.6715
12,61,29.0097
12,62,29.722
12,63,30.5129
12,64,28.1782
12,65,29.0993
12,66,28.5358
12,67,30.8079
12,68,30.819
12,69,27.2813
12,70,30.7814
12,71,29.6625
12,72,26.8959
12,73,27.2449
12,74,30.4984
12,75,30.5874
12,76,29.9542
12,77,27.7983
12,78,27.0616
12,79,27.0174
12,80,28.6512
12,81,27.1876
12,82,30.221
12,83,28.107
12,84,30.2874
12,85,27.9767
12,86,30.0727
12,87,27.7572
12,88,27.9309
12,89,0
12,90,29.6184
12,91,28.6446
12,92,30.0144
12,93,30.5291
12,94,30.6903
12,95,29.3366
12,96,27.0117
12,97,28.846
12,98,0
12,99,28.4534
13,0,0
13,1,28.3372
13,2,29.834
13,3,29.2786
13,4,32.4886
13,5,28.9107
13,6,28.2865
13,7,29.9253
13,8,29.3547
13,9,29.7362
13,10,28.971
13,11,29.4422
13,12,29.1349
13,13,0
13,14,29.5732
13,15,28.815
13,16,29.0495
13,17,28.5995
13,18,30.2126
13,19,28.4642
13,20,27.5683
13,21,0
13,22,28.1951
13,23,28.3399
13,24,30.1889
13,25,29.3215
13,26,28.5104
13,27,-7.10543e-15
13,28,27.7442
13,29,27.5241
13,30,28.181
13,31,29.719
13,32,29.1994
13,33,28.9001
13,34,29.517
13,35,28.5836
13,36,28.6474
13,37,26.792
13,38,30.8088
13,39,0
13,40,28.2085
13,41,28.1142
13,42,26.8934
13,43,30.8669
13,44,30.9112
13,45,28.6427
13,46,29.1862
13,47,29.2191
13,48,28.5873
13,49,29.7774
13,50,29.5126
13,51,29.29
13,52,31.1201
13,53,29.6439
13,54,26.4369
13,55,29.9818
13,56,27.6407
13,57,28.2193
13,58,25.8927
13,59,31.7003
13,60,30.6026
13,61,29.6196
13,62,30.4871
13,63,32.7908
13,64,29.7473
13,65,28.655
13,66,30.2015
13,67,29.2053
13,68,28.4039
13,69,28.8273
13,70,30.8911
13,71,27.0491
13,72,28.5393
13,73,28.4593
13,74,29.3695
13,75,27.6544
13,76,27.4782
13,77,27.9763
13,78,28.8103
13,79,26.8433
13,80,28.3744
13,81,30.2801
13,82,30.0868
13,83,29.9319
13,84,30.2075
13,85,25.917
13,86,30.4224
13,87,28.1186
13,88,30.9513
13,89,0
13,90,29.2619
13,91,29.4162
13,92,27.8068
13,93,29.6164
13,94,27.878
13,95,28.0776
13,96,28.522
13,97,26.581
13,98,-3.55271e-15
13,99,28.7547
14,0,0
14,1,29.738
14,2,30.0808
14,3,29.8293
14,4,30.791
14,5,29.2495
14,6,27.1702
14,7,29.7701
14,8,30.0989
14,9,29.7132
14,10,29.6288
14,11,29.4355
14,12,29.2336
14,13,29.5732
14,14,0
14,15,27.8016
14,16,27.0769
14,17,29.1461
14,18,30.1481
14,19,29.5334
14,20,27.7182
14,21,0
14,22,28.8133
14,23,30.2128
14,24,29.3731
14,25,29.0673
14,26,29.6612
14,27,-3.55271e-15
14,28,28.8874
14,29,28.5588
14,30,29.5436
14,31,28.6123
14,32,29.5211
14,33,29.0874
14,34,30.7213
14,35,31.3
14,36,28.2492
14,37,27.3869
14,38,28.9021
14,39,0
14,40,27.5802
14,41,28.3292
14,42,30.8176
14,43,29.2936
14,44,30.167
14,45,28.575
14,46,29.6516
14,47,28.1222
14,48,27.8313
14,49,29.0599
14,50,27.918
14,51,29.5301
14,52,31.9523
14,53,27.1419
14,54,27.5618
14,55,26.6698
14,56,26.2544
14,57,26.8842
14,58,27.755
14,59,31.5859
14,60,27.7435
14,61,30.8177
14,62,30.336
14,63,28.5582
14,64,30.123
14,65,29.2231
14,66,28.3423
14,67,27.7118
14,68,30.341
14,69,29.1078
14,70,30.6689
14,71,28.0427
14,72,28.0368
14,73,28.0091
14,74,30.8339
14,75,29.0654
14,76,29.7303
14,77,25.7541
14,78,27.2589
14,79,26.6977
14,80,30.2951
14,81,31.3112
14,82,29.448
14,83,28.9496
14,84,29.1386
14,85,28.43
14,86,28.9481
14,87,28.0747
14,88,30.7956
14,89,0
14,90,29.0163
14,91,29.17
14,92,27.3882
14,93,29.9118
14,94,30.8037
14,95,26.6134
14,96,29.2283
14,97,27.7075
14,98,0
14,99,27.2267
15,0,0
15,1,29.75
15,2,31.177
15,3,29.2086
15,4,29.2099
15,5,26.1428
15,6,28.3205
15,7,27.9547
15,8,30.3523
15,9,27.1422
15,10,26.4274
15,11,28.7666
15,12,26.5569
15,13,28.815
15,14,27.8016
15,15,0
15,16,29.7363
15,17,31.0788
15,18,26.9131
15,19,28.1836
15,20,31.5972
15,21,0
15,22,28.8779
15,23,25.9203
15,24,25.5892
15,25,29.0893
15,26,29.2935
15,27,0
15,28,26.4422
15,29,29.3453
15,30,29.9497
15,31,27.6409
15,32,27.3126
15,33,29.7658
15,34,27.4725
15,35,30.0537
15,36,27.5096
15,37,29.0955
15,38,29.4143
15,39,0
15,40,28.9834
15,41,29.5909
15,42,29.183
15,43,28.7167
15,44,29.2157
15,45,28.0354
15,46,27.7987
15,47,25.6306
15,48,26.3886
15,49,29.0313
15,50,29.7145
15,51,31.4596
15,52,27.5554
15,53,29.4168
15,54,26.8974
15,55,27.1386
15,56,26.1106
15,57,28.715
15,58,25.2423
15,59,27.703
15,60,27.5805
15,61,26.6512
15,62,25.6855
15,63,29.1814
15,64,28.6383
15,65,29.2485
15,66,29.3429
15,67,25.8448
15,68,26.9286
15,69,27.6758
15,70,25.7224
15,71,28.3765
15,72,29.7553
15,73,26.6338
15,74,29.0977
15,75,27.9748
15,76,27.2059
15,77,26.5342
15,78,29.9272
15,79,29.8223
15,80,27.3257
15,81,25.3452
15,82,27.2638
15,83,27.9034
15,84,29.1695
15,85,28.4441
15,86,27.5486
15,87,27.2907
15,88,27.9276
15,89,-7.10543e-15
15,90,27.0014
15,91,27.0865
15,92,24.6493
15,93,26.4403
15,94,28.226
15,95,27.1912
15,96,26.3351
15,97,25.752
15,98,0
15,99,26.9462
16,0,0
16,1,28.1364
16,2,31.0745
16,3,28.7496
16,4,32.737
16,5,27.6238
16,6,28.4037
16,7,30.9226
16,8,28.8051
16,9,26.1054
16,10,28.5971
16,11,29.2482
16,12,29.7273
16,13,29.0495
16,14,27.0769
16,15,29.7363
16,16,0
16,17,27.0355
16,18,29.6512
16,19,29.2627
16,20,28.2676
16,21,0
16,22,30.6814
16,23,28.4241
16,24,27.9993
16,25,29.0785
16,26,26.9546
16,27,-3.55271e-15
16,28,30.3739
16,29,26.456
16,30,28.7061
16,31,30.8472
16,32,28.3462
16,33,30.0058
16,34,27.4576
16,35,30.472
16,36,26.4974
16,37,30.1445
16,38,27.8711
16,39,0
16,40,29.1694
16,41,31.8905
16,42,29.468
16,43,27.015
16,44,29.5572
16,45,29.6286
16,46,26.4836
16,47,26.8432
16,48,29.0556
16,49,28.1261
16,50,29.6701
16,51,28.3245
16,52,26.2441
16,53,28.8625
16,54,24.8483
16,55,30.5142
16,56,26.7469
16,57,30.0306
16,58,29.4331
16,59,29.2965
16,60,29.113
16,61,27.4551
16,62,28.863
16,63,28.8924
16,64,29.5285
16,65,29.9653
16,66,29.2401
16,67,29.6199
16,68,29.8043
16,69,30.2019
16,70,28.2159
16,71,30.8427
16,72,27.9763
16,73,27.2389
16,74,29.8342
16,75,31.7597
16,76,28.343
16,77,28.6641
16,78,29.9592
16,79,29.5101
16,80,29.3633
16,81,26.9875
16,82,28.9401
16,83,27.9874
16,84,28.9953
16,85,30.2191
16,86,29.0658
16,87,28.6241
16,88,28.0593
16,89,0
16,90,28.3629
16,91,28.4145
16,92,29.4199
16,93,29.0895
16,94,27.8605
16,95,28.164
16,96,25.2671
16,97,27.5987
16,98,-3.55271e-15
16,99,27.3608
17,0,7.10543e-15
17,1,30.8684
17,2,28.2007
17,3,29.9498
17,4,29.391
17,5,27.7893
17,6,29.8162
17,7,29.0875
17,8,29.5905
17,9,29.8226
17,10,26.1283
17,11,30.097
17,12,27.7473
17,13,28.5995
17,14,29.1461
17,15,31.0788
17,16,27.0355
17,17,0
17,18,27.5303
17,19,29.5516
17,20,33.7272
17,21,0
17,22,25.7001
17,23,28.9873
17,24,30.2183
17,25,28.5315
17,26,29.7749
17,27,0
17,28,27.5311
17,29,30.0302
17,30,30.986
17,31,26.866
17,32,28.8184
17,33,28.3501
17,34,29.4181
17,35,29.6539
17,36,30.2241
17,37,28.0669
17,38,30.9541
17,39,0
17,40,27.855
17,41,30.123
17,42,30.839
17,43,29.2257
17,44,28.2169
17,45,28.7627
17,46,31.2904
17,47,27.5571
17,48,27.6443
17,49,28.6374
17,50,30.508
17,51,29.0219
17,52,30.1413
17,53,32.6886
17,54,28.1276
17,55,29.471
17,56,29.5355
17,57,28.8286
17,58,27.6346
17,59,29.932
17,60,29.201
17,61,27.273
17,62,28.7445
17,63,29.4694
17,64,31.6287
17,65,29.3183
17,66,30.5899
17,67,29.7576
17,68,29.0568
17,69,28.7734
17,70,28.3385
17,71,28.5161
17,72,30.5133
17,73,29.8917
17,74,28.9093
17,75,28.1311
17,76,28.1984
17,77,28.6144
17,78,28.7998
17,79,27.599
17,80,31.0909
17,81,27.1028
17,82,26.7864
17,83,28.0541
17,84,31.3132
17,85,28.9372
17,86,28.6843
17,87,31.2612
17,88,32.3494
17,89,0
17,90,28.039
17,91,29.7928
17,92,26.5878
17,93,27.9913
17,94,26.5236
17,95,27.9669
17,96,28.707
17,97,25.8503
17,98,0
17,99,27.3537
18,0,0
18,1,30.6128
18,2,31.837
18,3,29.1012
18,4,29.7169
18,5,28.7492
18,6,23.8407
18,7,31.1681
18,8,30.5585
18,9,27.2409
18,10,28.3485
18,11,29.2704
18,12,31.7716
18,13,30.2126
18,14,30.1481
18,15,26.9131
18,16,29.6512
18,17,27.5303
18,18,0
18,19,28.1586
18,20,26.9911
18,21,0
18,22,30.9111
18,23,28.8967
18,24,28.4399
18,25,31.3733
18,26,27.899
18,27,0
18,28,30.716
18,29,26.7672
18,30,29.4184
18,31,28.5805
18,32,29.0327
18,33,32.024
18,34,26.7383
18,35,31.3339
18,36,28.7111
18,37,26.9486
18,38,29.9534
18,39,0
18,40,28.2898
18,41,29.0602
18,42,30.5292
18,43,27.9382
18,44,30.0419
18,45,29.5686
18,46,27.1192
18,47,27.3139
18,48,28.9134
18,49,29.5272
18,50,29.4472
18,51,28.5431
18,52,26.6271
18,53,26.4562
18,54,27.1317
18,55,27.6311
18,56,27.0358
18,57,29.2812
18,58,28.7875
18,59,29.7491
18,60,28.8655
18,61,31.2921
18,62,30.0916
18,63,30.1806
18,64,28.95
18,65,29.7355
18,66,29.0222
18,67,29.0633
18,68,30.8823
18,69,27.7806
18,70,29.4095
18,71,28.3422
18,72,27.3951
18,73,26.9526
18,74,31.4089
18,75,30.8068
18,76,30.9741
18,77,29.6494
18,78,29.0603
18,79,27.3608
18,80,28.049
18,81,28.328
18,82,29.127
18,83,31.4837
18,84,29.4208
18,85,29.7275
18,86,26.7047
18,87,27.2101
18,88,32.0385
18,89,0
18,90,28.1251
18,91,31.9886
18,92,29.8374
18,93,31.3836
18,94,30.1903
18,95,28.3707
18,96,29.2664
18,97,29.1755
18,98,0
18,99,27.4271
19,0,0
19,1,30.0911
19,2,29.3539
19,3,31.1345
19,4,30.9566
19,5,29.6161
19,6,28.4532
19,7,27.4256
19,8,30.3708
19,9,28.4696
19,10,29.8241
19,11,29.9085
19,12,27.0141
19,13,28.4642
19,14,29.5334
19,15,28.1836
19,16,29.2627
19,17,29.5516
19,18,28.1586
19,19,0
19,20,29.748
19,21,0
19,22,26.5365
19,23,28.1442
19,24,29.0215
19,25,29.7119
19,26,29.3831
19,27,-7.10543e-15
19,28,26.8798
19,29,30.0722
19,30,31.0616
19,31,29.8159
19,32,29.3412
19,33,28.6743
19,34,29.3127
19,35,31.2803
19,36,28.9972
19,37,28.5383
19,38,31.259
19,39,-7.10543e-15
19,40,26.4045
19,41,29.3215
19,42,29.7307
19,43,27.9019
19,44,27.1115
19,45,27.8627
19,46,29.4228
19,47,25.8356
19,48,26.091
19,49,28.9296
19,50,29.125
19,51,30.0419
19,52,30.2927
19,53,30.2531
19,54,29.6295
19,55,27.8743
19,56,26.5043
19,57,28.0617
19,58,26.9547
19,59,32.0067
19,60,27.3594
19,61,28.7061
19,62,26.6357
19,63,28.1104
19,64,30.8117
19,65,28.8318
19,66,28.5983
19,67,25.8931
19,68,28.7783
19,69,27.3848
19,70,28.9329
19,71,26.9654
19,72,29.1101
19,73,29.0955
19,74,32.0278
19,75,27.3725
19,76,27.8526
19,77,29.1826
19,78,29.4287
19,79,26.9305
19,80,27.6466
19,81,25.1089
19,82,27.6124
19,83,30.6663
19,84,29.6715
19,85,28.3578
19,86,28.4404
19,87,28.2229
19,88,31.9104
19,89,0
19,90,30.7927
19,91,30.4617
19,92,25.2697
19,93,29.3502
19,94,26.583
19,95,28.7332
19,96,29.5557
19,97,25.269
19,98,-3.55271e-15
19,99,30.4267
20,0,0
20,1,29.6602
20,2,29.5681
20,3,28.5177
20,4,30.6618
20,5,28.2728
20,6,30.9031
20,7,28.591
20,8,31.0948
20,9,27.9942
20,10,30.8308
20,11,28.804
20,12,27.6222
20,13,27.5683
20,14,27.7182
20,15,31.5972
20,16,28.2676
20,17,33.7272
20,18,26.9911
20,19,29.748
20,20,0
20,21,0
20,22,27.924
20,23,27.3528
20,24,25.2342
20,25,28.7714
20,26,29.176
20,27,-7.10543e-15
20,28,28.3269
20,29,28.1051
20,30,31.3902
20,31,28.0902
20,32,29.4354
20,33,30.5482
20,34,30.0013
20,35,31.4111
20,36,26.3692
20,37,30.2414
20,38,32.2833
20,39,-3.55271e-15
20,40,28.4111
20,41,30.3884
20,42,29.4906
20,43,30.7161
20,44,28.3664
20,45,28.5859
20,46,27.8081
20,47,28.7879
20,48,28.1004
20,49,28.2249
20,50,30.1699
20,51,30.2186
20,52,27.2629
20,53,30.6626
20,54,28.7636
20,55,28.3251
20,56,25.8984
20,57,28.7041
20,58,26.7937
20,59,28.2765
20,60,27.0953
20,61,27.7895
20,62,28.9239
20,63,29.7754
20,64,28.4369
20,65,29.6236
20,66,29.7686
20,67,27.6708
20,68,28.2445
20,69,28.9134
20,70,28.8625
20,71,27.7524
20,72,31.5157
20,73,27.9005
20,74,28.3433
20,75,29.4947
20,76,29.2836
20,77,29.6309
20,78,29.7157
20,79,28.9009
20,80,28.5159
20,81,28.3538
20,82,26.3471
20,83,30.7417
20,84,30.0129
20,85,28.216
20,86,29.3907
20,87,28.599
20,88,30.8432
20,89,-7.10543e-15
20,90,29.0345
20,91,27.8411
20,92,25.8451
20,93,28.1762
20,94,28.2158
20,95,26.6999
20,96,26.7067
20,97,24.8727
20,98,-7.10543e-15
20,99,27.5723
21,0,0
21,1,0
21,2,0
21,3,0
21,4,0
21,5,0
21,6,0
21,7,0
21,8,0
21,9,0
21,10,0
21,11,0
21,12,0
21,13,0
21,14,0
21,15,0
21,16,0
21,17,0
21,18,0
21,19,0
21,20,0
21,21,0
21,22,0
21,23,0
21,24,0
21,25,0
21,26,0
21,27,-7.10543e-15
21,28,0
21,29,0
21,30,0
21,31,0
21,32,0
21,33,0
21,34,0
21,35,0
21,36,0
21,37,0
21,38,0
21,39,0
21,40,0
21,41,0
21,42,0
21,43,0
21,44,0
21,45,0
21,46,0
21,47,0
21,48,0
21,49,0
21,50,0
21,51,0
21,52,0
21,53,0
21,54,0
21,55,0
21,56,0
21,57,0
21,58,0
21,59,0
21,60,0
21,61,0
21,62,0
21,63,0
21,64,0
21,65,0
21,66,0
21,67,0
21,68,0
21,69,0
21,70,0
21,71,0
21,72,0
21,73,0
21,74,0
21,75,0
21,76,0
21,77,0
21,78,0
21,79,0
21,80,0
21,81,0
21,82,0
21,83,0
21,84,0
21,85,0
21,86,0
21,87,0
21,88,0
21,89,-7.10543e-15
21,90,0
21,91,0
21,92,0
21,93,0
21,94,0
21,95,0
21,96,0
21,97,0
21,98,-3.55271e-15
21,99,0
22,0,0
22,1,28.0282
22,2,28.7148
22,3,28.994
22,4,29.3366
22,5,28.1812
22,6,27.8982
22,7,29.3668
22,8,27.3771
22,9,26.3157
22,10,29.3928
22,11,30.8554
22,12,29.1665
22,13,28.1951
22,14,28.8133
22,15,28.8779
22,16,30.6814
22,17,25.7001
22,18,30.9111
22,19,26.5365
22,20,27.924
22,21,0
22,22,0
22,23,27.1687
22,24,27.3538
22,25,27.8162
22,26,28.4699
22,27,-3.55271e-15
22,28,28.7293
22,29,27.5438
22,30,28.3109
22,31,29.4939
22,32,29.2332
22,33,29.1829
22,34,26.7075
22,35,32.5971
22,36,28.1515
22,37,29.9224
22,38,28.1358
22,39,0
22,40,28.2508
22,41,29.2767
22,42,29.2021
22,43,28.846
22,44,29.1032
22,45,26.5147
22,46,29.0495
22,47,26.5224
22,48,30.6349
22,49,27.4527
22,50,28.0081
22,51,29.9227
22,52,28.7158
22,53,27.1901
22,54,24.2041
22,55,29.82
22,56,26.7427
22,57,28.5208
22,58,28.014
22,59,28.3045
22,60,25.5873
22,61,31.4793
22,62,28.6312
22,63,27.2125
22,64,28.8098
22,65,25.9998
22,66,27.8013
22,67,28.2914
22,68,28.3975
22,69,27.3247
22,70,29.6809
22,71,27.2267
22,72,30.1595
22,73,26.8692
22,74,28.509
22,75,29.2792
22,76,30.2975
22,77,31.5929
22,78,29.4096
22,79,29.5437
22,80,30.541
22,81,28.3482
22,82,26.8775
22,83,29.4321
22,84,28.8255
22,85,29.8429
22,86,28.6255
22,87,27.9689
22,88,31.6365
22,89,0
22,90,28.0184
22,91,29.2532
22,92,30.1726
22,93,28.4927
22,94,28.9009
22,95,29.6624
22,96,25.5201
22,97,28.1829
22,98,0
22,99,26.2858
23,0,0
23,1,30.693
23,2,28.394
23,3,29.7868
23,4,27.8174
23,5,29.1896
23,6,26.2359
23,7,27.061
23,8,29.503
23,9,27.4523
23,10,28.0106
23,11,28.8335
23,12,29.1204
23,13,28.3399
23,14,30.2128
23,15,25.9203
23,16,28.4241
23,17,28.9873
23,18,28.8967
23,19,28.1442
23,20,27.3528
23,21,0
23,22,27.1687
23,23,0
23,24,28.3667
23,25,29.7212
23,26,30.1795
23,27,0
23,28,27.4311
23,29,28.0768
23,30,28.0363
23,31,26.1934
23,32,32.0675
23,33,27.384
23,34,27.8376
23,35,29.2679
23,36,30.8265
23,37,25.9868
23,38,31.8745
23,39,0
23,40,27.6215
23,41,27.8006
23,42,30.3808
23,43,30.1175
23,44,26.7405
23,45,28.7751
23,46,27.8119
23,47,26.8438
23,48,28.9753
23,49,29.2783
23,50,29.304
23,51,29.8744
23,52,29.0408
23,53,27.5804
23,54,30.5599
23,55,27.6168
23,56,28.196
23,57,26.4135
23,58,30.9657
23,59,29.5551
23,60,27.0751
23,61,29.6687
23,62,26.8281
23,63,29.8561
23,64,31.0777
23,65,27.6124
23,66,28.5486
23,67,26.3578
23,68,29.0325
23,69,27.1381
23,70,29.2852
23,71,26.6261
23,72,26.7118
23,73,27.9069
23,74,31.4589
23,75,27.9051
23,76,30.661
23,77,27.6466
23,78,26.9887
23,79,26.9777
23,80,28.7181
23,81,28.2666
23,82,27.2669
23,83,31.7662
23,84,28.9339
23,85,26.563
23,86,28.4775
23,87,27.3694
23,88,31.8824
23,89,0
23,90,28.2872
23,91,29.2064
23,92,26.0726
23,93,25.6989
23,94,28.3009
23,95,25.005
23,96,27.5312
23,97,25.1588
23,98,0
23,99,28.5918
24,0,0
24,1,29.6985
24,2,28.0033
24,3,29.1014
24,4,30.4567
24,5,26.2447
24,6,26.5596
24,7,27.3609
24,8,29.5777
24,9,26.4509
24,10,26.7771
24,11,28.6951
24,12,28.8195
24,13,30.1889
24,14,29.3731
24,15,25.5892
24,16,27.9993
24,17,30.2183
24,18,28.4399
24,19,29.0215
24,20,25.2342
24,21,0
24,22,27.3538
24,23,28.3667
24,24,0
24,25,27.9845
24,26,29.9323
24,27,-7.10543e-15
24,28,26.0414
24,29,28.2498
24,30,28.9274
24,31,27.9384
24,32,30.0416
24,33,27.6928
24,34,27.5455
24,35,29.0129
24,36,27.1195
24,37,28.21
24,38,29.8625
24,39,-7.10543e-15
24,40,27.2
24,41,27.7049
24,42,28.2847
24,43,29.9219
24,44,26.526
24,45,26.5873
24,46,27.6101
24,47,24.748
24,48,26.9694
24,49,28.5389
24,50,27.8266
24,51,29.6677
24,52,27.3177
24,53,25.679
24,54,27.207
24,55,28.1156
24,56,24.0805
24,57,26.9517
24,58,30.4686
24,59,29.7695
24,60,26.524
24,61,30.9185
24,62,29.1019
24,63,27.3889
24,64,31.1102
24,65,26.7596
24,66,27.9286
24,67,26.0792
24,68,27.3797
24,69,28.559
24,70,28.1915
24,71,26.927
24,72,24.1875
24,73,26.5503
24,74,31.5743
24,75,28.9486
24,76,28.1152
24,77,28.0782
24,78,26.6375
24,79,26.6303
24,80,29.0987
24,81,28.9986
24,82,26.2502
24,83,30.3946
24,84,29.2597
24,85,26.2865
24,86,26.0756
24,87,27.9633
24,88,28.5827
24,89,0
24,90,28.9567
24,91,29.9911
24,92,25.2172
24,93,27.9705
24,94,31.3367
24,95,28.4235
24,96,29.4355
24,97,25.4005
24,98,-3.55271e-15
24,99,28.2487
25,0,0
25,1,29.0996
25,2,30.4359
25,3,30.3177
25,4,31.9618
25,5,29.6193
25,6,27.2912
25,7,30.7344
25,8,30.3118
25,9,28.6103
25,10,29.5199
25,11,29.3209
25,12,28.8226
25,13,29.3215
25,14,29.0673
25,15,29.0893
25,16,29.0785
25,17,28.5315
25,18,31.3733
25,19,29.7119
25,20,28.7714
25,21,0
25,22,27.8162
25,23,29.7212
25,24,27.9845
25,25,0
25,26,29.4569
25,27,0
25,28,29.5067
25,29,28.5073
25,30,29.282
25,31,28.9733
25,32,30.1793
25,33,30.5954
25,34,29.1112
25,35,32.8291
25,36,28.4705
25,37,29.8419
25,38,30.8373
25,39,0
25,40,29.0533
25,41,29.7432
25,42,31.3237
25,43,32.1935
25,44,29.7935
25,45,29.4305
25,46,29.2722
25,47,27.9758
25,48,28.3159
25,49,28.8021
25,50,29.0091
25,51,29.8924
25,52,28.7024
25,53,28.9466
25,54,28.1122
25,55,30.7739
25,56,29.5237
25,57,28.591
25,58,27.4365
25,59,29.2337
25,60,27.1335
25,61,30.9562
25,62,29.4168
25,63,30.0675
25,64,30.9698
25,65,29.1218
25,66,29.532
25,67,28.7675
25,68,28.803
25,69,28.7187
25,70,30.3747
25,71,29.2464
25,72,29.5637
25,73,28.9176
25,74,31.635
25,75,30.132
25,76,29.8205
25,77,29.0626
25,78,29.16
25,79,27.6223
25,80,30.8437
25,81,28.6029
25,82,30.2357
25,83,31.3518
25,84,31.1323
25,85,28.8589
25,86,29.0738
25,87,28.7604
25,88,32.306
25,89,0
25,90,29.5602
25,91,30.1026
25,92,28.8046
25,93,31.7526
25,94,31.6793
25,95,28.1876
25,96,27.993
25,97,26.4638
25,98,0
25,99,28.8369
26,0,-7.10543e-15
26,1,29.9854
26,2,27.1577
26,3,32.1123
26,4,30.4533
26,5,27.4211
26,6,25.4717
26,7,28.6705
26,8,29.9693
26,9,27.6101
26,10,29.7215
26,11,28.9164
26,12,30.0322
26,13,28.5104
26,14,29.6612
26,15,29.2935
26,16,26.9546
26,17,29.7749
26,18,27.899
26,19,29.3831
26,20,29.176
26,21,0
26,22,28.4699
26,23,30.1795
26,24,29.9323
26,25,29.4569
26,26,0
26,27,0
26,28,28.0813
26,29,28.72
26,30,27.5583
26,31,29.9191
26,32,29.982
26,33,29.5156
26,34,27.5899
26,35,30.4691
26,36,29.1021
26,37,26.3909
26,38,29.9528
26,39,-3.55271e-15
26,40,26.4147
26,41,24.513
26,42,28.9439
26,43,28.6584
26,44,27.5232
26,45,27.9753
26,46,29.9572
26,47,28.3446
26,48,27.998
26,49,27.8576
26,50,29.2668
26,51,28.2954
26,52,30.2841
26,53,31.2011
26,54,30.8502
26,55,28.462
26,56,26.114
26,57,26.7955
26,58,27.9505
26,59,29.9652
26,60,25.3444
26,61,29.3574
26,62,28.267
26,63,27.7718
26,64,28.519
26,65,28.6158
26,66,28.8859
26,67,27.0244
26,68,27.4432
26,69,27.323
26,70,28.1323
26,71,29.2313
26,72,28.6234
26,73,27.9608
26,74,31.4749
26,75,28.428
26,76,30.0959
26,77,28.7755
26,78,28.2889
26,79,27.0129
26,80,28.4896
26,81,25.1427
26,82,26.7062
26,83,30.7241
26,84,30.5766
26,85,27.1205
26,86,28.647
26,87,27.9599
26,88,31.5076
26,89,-3.55271e-15
26,90,29.1879
26,91,30.8643
26,92,27.6266
26,93,27.8075
26,94,27.8794
26,95,29.0507
26,96,28.9644
26,97,26.6722
26,98,-7.10543e-15
26,99,27.9094
27,0,0
27,1,-7.10543e-15
27,2,0
27,3,0
27,4,0
27,5,-3.55271e-15
27,6,-3.55271e-15
27,7,0
27,8,0
27,9,-3.55271e-15
27,10,-7.10543e-15
27,11,-7.10543e-15
27,12,-3.55271e-15
27,13,-7.10543e-15
27,14,-3.55271e-15
27,15,0
27,16,-3.55271e-15
27,17,0
27,18,0
27,19,-7.10543e-15
27,20,-7.10543e-15
27,21,-7.10543e-15
27,22,-3.55271e-15
27,23,0
27,24,-7.10543e-15
27,25,0
27,26,0
27,27,0
27,28,-7.10543e-15
27,29,-7.10543e-15
27,30,-7.10543e-15
27,31,-1.06581e-14
27,32,0
27,33,-3.55271e-15
27,34,-7.10543e-15
27,35,-7.10543e-15
27,36,0
27,37,-3.55271e-15
27,38,-7.10543e-15
27,39,0
27,40,-3.55271e-15
27,41,0
27,42,0
27,43,0
27,44,3.55271e-15
27,45,-3.55271e-15
27,46,-7.10543e-15
27,47,3.55271e-15
27,48,-3.55271e-15
27,49,0
27,50,0
27,51,0
27,52,0
27,53,-7.10543e-15
27,54,0
27,55,-3.55271e-15
27,56,-7.10543e-15
27,57,-7.10543e-15
27,58,-7.10543e-15
27,59,0
27,60,-3.55271e-15
27,61,0
27,62,0
27,63,0
27,64,0
27,65,-3.55271e-15
27,66,0
27,67,0
27,68,0
27,69,0
27,70,-3.55271e-15
27,71,0
27,72,0
27,73,-3.55271e-15
27,74,-7.10543e-15
27,75,0
27,76,-7.10543e-15
27,77,-3.55271e-15
27,78,0
27,79,0
27,80,-3.55271e-15
27,81,-3.55271e-15
27,82,0
27,83,0
27,84,0
27,85,-3.55271e-15
27,86,-3.55271e-15
27,87,0
27,88,-7.10543e-15
27,89,0
27,90,-3.55271e-15
27,91,0
27,92,-3.55271e-15
27,93,0
27,94,-3.55271e-15
27,95,-7.10543e-15
27,96,0
27,97,0
27,98,3.55271e-15
27,99,-7.10543e-15
28,0,-7.10543e-15
28,1,29.1902
28,2,29.5606
28,3,28.2525
28,4,28.8905
28,5,28.6807
28,6,29.1635
28,7,30.9606
28,8,28.3127
28,9,29.4656
28,10,28.1537
28,11,29.8219
28,12,28.456
28,13,27.7442
28,14,28.8874
28,15,26.4422
28,16,30.3739
28,17,27.5311
28,18,30.716
28,19,26.8798
28,20,28.3269
28,21,0
28,22,28.7293
28,23,27.4311
28,24,26.0414
28,25,29.5067
28,26,28.0813
28,27,-7.10543e-15
28,28,0
28,29,24.0914
28,30,29.6482
28,31,29.5874
28,32,27.7042
28,33,30.9765
28,34,25.6753
28,35,29.747
28,36,28.9105
28,37,29.084
28,38,27.8258
28,39,-7.10543e-15
28,40,29.698
28,41,28.6009
28,42,28.2411
28,43,28.1661
28,44,29.4504
28,45,27.1785
28,46,26.2444
28,47,27.6203
28,48,30.4944
28,49,28.6046
28,50,28.994
28,51,28.8021
28,52,26.3306
28,53,27.7656
28,54,23.8084
28,55,29.3699
28,56,31.4337
28,57,28.6172
28,58,27.0316
28,59,27.4134
28,60,28.6435
28,61,28.0659
28,62,30.643
28,63,26.6383
28,64,28.6293
28,65,28.8372
28,66,29.0617
28,67,28.0039
28,68,29.8534
28,69,28.1803
28,70,27.6793
28,71,29.8006
28,72,28.2509
28,73,24.785
28,74,29.4823
28,75,30.3806
28,76,29.8842
28,77,30.1125
28,78,26.6146
28,79,28.5469
28,80,28.1948
28,81,26.4068
28,82,29.057
28,83,27.7321
28,84,28.9556
28,85,27.9903
28,86,28.3306
28,87,27.5252
28,88,28.7371
28,89,-7.10543e-15
28,90,26.7712
28,91,27.9832
28,92,28.6588
28,93,30.443
28,94,28.6986
28,95,27.8419
28,96,25.0613
28,97,28.2504
28,98,0
28,99,24.4391
29,0,0
29,1,26.7918
29,2,29.1965
29,3,30.5201
29,4,29.1223
29,5,29.5073
29,6,29.8278
29,7,29.4879
29,8,29.8372
29,9,29.272
29,10,27.9087
29,11,29.112
29,12,26.8697
29,13,27.5241
29,14,28.5588
29,15,29.3453
29,16,26.456
29,17,30.0302
29,18,26.7672
29,19,30.0722
29,20,28.1051
29,21,0
29,22,27.5438
29,23,28.0768
29,24,28.2498
29,25,28.5073
29,26,28.72
29,27,-7.10543e-15
29,28,24.0914
29,29,0
29,30,30.1572
29,31,29.2872
29,32,29.3738
29,33,28.2687
29,34,28.0086
29,35,29.8277
29,36,26.4912
29,37,28.7233
29,38,30.4411
29,39,-3.55271e-15
29,40,25.5025
29,41,26.6185
29,42,27.5072
29,43,28.2826
29,44,26.4287
29,45,25.6932
29,46,29.2521
29,47,25.8991
29,48,25.0021
29,49,28.6192
29,50,27.9335
29,51,28.2173
29,52,27.2575
29,53,28.5105
29,54,31.1467
29,55,25.3838
29,56,26.0092
29,57,27.4606
29,58,27.1207
29,59,30.2192
29,60,26.3286
29,61,26.7647
29,62,27.0697
29,63,27.2586
29,64,27.4121
29,65,27.2682
29,66,29.6489
29,67,26.8385
29,68,25.6821
29,69,29.3725
29,70,27.6433
29,71,26.5973
29,72,28.7813
29,73,28.6514
29,74,28.6835
29,75,26.5882
29,76,27.9312
29,77,27.4926
29,78,28.7897
29,79,26.7424
29,80,27.8398
29,81,27.2272
29,82,27.9395
29,83,26.8849
29,84,29.5101
29,85,26.6319
29,86,28.912
29,87,26.9528
29,88,31.425
29,89,0
29,90,29.4157
29,91,29.3755
29,92,24.4293
29,93,27.9902
29,94,25.6555
29,95,27.5829
29,96,26.9954
29,97,26.2434
29,98,0
29,99,28.5005
30,0,0
30,1,28.8396
30,2,31.8015
30,3,31.4354
30,4,32.4356
30,5,27.1857
30,6,29.718
30,7,29.6996
30,8,31.114
30,9,28.0323
30,10,29.5612
30,11,31.994
30,12,28.5264
30,13,28.181
30,14,29.5436
30,15,29.9497
30,16,28.7061
30,17,30.986
30,18,29.4184
30,19,31.0616
30,20,31.3902
30,21,0
30,22,28.3109
30,23,28.0363
30,24,28.9274
30,25,29.282
30,26,27.5583
30,27,-7.10543e-15
30,28,29.6482
30,29,30.1572
30,30,0
30,31,30.4561
30,32,29.2226
30,33,29.733
30,34,29.2819
30,35,33.1012
30,36,29.5534
30,37,27.7708
30,38,30.6882
30,39,0
30,40,28.9132
30,41,27.7711
30,42,30.8615
30,43,30.908
30,44,28.9868
30,45,30.4744
30,46,30.9071
30,47,29.1083
30,48,28.4023
30,49,29.5389
30,50,32.6141
30,51,32.7375
30,52,29.7192
30,53,31.714
30,54,31.2523
30,55,29.9412
30,56,27.9366
30,57,28.1032
30,58,25.6491
30,59,31.4689
30,60,26.6686
30,61,29.9265
30,62,28.2051
30,63,29.6236
30,64,28.3086
30,65,30.3735
30,66,30.4236
30,67,27.1094
30,68,28.9086
30,69,29.141
30,70,29.4406
30,71,27.7455
30,72,31.889
30,73,29.1372
30,74,31.826
30,75,29.5764
30,76,30.005
30,77,28.8498
30,78,29.1645
30,79,28.479
30,80,28.8104
30,81,26.759
30,82,27.1779
30,83,29.9217
30,84,30.9129
30,85,28.2048
30,86,30.535
30,87,27.4192
30,88,29.5007
