,0,89,98,27,39,21,80,78,67,60,26,81,41,44,43,72,73,63,52,55,92,70,10,93,85,13,94,42,49,25,22,45,28,34,90,1,96,91,56,16,61,38,77,14,12,7,57,6,18,86,65,75,31,99,29,83,84,71,95,11,47,48,76,88,30,58,15,69,19,62,23,53,50,33,68,54,51,79,97,40,46,20,24,5,9,66,37,87,4,35,8,64,82,17,74,3,2,32,36,59
0,0,29.306,31.541,32.757,32.017,31.359,31.938,30.896,33.648,33.190,32.382,32.478,32.248,31.070,31.987,32.859,34.127,32.419,33.603,32.463,31.170,33.886,33.429,32.880,31.572,32.484,31.903,33.038,31.193,32.117,30.596,31.437,32.322,33.446,32.381,30.082,32.016,31.624,32.213,31.271,32.072,32.763,31.421,32.246,32.242,31.737,31.661,33.594,32.049,33.167,34.120,32.561,32.993,34.015,33.639,31.767,33.916,33.875,33.100,33.226,34.261,31.709,31.006,32.826,31.868,30.247,31.639,31.803,32.909,33.317,31.387,31.811,33.298,33.403,33.122,33.548,31.515,32.821,32.561,30.724,34.309,32.714,31.265,33.528,34.505,32.536,30.740,33.727,32.005,32.382,32.455,32.040,35.059,33.479,32.295,31.405,32.833,31.381,32.467,34.851
89,29.306,0,30.125,33.368,31.351,32.837,33.232,33.508,32.566,30.788,31.652,30.407,32.462,30.387,31.574,32.697,31.253,30.573,31.511,33.727,31.243,32.054,32.985,32.500,32.105,30.980,31.769,32.178,31.099,32.122,32.720,31.287,32.737,32.213,32.963,30.857,32.854,32.390,30.467,32.425,33.566,32.073,33.158,31.176,31.662,32.522,31.453,34.726,32.431,32.828,33.921,32.571,32.813,32.942,33.624,31.128,32.404,33.172,34.369,34.155,32.075,31.663,31.730,32.190,32.345,30.915,32.522,34.098,32.874,32.431,30.370,30.883,34.084,33.825,32.130,31.553,32.307,32.799,33.611,31.741,32.987,33.056,32.839,33.500,31.692,32.963,33.434,31.713,32.513,32.750,31.805,30.711,32.131,32.000,32.063,31.973,33.534,32.925,31.199,33.067
98,31.541,30.125,0,28.385,29.735,30.311,30.373,31.526,30.192,30.909,30.829,29.069,32.497,30.285,31.191,32.209,31.235,30.311,30.083,30.774,30.381,30.236,31.231,31.576,30.774,30.065,29.623,33.042,30.655,31.156,30.026,31.083,31.587,31.439,30.329,31.221,29.120,30.009,31.226,31.009,30.756,31.351,30.375,29.396,29.252,31.894,32.809,32.564,30.599,30.918,31.554,31.051,30.343,31.619,32.875,30.959,32.143,32.147,30.488,31.863,30.282,31.307,31.476,31.462,31.569,30.223,33.435,32.769,31.920,30.510,30.593,32.802,31.862,31.355,31.180,31.279,31.218,33.959,29.413,31.960,33.158,33.638,29.740,30.036,30.335,33.030,32.422,33.599,31.416,32.103,31.102,31.243,30.899,33.397,30.949,31.556,31.349,32.260,31.577,31.276
27,32.757,33.368,28.385,0,29.533,30.120,31.527,32.193,30.077,31.697,33.380,31.665,31.595,30.897,32.734,32.159,31.579,30.966,32.362,30.581,30.255,30.491,31.422,32.226,30.012,31.557,31.744,33.132,32.089,32.221,30.828,30.161,30.532,32.037,31.903,32.935,33.669,32.478,30.313,30.175,32.493,32.365,31.272,31.554,30.369,31.735,32.181,31.944,31.958,31.055,30.964,30.818,31.292,33.520,34.905,32.554,33.492,30.876,30.854,32.967,30.503,31.281,32.233,33.310,32.399,33.255,32.483,33.616,33.484,31.690,33.683,33.215,32.217,31.484,31.309,34.546,32.423,31.281,30.880,31.125,33.852,33.156,33.514,31.945,31.237,33.060,31.459,33.437,32.374,31.867,31.971,33.334,32.531,33.782,33.006,33.831,31.889,34.668,33.414,33.400
39,32.017,31.351,29.735,29.533,0,30.349,30.997,31.619,31.540,32.901,31.664,31.840,32.954,31.307,31.954,31.223,30.639,31.876,31.412,31.905,33.039,32.601,31.615,34.200,31.336,31.149,32.097,33.869,33.034,32.451,32.004,31.334,33.437,30.769,30.509,32.390,31.732,32.245,33.009,32.249,33.259,31.270,32.069,31.876,32.041,32.639,33.859,30.967,33.252,31.267,32.390,32.536,31.112,30.579,31.362,32.156,33.185,32.403,30.992,32.355,30.659,33.465,33.376,32.128,30.909,32.855,31.130,32.415,31.410,32.885,31.873,31.485,31.763,32.645,33.601,30.946,31.290,32.357,35.118,33.074,32.267,31.799,32.279,32.239,31.162,32.857,31.982,34.175,32.116,32.245,30.921,31.911,34.141,31.951,32.598,31.815,32.440,33.585,34.189,33.078
21,31.359,32.837,30.311,30.120,30.349,0,48.739,49.113,48.732,49.292,49.406,48.275,49.747,47.871,49.289,49.609,49.052,48.437,49.146,49.018,48.285,49.101,49.470,50.198,48.184,48.469,48.645,50.724,48.909,49.407,48.224,48.114,49.370,49.323,48.777,48.742,49.086,49.021,48.615,48.484,49.799,49.344,48.789,48.451,48.184,49.445,49.825,50.050,49.409,49.089,49.937,49.172,48.922,49.977,50.893,49.082,50.732,49.863,49.031,50.418,48.692,49.180,49.301,49.907,49.103,48.736,49.535,50.397,50.007,49.563,48.926,49.448,50.043,49.923,49.670,49.857,49.026,49.983,49.405,48.909,51.031,50.384,49.167,49.578,49.049,50.464,49.132,51.081,49.467,49.661,48.941,49.278,50.549,50.554,49.647,49.525,49.794,50.535,50.156,50.806
80,31.938,33.232,30.373,31.527,30.997,48.739,0,2.275,3.643,5.124,3.474,4.542,4.011,3.692,3.216,2.846,4.898,4.287,3.922,2.108,4.746,4.606,2.415,4.502,2.818,3.352,2.815,4.982,4.313,2.790,2.537,3.631,4.377,3.221,1.203,4.728,3.839,2.498,5.835,3.385,2.680,2.715,1.775,3.453,3.462,3.155,5.687,3.010,3.320,2.271,3.304,3.107,1.770,3.847,4.370,3.675,4.201,3.939,2.078,1.765,4.341,4.574,4.361,3.179,2.352,4.987,4.471,3.125,2.864,3.427,4.977,5.180,1.731,2.432,4.529,5.279,2.110,5.416,6.243,4.782,4.326,4.145,3.510,2.433,4.729,3.630,3.551,6.179,2.255,2.786,2.640,4.528,5.950,5.054,3.159,3.737,1.814,4.650,5.584,4.189
78,30.896,33.508,31.526,32.193,31.619,49.113,2.275,0,5.400,6.010,4.145,5.837,3.783,4.131,3.529,3.404,6.312,5.278,5.529,3.235,4.935,6.108,3.952,4.814,3.410,4.667,3.902,4.833,4.280,3.185,2.454,3.960,4.588,4.531,3.074,3.871,4.734,3.116,6.244,3.407,2.924,3.679,2.215,4.747,4.839,2.789,5.097,3.759,3.753,3.917,4.717,3.916,3.778,5.096,4.636,3.945,4.923,4.913,3.855,2.611,6.225,4.564,3.760,3.816,2.543,4.569,3.601,1.570,3.406,4.723,5.118,4.821,2.886,3.664,5.258,6.135,2.100,5.105,6.842,4.017,4.912,3.648,3.711,4.336,6.534,3.093,1.974,6.188,2.430,2.877,3.635,4.796,7.258,5.176,3.641,3.306,2.809,3.593,5.662,5.653
67,33.648,32.566,30.192,30.077,31.540,48.732,3.643,5.400,0,3.672,4.910,3.915,4.100,3.860,4.438,3.798,3.485,3.056,3.457,2.754,4.210,1.681,1.958,4.101,2.826,3.092,3.564,4.991,4.918,3.737,4.427,3.332,3.603,3.285,3.734,6.468,6.134,4.479,4.261,3.646,4.484,3.599,3.872,3.312,2.371,4.106,5.761,4.379,3.902,1.817,1.694,2.393,2.167,4.941,6.441,4.548,4.131,2.191,3.231,3.977,1.886,4.325,5.327,4.387,4.501,6.673,6.021,6.039,4.813,2.439,6.294,6.170,3.432,2.336,3.131,6.353,4.553,5.161,5.721,5.298,4.765,5.512,6.136,2.751,2.509,4.863,5.585,5.612,3.986,3.607,3.496,5.428,3.946,5.621,4.388,6.075,2.982,7.009,5.690,3.593
60,33.190,30.788,30.909,31.697,32.901,49.292,5.124,6.010,3.672,0,3.841,2.386,3.493,2.582,3.162,4.259,3.606,1.194,3.071,4.927,3.268,2.564,3.637,2.590,3.931,2.420,3.163,2.851,2.949,2.904,5.088,3.358,3.734,3.896,5.102,4.687,6.184,4.202,2.333,4.241,4.665,3.479,4.813,2.517,2.928,3.722,3.677,6.441,3.218,3.808,4.306,3.064,4.023,5.467,6.392,2.762,2.491,3.680,6.040,4.901,4.023,2.865,3.740,3.431,4.627,4.850,5.862,6.177,4.769,2.345,4.243,4.555,5.004,4.070,2.021,5.435,4.472,5.191,5.954,4.281,4.226,5.297,5.876,4.280,3.381,4.130,6.107,2.944,3.696,3.664,3.514,3.359,2.417,4.404,3.180,5.017,4.033,5.688,2.714,3.272
26,32.382,31.652,30.829,33.380,31.664,49.406,3.474,4.145,4.910,3.841,0,3.046,4.385,3.080,1.383,3.184,4.069,3.455,2.433,4.866,5.136,4.952,3.570,4.217,4.475,2.227,2.610,3.807,3.341,2.371,4.508,4.320,5.460,2.947,2.977,3.338,3.344,2.459,5.465,4.990,3.751,1.933,4.022,2.654,4.131,3.760,5.013,5.209,3.496,3.714,5.054,4.213,3.306,3.027,3.240,1.777,2.389,5.018,5.176,3.189,4.817,4.542,3.921,0.993,2.439,3.414,4.640,3.939,1.932,3.481,1.913,3.372,3.766,4.264,4.525,2.544,2.204,6.016,7.288,5.134,3.007,3.998,3.234,3.654,4.344,3.346,5.302,4.570,2.350,3.452,2.134,1.528,4.894,3.305,1.558,1.862,3.516,3.430,3.621,3.072
81,32.478,30.407,29.069,31.665,31.840,48.275,4.542,5.837,3.915,2.386,3.046,0,4.844,2.891,3.084,4.724,4.007,2.135,2.082,5.016,4.089,3.223,3.915,3.657,4.466,1.884,2.171,4.431,3.177,3.125,4.789,4.284,4.924,3.994,4.321,4.635,4.447,3.245,4.205,4.903,4.295,3.479,4.512,1.191,2.543,4.501,5.241,6.627,3.238,3.957,4.890,3.834,3.613,4.933,6.049,2.761,3.180,4.887,5.656,4.772,4.065,4.018,4.315,3.205,4.539,4.158,6.578,6.208,4.504,2.498,3.453,5.217,5.058,4.402,3.400,4.572,4.220,6.768,5.830,5.357,4.822,6.058,4.541,3.501,3.364,4.997,6.596,4.891,3.786,4.443,3.478,3.183,3.055,5.199,2.797,4.561,4.180,5.480,3.396,3.026
41,32.248,32.462,32.497,31.595,32.954,49.747,4.011,3.783,4.100,3.493,4.385,4.844,0,2.686,3.073,2.930,4.840,3.162,4.874,3.405,2.821,4.081,3.145,2.580,2.222,3.740,3.761,2.063,3.039,2.297,3.556,1.818,2.058,3.943,4.535,3.920,6.589,4.045,3.006,2.065,3.723,3.285,3.365,4.052,3.795,1.140,2.165,4.655,2.946,3.294,3.543,2.027,3.855,5.646,5.807,3.073,3.372,2.659,4.974,3.649,5.060,2.025,2.506,3.598,3.377,4.935,3.495,3.954,4.161,3.326,5.105,3.844,3.568,3.002,2.638,6.444,3.250,2.578,6.117,1.868,3.994,3.245,5.695,4.581,5.161,1.921,3.016,3.165,2.440,1.408,3.265,4.131,5.156,4.000,3.391,4.389,2.722,4.645,3.871,4.751
44,31.070,30.387,30.285,30.897,31.307,47.871,3.692,4.131,3.860,2.582,3.080,2.891,2.686,0,2.018,3.200,3.990,1.672,3.459,3.966,2.712,3.713,3.236,3.090,2.503,2.011,2.443,3.037,2.105,1.892,3.448,1.852,3.420,3.398,3.855,3.032,5.332,3.102,2.926,2.922,3.815,2.599,3.401,2.359,2.787,2.394,3.206,5.413,2.717,3.221,4.317,2.607,3.341,4.968,5.550,1.707,3.180,3.764,5.122,4.072,4.386,2.466,2.609,2.846,3.001,3.683,4.243,4.643,3.780,2.908,3.418,3.419,4.117,3.726,2.931,5.139,2.734,4.455,6.180,2.970,4.176,4.135,4.716,4.138,4.239,3.149,4.258,3.830,2.343,2.536,2.395,2.698,4.662,4.013,2.518,3.589,3.258,4.548,3.282,4.277
43,31.987,31.574,31.191,32.734,31.954,49.289,3.216,3.529,4.438,3.162,1.383,3.084,3.073,2.018,0,2.583,4.007,2.703,2.894,4.173,4.000,4.411,3.077,3.235,3.439,2.012,2.266,2.683,2.344,1.260,3.721,3.143,4.282,2.851,3.112,2.564,4.170,2.280,4.348,3.828,3.230,1.614,3.337,2.456,3.567,2.486,3.702,4.886,2.673,3.231,4.452,3.211,3.102,3.723,3.851,0.722,2.042,4.164,4.948,2.938,4.695,3.314,2.736,1.014,1.996,3.110,3.828,3.451,2.178,2.953,2.290,2.755,3.397,3.610,3.573,3.704,1.636,4.871,6.682,3.780,2.911,3.299,3.597,3.662,4.367,2.267,4.269,3.653,1.372,2.326,1.735,1.460,4.687,2.979,1.086,1.921,2.834,3.131,2.949,3.344
72,32.859,32.697,32.209,32.159,31.223,49.609,2.846,3.404,3.798,4.259,3.184,4.724,2.930,3.200,2.583,0,3.250,3.612,3.623,3.465,4.967,4.534,1.992,4.408,2.874,2.921,3.835,3.529,4.385,2.653,4.298,2.816,4.354,1.590,2.620,4.570,5.566,3.906,4.956,3.756,4.246,1.405,3.672,3.980,4.331,2.755,4.599,2.703,4.072,2.121,3.315,3.169,2.525,2.989,3.427,3.139,3.015,2.905,3.811,2.444,3.804,4.367,4.325,2.489,1.457,5.517,2.555,3.307,1.974,3.708,4.625,3.137,2.009,3.041,4.270,4.446,2.117,3.407,7.715,4.387,2.115,1.852,5.220,3.895,4.016,2.167,3.660,4.325,2.152,1.738,1.387,3.556,5.597,2.567,3.244,3.498,2.559,4.846,5.082,3.906
73,34.127,31.253,31.235,31.579,30.639,49.052,4.898,6.312,3.485,3.606,4.069,4.007,4.840,3.990,4.007,3.250,0,3.200,2.617,5.237,5.890,3.801,3.055,5.373,4.487,2.667,4.659,4.766,5.522,4.283,6.337,4.118,5.663,1.940,4.226,6.330,6.580,5.409,4.946,5.569,6.138,2.840,5.750,4.030,4.545,5.020,6.004,4.949,5.392,3.128,4.133,4.381,3.434,3.358,5.033,4.219,3.447,3.643,5.288,4.782,2.132,5.538,6.070,3.735,4.084,6.863,5.274,6.368,3.956,4.014,5.266,4.484,4.356,4.538,4.666,4.240,4.569,5.149,8.481,6.271,3.087,4.623,6.819,4.574,1.757,4.764,6.617,4.748,4.417,4.194,2.785,4.162,4.482,3.559,4.520,5.438,4.560,7.038,5.649,3.511
63,32.419,30.573,30.311,30.966,31.876,48.437,4.287,5.278,3.056,1.194,3.455,2.135,3.162,1.672,2.703,3.612,3.200,0,2.730,4.201,2.941,2.406,2.985,2.821,3.038,1.637,2.602,3.120,2.763,2.429,4.350,2.500,3.446,3.260,4.278,4.333,5.723,3.685,2.400,3.559,4.279,2.847,4.100,1.980,2.298,3.221,3.750,5.741,2.942,3.047,3.843,2.512,3.244,4.973,5.996,2.385,2.703,3.281,5.256,4.404,3.453,2.738,3.526,3.106,3.888,4.620,5.263,5.659,4.260,2.133,4.032,4.229,4.379,3.583,2.161,5.185,3.756,4.823,5.924,3.918,4.081,4.847,5.417,3.808,3.053,3.833,5.421,3.529,3.117,3.106,2.754,3.155,3.184,4.242,2.893,4.584,3.478,5.507,3.226,3.395
52,33.603,31.511,30.083,32.362,31.412,49.146,3.922,5.529,3.457,3.071,2.433,2.082,4.874,3.459,2.894,3.623,2.617,2.730,0,4.715,5.205,3.405,2.924,4.354,4.455,1.476,2.799,4.504,4.246,3.188,5.211,4.392,5.386,2.444,3.259,5.241,4.285,3.518,5.071,5.243,4.536,2.373,4.607,2.123,3.320,4.575,5.830,5.320,3.931,3.033,4.176,3.945,2.656,3.051,4.555,3.039,2.529,4.292,4.794,3.840,2.911,4.881,5.087,2.435,3.696,5.136,5.863,5.640,3.247,2.697,3.751,4.755,3.977,3.927,4.026,3.246,3.719,6.302,6.980,5.970,3.377,5.116,4.711,2.940,2.152,4.546,6.435,4.920,3.490,4.042,2.477,3.100,3.418,4.144,2.853,4.235,3.722,5.606,4.367,1.856
55,32.463,33.727,30.774,30.581,31.905,49.018,2.108,3.235,2.754,4.927,4.866,5.016,3.405,3.966,4.173,3.465,5.237,4.201,4.715,0,3.905,3.735,2.298,3.919,1.981,3.997,3.369,4.887,4.502,3.195,2.432,3.149,2.956,3.968,3.022,5.574,5.470,3.546,5.042,2.263,2.900,3.691,1.813,3.908,2.977,2.914,5.322,3.298,3.173,2.144,2.027,2.049,2.277,5.265,5.974,4.429,4.615,2.818,1.951,2.676,4.195,3.930,4.378,4.283,3.689,5.907,5.054,4.164,4.343,3.093,6.252,6.033,2.237,1.355,3.659,6.838,3.494,4.767,5.179,4.242,5.052,4.757,4.973,2.700,4.797,3.942,3.451,6.051,3.012,2.709,3.605,5.584,5.594,5.821,4.028,5.238,1.618,5.708,5.792,4.592
92,31.170,31.243,30.381,30.255,33.039,48.285,4.746,4.935,4.210,3.268,5.136,4.089,2.821,2.712,4.000,4.967,5.890,2.941,5.205,3.905,0,3.596,4.309,2.202,2.864,4.027,3.247,3.633,2.370,3.046,3.175,2.724,1.850,5.395,5.427,4.225,6.506,3.946,2.292,2.184,3.678,4.667,3.470,3.453,2.656,2.762,2.981,6.527,2.369,4.308,4.446,2.368,4.532,7.087,7.610,3.590,4.506,4.038,5.681,5.041,5.583,1.174,2.449,4.709,4.988,4.462,5.866,5.662,5.762,3.113,5.393,5.605,5.131,3.801,2.086,7.476,4.505,5.011,4.145,2.275,6.004,5.776,5.605,4.669,5.574,4.258,4.555,4.531,3.673,3.496,4.564,4.880,4.722,6.081,3.858,5.460,3.725,5.429,3.624,5.321
70,33.886,32.054,30.236,30.491,32.601,49.101,4.606,6.108,1.681,2.564,4.952,3.223,4.081,3.713,4.411,4.534,3.801,2.406,3.405,3.735,3.596,0,2.892,3.271,3.470,3.075,3.402,4.475,4.339,3.675,4.809,3.609,3.357,4.004,4.728,6.268,6.367,4.544,3.341,3.924,4.566,4.041,4.386,2.917,2.029,4.230,5.214,5.710,3.521,2.934,2.723,2.488,3.187,5.668,7.048,4.289,3.743,2.752,4.636,4.666,2.758,3.698,4.935,4.445,5.155,6.286,6.642,6.614,5.357,1.888,6.005,6.241,4.445,2.998,2.131,6.520,5.053,5.545,5.055,5.102,5.041,6.062,6.284,3.225,2.671,5.038,6.228,4.899,4.258,3.985,4.015,5.177,2.539,5.770,4.204,6.242,3.546,6.928,4.746,3.312
10,33.429,32.985,31.231,31.422,31.615,49.470,2.415,3.952,1.958,3.637,3.570,3.915,3.145,3.236,3.077,1.992,3.055,2.985,2.924,2.298,4.309,2.892,0,3.723,2.346,2.441,3.033,3.932,4.264,2.548,3.817,2.791,3.574,1.859,2.380,5.299,5.235,3.517,4.494,3.271,3.619,1.972,3.058,3.077,2.908,2.959,5.003,2.961,3.346,0.432,1.633,2.085,1.112,3.484,4.625,3.441,2.967,1.896,2.695,2.284,2.487,3.985,4.467,2.884,2.750,5.751,4.386,4.288,2.994,2.328,5.180,4.705,1.718,1.584,3.245,5.076,2.930,4.224,6.332,4.615,3.114,3.723,5.092,2.364,2.865,3.226,4.338,4.761,2.464,2.131,1.961,4.223,4.370,4.052,3.200,4.487,1.690,5.539,5.025,2.946
93,32.880,32.500,31.576,32.226,34.200,50.198,4.502,4.814,4.101,2.590,4.217,3.657,2.580,3.090,3.235,4.408,5.373,2.821,4.354,3.919,2.202,3.271,3.723,0,3.473,3.596,2.781,2.413,2.089,2.243,3.651,3.391,2.292,4.760,5.001,4.087,5.781,3.336,2.935,3.039,2.929,3.948,3.466,3.009,2.823,2.521,2.867,6.076,1.576,3.930,3.942,2.240,4.089,6.165,6.537,2.921,2.954,3.658,5.481,4.050,5.275,1.447,2.268,3.598,4.543,4.145,5.683,5.002,4.832,2.117,4.733,5.142,4.427,3.134,1.301,6.471,4.070,5.014,4.278,3.001,4.783,5.146,4.978,3.852,5.003,3.380,4.816,3.410,2.994,2.998,4.059,4.098,3.460,5.148,2.775,4.731,3.007,4.499,2.427,3.813
85,31.572,32.105,30.774,30.012,31.336,48.184,2.818,3.410,2.826,3.931,4.475,4.466,2.222,2.503,3.439,2.874,4.487,3.038,4.455,1.981,2.864,3.470,2.346,3.473,0,3.259,3.230,3.911,3.626,2.605,2.625,1.231,2.283,3.513,3.462,4.623,6.014,3.693,3.579,1.290,3.542,3.144,2.428,3.524,2.767,2.008,3.994,3.905,3.035,2.181,2.700,1.486,2.664,5.294,5.983,3.538,4.165,2.388,3.457,3.418,4.006,2.888,3.501,3.909,3.183,5.336,4.072,4.299,4.202,3.052,5.497,4.777,2.964,2.315,3.036,6.494,3.081,3.546,5.732,2.958,4.630,4.034,5.370,3.682,4.483,3.256,3.038,4.933,2.595,1.921,2.917,4.686,5.387,4.918,3.697,4.780,2.234,5.490,5.002,4.790
13,32.484,30.980,30.065,31.557,31.149,48.469,3.352,4.667,3.092,2.420,2.227,1.884,3.740,2.011,2.012,2.921,2.667,1.637,1.476,3.997,4.027,3.075,2.441,3.596,3.259,0,2.117,3.677,3.200,2.198,4.215,3.042,4.344,2.204,2.987,4.211,4.499,2.963,3.979,4.042,3.957,1.743,3.762,1.528,2.590,3.431,4.678,4.965,3.123,2.480,3.796,2.974,2.311,3.525,4.697,2.052,2.384,3.628,4.516,3.543,3.023,3.743,3.970,2.083,2.918,4.394,4.909,4.974,3.031,2.267,3.328,3.914,3.590,3.408,3.244,3.822,2.865,5.278,6.499,4.667,3.333,4.382,4.476,3.038,2.607,3.677,5.323,4.266,2.573,3.027,1.664,2.524,3.714,3.735,2.262,3.669,3.080,5.023,3.752,2.690
94,31.903,31.769,29.623,31.744,32.097,48.645,2.815,3.902,3.564,3.163,2.610,2.171,3.761,2.443,2.266,3.835,4.659,2.602,2.799,3.369,3.247,3.402,3.033,2.781,3.230,2.117,0,3.912,2.282,1.735,2.771,3.481,3.787,3.725,3.056,3.666,3.429,1.295,4.326,3.424,2.205,2.840,2.434,1.045,1.844,3.024,4.581,5.348,1.556,3.056,3.945,2.649,2.587,4.660,5.341,2.163,3.044,4.215,4.227,3.155,4.372,3.108,3.051,2.519,3.377,3.277,5.548,4.451,3.598,1.822,3.484,4.939,3.615,2.971,2.943,4.919,2.780,5.982,4.825,4.163,4.515,5.096,3.005,2.309,4.142,3.802,4.834,4.956,2.233,3.145,2.853,3.237,3.979,5.036,1.640,3.534,2.488,4.106,3.357,3.137
42,33.038,32.178,33.042,33.132,33.869,50.724,4.982,4.833,4.991,2.851,3.807,4.431,2.063,3.037,2.683,3.529,4.766,3.120,4.504,4.887,3.633,4.475,3.932,2.413,3.911,3.677,3.912,0,2.747,2.438,4.777,3.278,3.479,4.162,5.182,3.563,6.469,4.189,3.243,3.852,4.218,3.355,4.504,3.983,4.408,2.448,1.914,5.782,3.219,4.218,4.636,3.249,4.589,5.519,5.486,2.520,2.306,3.780,6.207,4.179,5.542,2.512,2.569,3.060,3.833,4.414,4.172,4.484,4.067,3.473,4.162,3.247,4.465,4.047,2.866,5.633,3.676,3.782,6.667,2.995,3.432,3.564,5.666,5.015,5.190,2.087,4.579,1.457,2.855,2.557,3.515,3.145,4.454,3.256,2.932,3.976,3.653,4.106,2.478,4.176
49,31.193,31.099,30.655,32.089,33.034,48.909,4.313,4.280,4.918,2.949,3.341,3.177,3.039,2.105,2.344,4.385,5.522,2.763,4.246,4.502,2.370,4.339,4.264,2.089,3.626,3.200,2.282,2.747,0,1.903,3.278,3.304,3.420,4.767,4.718,2.282,4.990,2.591,3.379,3.315,2.994,3.672,3.378,2.610,3.142,2.525,2.744,6.426,1.747,4.368,5.071,3.092,4.309,5.954,6.097,1.776,3.266,4.740,5.900,4.297,5.791,1.820,1.238,3.127,3.943,2.321,5.220,4.584,4.417,2.980,3.211,4.247,4.794,4.095,2.780,5.747,3.300,5.454,5.143,2.722,4.920,4.961,4.009,4.346,5.460,3.337,4.572,3.792,2.598,3.194,3.688,2.954,4.538,4.869,2.094,3.514,3.530,3.443,1.873,4.432
25,32.117,32.122,31.156,32.221,32.451,49.407,2.790,3.185,3.737,2.904,2.371,3.125,2.297,1.892,1.260,2.653,4.283,2.429,3.188,3.195,3.046,3.675,2.548,2.243,2.605,2.198,1.735,2.438,1.903,0,2.830,2.562,3.130,3.112,3.088,2.930,4.383,1.937,3.760,2.780,2.331,2.010,2.417,2.189,2.730,1.598,3.284,4.605,1.598,2.705,3.598,2.098,2.676,4.328,4.611,1.341,2.184,3.410,4.328,2.529,4.476,2.382,2.138,1.763,2.381,3.342,4.074,3.383,2.797,2.113,3.324,3.618,2.947,2.611,2.604,4.761,1.877,4.501,5.600,3.058,3.390,3.565,3.648,3.044,4.310,2.098,3.715,3.663,0.902,1.664,2.091,2.603,4.286,3.721,1.181,2.808,1.893,3.384,2.892,3.256
22,30.596,32.720,30.026,30.828,32.004,48.224,2.537,2.454,4.427,5.088,4.508,4.789,3.556,3.448,3.721,4.298,6.337,4.350,5.211,2.432,3.175,4.809,3.817,3.651,2.625,4.215,2.771,4.777,3.278,2.830,0,3.397,3.247,4.989,3.609,4.002,4.697,2.503,5.056,2.152,1.963,4.143,0.955,3.663,3.148,2.588,4.687,4.932,2.383,3.706,4.181,2.813,3.514,6.059,6.269,3.773,4.930,4.520,3.782,3.380,5.762,3.303,3.038,4.218,3.743,4.133,5.169,3.698,4.594,3.600,5.276,5.754,3.609,3.052,3.953,6.895,3.077,5.570,4.644,3.328,5.804,5.152,3.661,3.585,6.044,3.938,3.002,6.131,2.727,3.134,4.037,5.038,6.171,6.171,3.454,4.351,2.535,4.354,4.980,5.356
45,31.437,31.287,31.083,30.161,31.334,48.114,3.631,3.960,3.332,3.358,4.320,4.284,1.818,1.852,3.143,2.816,4.118,2.500,4.392,3.149,2.724,3.609,2.791,3.391,1.231,3.042,3.481,3.278,3.304,2.562,3.397,0,2.502,3.441,4.036,4.203,6.435,4.049,2.799,1.890,4.156,3.027,3.301,3.562,3.151,1.983,3.226,4.538,3.290,2.720,3.413,1.948,3.277,5.366,5.991,3.118,3.864,2.586,4.518,3.998,4.162,2.566,3.222,3.766,3.201,5.140,3.700,4.602,4.234,3.285,5.063,3.975,3.634,3.137,2.927,6.245,3.187,3.027,6.305,2.553,4.344,3.732,5.761,4.385,4.436,2.999,3.402,4.101,2.707,1.937,2.781,4.137,5.251,4.301,3.644,4.615,2.949,5.433,4.498,4.885
28,32.322,32.737,31.587,30.532,33.437,49.370,4.377,4.588,3.603,3.734,5.460,4.924,2.058,3.420,4.282,4.354,5.663,3.446,5.386,2.956,1.850,3.357,3.574,2.292,2.283,4.344,3.787,3.479,3.420,3.130,3.247,2.502,0,4.999,5.146,5.041,6.922,4.336,2.799,1.528,3.603,4.478,3.224,4.093,3.040,2.325,3.217,5.431,2.718,3.624,3.225,1.581,4.099,6.777,7.289,4.134,4.385,2.786,4.842,4.362,5.155,1.808,3.108,4.760,4.761,5.538,5.352,5.194,5.505,3.037,6.208,5.730,4.241,2.769,1.976,7.693,4.454,3.956,4.456,2.425,5.502,5.134,6.068,4.356,5.376,3.734,3.891,4.453,3.519,2.802,4.424,5.425,4.847,5.817,4.182,5.754,2.980,5.738,4.440,5.116
34,33.446,32.213,31.439,32.037,30.769,49.323,3.221,4.531,3.285,3.896,2.947,3.994,3.943,3.398,2.851,1.590,1.940,3.260,2.444,3.968,5.395,4.004,1.859,4.760,3.513,2.204,3.725,4.162,4.767,3.112,4.989,3.441,4.999,0,2.527,5.258,5.316,4.096,5.126,4.575,4.755,1.276,4.302,3.514,4.084,3.804,5.443,3.357,4.414,1.960,3.361,3.566,2.145,2.134,3.534,3.334,2.834,3.158,3.917,3.018,2.637,4.930,5.096,2.472,2.326,5.873,3.949,4.538,2.217,3.458,4.541,3.734,2.614,3.370,4.380,3.666,2.889,4.525,7.874,5.399,2.081,3.221,5.396,3.519,2.678,3.411,5.080,4.674,2.913,2.859,1.263,3.487,4.910,2.863,3.388,4.007,3.114,5.615,5.241,3.103
90,32.381,32.963,30.329,31.903,30.509,48.777,1.203,3.074,3.734,5.102,2.977,4.321,4.535,3.855,3.112,2.620,4.226,4.278,3.259,3.022,5.427,4.728,2.380,5.001,3.462,2.987,3.056,5.182,4.718,3.088,3.609,4.036,5.146,2.527,0,5.003,3.605,2.848,6.168,4.270,3.481,2.245,2.867,3.422,3.835,3.797,6.147,2.997,3.924,2.264,3.618,3.697,1.601,2.755,3.600,3.663,3.965,4.187,2.477,1.993,3.884,5.177,4.954,2.823,2.137,5.246,4.528,3.547,2.248,3.634,4.666,4.922,1.913,3.011,4.940,4.316,2.189,5.721,7.052,5.504,3.784,4.067,3.691,2.523,4.175,3.883,4.400,6.206,2.575,3.196,2.193,4.186,5.855,4.595,3.192,3.571,2.462,4.921,5.742,3.771
1,30.082,30.857,31.221,32.935,32.390,48.742,4.728,3.871,6.468,4.687,3.338,4.635,3.920,3.032,2.564,4.570,6.330,4.333,5.241,5.574,4.225,6.268,5.299,4.087,4.623,4.211,3.666,3.563,2.282,2.930,4.002,4.203,5.041,5.258,5.003,0,5.078,3.261,5.054,4.438,3.962,4.038,4.175,4.121,4.990,3.237,3.421,6.655,3.517,5.382,6.428,4.651,5.266,5.981,5.453,2.314,4.211,6.026,6.686,4.725,7.029,3.623,2.144,3.406,3.631,1.777,4.459,3.874,4.185,4.802,2.619,3.406,5.303,5.383,4.837,5.449,3.013,5.798,7.047,3.374,5.097,4.491,3.898,5.623,6.749,3.347,4.328,4.561,2.996,3.805,4.037,2.770,6.465,4.601,2.826,2.375,4.524,2.321,3.174,5.677
96,32.016,32.854,29.120,33.669,31.732,49.086,3.839,4.734,6.134,6.184,3.344,4.447,6.589,5.332,4.170,5.566,6.580,5.723,4.285,5.470,6.506,6.367,5.235,5.781,6.014,4.499,3.429,6.469,4.990,4.383,4.697,6.435,6.922,5.316,3.605,5.078,0,2.681,7.694,6.276,3.764,4.549,4.297,3.909,4.964,5.620,7.377,6.342,4.451,5.245,6.284,5.731,4.384,4.742,4.902,4.406,5.064,6.951,5.259,4.118,6.404,6.285,5.546,3.880,4.562,4.167,7.042,4.949,4.135,4.801,4.131,6.488,4.908,5.275,6.228,4.579,4.018,8.538,6.889,6.945,5.819,6.540,1.603,3.728,6.144,5.746,6.533,7.503,4.260,5.562,4.661,4.642,6.399,6.485,3.564,3.820,4.620,4.383,5.652,4.575
91,31.624,32.390,30.009,32.478,32.245,49.021,2.498,3.116,4.479,4.202,2.459,3.245,4.045,3.102,2.280,3.906,5.409,3.685,3.518,3.546,3.946,4.544,3.517,3.336,3.693,2.963,1.295,4.189,2.591,1.937,2.503,4.049,4.336,4.096,2.848,3.261,2.681,0,5.261,3.745,1.617,3.036,2.140,2.240,2.990,3.067,4.854,5.195,1.905,3.560,4.486,3.308,3.000,4.611,4.821,2.385,3.430,4.851,4.246,2.725,5.248,3.652,3.022,2.461,3.086,2.810,5.311,3.567,3.243,2.802,3.344,4.921,3.467,3.297,3.850,4.849,2.306,6.251,5.245,4.317,4.602,4.883,1.863,2.659,5.088,3.616,4.426,5.403,2.012,3.254,3.108,3.337,4.992,5.108,1.556,2.817,2.529,3.156,3.716,3.671
56,32.213,30.467,31.226,30.313,33.009,48.615,5.835,6.244,4.261,2.333,5.465,4.205,3.006,2.926,4.348,4.956,4.946,2.400,5.071,5.042,2.292,3.341,4.494,2.935,3.579,3.979,4.326,3.243,3.379,3.760,5.056,2.799,2.799,5.126,6.168,5.054,7.694,5.261,0,3.514,5.303,4.718,5.087,4.026,3.577,3.610,2.839,6.927,3.808,4.563,4.711,3.084,5.051,7.054,7.788,3.913,4.237,3.726,6.603,5.854,5.109,2.233,3.643,4.954,5.419,5.605,5.877,6.657,6.053,3.597,5.665,5.155,5.747,4.578,2.223,7.323,5.249,4.407,5.857,3.214,5.567,5.691,7.036,5.545,4.924,4.514,5.653,3.385,4.441,3.898,4.620,4.806,4.192,5.432,4.537,6.092,4.652,6.469,3.741,5.283
16,31.271,32.425,31.009,30.175,32.249,48.484,3.385,3.407,3.646,4.241,4.990,4.903,2.065,2.922,3.828,3.756,5.569,3.559,5.243,2.263,2.184,3.924,3.271,3.039,1.290,4.042,3.424,3.852,3.315,2.780,2.152,1.890,1.528,4.575,4.270,4.438,6.276,3.745,3.514,0,3.191,3.975,2.266,3.916,3.008,1.776,3.529,4.697,2.685,3.195,3.310,1.642,3.563,6.246,6.664,3.800,4.568,3.052,4.110,3.813,5.086,2.276,2.911,4.408,3.878,5.082,4.547,4.329,4.878,3.315,5.784,5.265,3.620,2.641,2.896,7.261,3.544,3.850,4.985,2.169,5.348,4.563,5.368,4.126,5.456,3.392,2.754,5.012,2.879,2.301,3.827,5.103,5.637,5.576,3.885,5.043,2.527,5.244,4.796,5.325
61,32.072,33.566,30.756,32.493,33.259,49.799,2.680,2.924,4.484,4.665,3.751,4.295,3.723,3.815,3.230,4.246,6.138,4.279,4.536,2.900,3.678,4.566,3.619,2.929,3.542,3.957,2.205,4.218,2.994,2.331,1.963,4.156,3.603,4.755,3.481,3.962,3.764,1.617,5.303,3.191,0,3.798,1.534,3.190,3.162,2.774,4.727,5.037,1.616,3.698,4.045,2.936,3.344,5.478,5.563,3.334,3.920,4.553,3.972,2.580,5.683,3.375,2.951,3.385,3.735,3.686,5.534,3.427,4.003,2.878,4.695,5.678,3.315,2.703,3.594,6.126,3.000,6.007,4.357,3.968,5.098,5.087,2.765,2.737,5.693,3.593,3.922,5.576,2.361,3.145,3.898,4.494,5.214,5.740,2.494,3.827,2.089,3.490,4.138,4.143
38,32.763,32.073,31.351,32.365,31.270,49.344,2.715,3.679,3.599,3.479,1.933,3.479,3.285,2.599,1.614,1.405,2.840,2.847,2.373,3.691,4.667,4.041,1.972,3.948,3.144,1.743,2.840,3.355,3.672,2.010,4.143,3.027,4.478,1.276,2.245,4.038,4.549,3.036,4.718,3.975,3.798,0,3.516,2.837,3.645,2.909,4.591,3.667,3.456,2.124,3.564,3.101,2.115,2.512,3.260,2.179,2.172,3.354,4.019,2.424,3.488,4.097,3.975,1.352,1.483,4.645,3.533,3.642,1.509,2.969,3.509,3.072,2.433,3.089,3.865,3.442,1.799,4.448,7.229,4.533,2.034,2.824,4.368,3.226,3.363,2.517,4.379,4.130,1.775,2.143,0.437,2.502,4.737,2.595,2.216,2.851,2.512,4.377,4.244,2.938
77,31.421,33.158,30.375,31.272,32.069,48.789,1.775,2.215,3.872,4.813,4.022,4.512,3.365,3.401,3.337,3.672,5.750,4.100,4.607,1.813,3.470,4.386,3.058,3.466,2.428,3.762,2.434,4.504,3.378,2.417,0.955,3.301,3.224,4.302,2.867,4.175,4.297,2.140,5.087,2.266,1.534,3.516,0,3.328,2.908,2.393,4.784,4.190,2.189,2.981,3.476,2.431,2.736,5.296,5.587,3.523,4.344,3.969,3.037,2.487,5.135,3.410,3.231,3.638,3.221,4.315,4.890,3.294,3.916,3.077,5.098,5.503,2.735,2.273,3.714,6.321,2.621,5.324,4.821,3.636,5.108,4.680,3.437,2.793,5.424,3.522,3.034,5.850,2.207,2.653,3.461,4.739,5.715,5.662,3.025,4.051,1.686,4.238,4.885,4.616
14,32.246,31.176,29.396,31.554,31.876,48.451,3.453,4.747,3.312,2.517,2.654,1.191,4.052,2.359,2.456,3.980,4.030,1.980,2.123,3.908,3.453,2.917,3.077,3.009,3.524,1.528,1.045,3.983,2.610,2.189,3.663,3.562,4.093,3.514,3.422,4.121,3.909,2.240,4.026,3.916,3.190,2.837,3.328,0,1.744,3.551,4.765,5.703,2.253,3.104,4.048,2.895,2.707,4.562,5.546,2.251,2.857,4.182,4.649,3.749,3.836,3.358,3.587,2.631,3.731,3.761,5.862,5.219,3.841,1.708,3.450,4.928,4.058,3.368,2.855,4.651,3.318,6.108,5.220,4.598,4.427,5.362,3.789,2.587,3.416,4.203,5.547,4.761,2.805,3.522,2.829,3.087,3.331,4.922,2.043,3.974,3.072,4.801,3.315,2.794
12,32.242,31.662,29.252,30.369,32.041,48.184,3.462,4.839,2.371,2.928,4.131,2.543,3.795,2.787,3.567,4.331,4.545,2.298,3.320,2.977,2.656,2.029,2.908,2.823,2.767,2.590,1.844,4.408,3.142,2.730,3.148,3.151,3.040,4.084,3.835,4.990,4.964,2.990,3.577,3.008,3.162,3.645,2.908,1.744,0,3.433,4.832,5.544,2.202,2.830,3.205,2.034,2.675,5.524,6.616,3.394,3.808,3.499,4.073,4.002,3.661,2.990,3.810,3.838,4.379,4.791,6.205,5.622,4.796,1.516,5.022,5.868,4.027,2.691,2.239,6.174,3.994,5.804,4.141,4.278,5.252,5.819,4.684,2.511,3.656,4.592,5.263,5.267,3.301,3.514,3.555,4.525,3.535,5.838,3.199,5.162,2.818,5.723,4.187,3.605
7,31.737,32.522,31.894,31.735,32.639,49.445,3.155,2.789,4.106,3.722,3.760,4.501,1.140,2.394,2.486,2.755,5.020,3.221,4.575,2.914,2.762,4.230,2.959,2.521,2.008,3.431,3.024,2.448,2.525,1.598,2.588,1.983,2.325,3.804,3.797,3.237,5.620,3.067,3.610,1.776,2.774,2.909,2.393,3.551,3.433,0,2.627,4.377,2.265,3.064,3.579,1.927,3.379,5.264,5.311,2.561,3.298,3.120,4.438,2.950,5.121,2.058,1.956,3.070,2.742,4.136,3.428,3.125,3.597,3.072,4.533,3.818,3.070,2.677,2.849,6.023,2.383,3.411,5.752,1.887,4.000,3.209,4.640,3.992,5.226,1.696,2.458,3.786,1.571,1.089,2.889,3.755,5.288,4.113,2.686,3.603,2.086,3.815,3.719,4.533
57,31.661,31.453,32.809,32.181,33.859,49.825,5.687,5.097,5.761,3.677,5.013,5.241,2.165,3.206,3.702,4.599,6.004,3.750,5.830,5.322,2.981,5.214,5.003,2.867,3.994,4.678,4.581,1.914,2.744,3.284,4.687,3.226,3.217,5.443,6.147,3.421,7.377,4.854,2.839,3.529,4.727,4.591,4.784,4.765,4.832,2.627,0,6.700,3.631,5.170,5.508,3.672,5.582,6.988,6.882,3.354,4.042,4.552,6.963,5.306,6.606,2.044,2.137,4.436,4.710,4.479,4.542,5.083,5.373,4.424,4.933,3.946,5.504,4.877,3.323,7.062,4.422,3.840,6.537,1.773,5.096,4.452,6.307,6.064,6.411,3.036,4.339,2.603,3.692,3.278,4.601,4.181,5.589,4.625,3.986,4.796,4.498,4.595,3.053,5.773
6,33.594,34.726,32.564,31.944,30.967,50.050,3.010,3.759,4.379,6.441,5.209,6.627,4.655,5.413,4.886,2.703,4.949,5.741,5.320,3.298,6.527,5.710,2.961,6.076,3.905,4.965,5.348,5.782,6.426,4.605,4.932,4.538,5.431,3.357,2.997,6.655,6.342,5.195,6.927,4.697,5.037,3.667,4.190,5.703,5.544,4.377,6.700,0,5.520,2.921,3.352,4.370,3.191,3.914,4.360,5.484,5.172,3.735,2.609,2.829,4.567,6.149,6.197,4.607,3.294,7.422,3.994,3.889,3.589,5.116,6.899,5.651,1.862,3.400,5.875,6.179,3.790,4.597,8.340,6.021,4.095,3.554,6.166,4.332,5.269,4.130,4.085,6.690,3.950,3.505,3.644,6.039,7.199,4.944,5.188,5.358,3.292,6.407,7.346,5.270
18,32.049,32.431,30.599,31.958,33.252,49.409,3.320,3.753,3.902,3.218,3.496,3.238,2.946,2.717,2.673,4.072,5.392,2.942,3.931,3.173,2.369,3.521,3.346,1.576,3.035,3.123,1.556,3.219,1.747,1.598,2.383,3.290,2.718,4.414,3.924,3.517,4.451,1.905,3.808,2.685,1.616,3.456,2.189,2.253,2.202,2.265,3.631,5.520,0,3.452,3.832,2.120,3.305,5.576,5.932,2.475,3.165,3.945,4.581,3.252,5.104,2.015,2.076,3.072,3.804,3.328,5.445,4.216,4.171,1.904,4.166,5.097,3.763,2.700,2.207,5.951,3.145,5.447,4.049,3.158,4.795,5.006,3.587,2.948,4.951,3.333,4.249,4.442,2.217,2.774,3.520,3.789,4.083,5.248,2.009,3.928,2.276,3.818,2.914,3.699
86,33.167,32.828,30.918,31.055,31.267,49.089,2.271,3.917,1.817,3.808,3.714,3.957,3.294,3.221,3.231,2.121,3.128,3.047,3.033,2.144,4.308,2.934,0.432,3.930,2.181,2.480,3.056,4.218,4.368,2.705,3.706,2.720,3.624,1.960,2.264,5.382,5.245,3.560,4.563,3.195,3.698,2.124,2.981,3.104,2.830,3.064,5.170,2.921,3.452,0,1.678,2.129,0.951,3.589,4.793,3.582,3.311,2.018,2.471,2.453,2.398,4.088,4.582,3.107,2.792,5.830,4.450,4.393,3.157,2.483,5.300,4.853,1.800,1.685,3.403,5.219,2.972,4.321,6.335,4.667,3.428,3.892,5.121,2.392,2.906,3.462,4.307,5.060,2.596,2.285,2.032,4.387,4.592,4.297,3.380,4.609,1.807,5.711,5.250,3.237
65,34.120,33.921,31.554,30.964,32.390,49.937,3.304,4.717,1.694,4.306,5.054,4.890,3.543,4.317,4.452,3.315,4.133,3.843,4.176,2.027,4.446,2.723,1.633,3.942,2.700,3.796,3.945,4.636,5.071,3.598,4.181,3.413,3.225,3.361,3.618,6.428,6.284,4.486,4.711,3.310,4.045,3.564,3.476,4.048,3.205,3.579,5.508,3.352,3.832,1.678,0,2.171,2.267,4.887,5.993,4.706,4.034,1.497,2.659,3.132,2.951,4.287,5.135,4.309,4.183,6.807,5.398,5.164,4.469,2.760,6.599,6.058,2.481,1.355,3.282,6.606,4.269,4.445,5.824,4.983,4.355,4.783,6.080,2.798,3.561,4.148,4.750,5.433,3.622,2.973,3.565,5.655,4.566,5.355,4.377,5.883,2.233,6.566,5.826,3.744
75,32.561,32.571,31.051,30.818,32.536,49.172,3.107,3.916,2.393,3.064,4.213,3.834,2.027,2.607,3.211,3.169,4.381,2.512,3.945,2.049,2.368,2.488,2.085,2.240,1.486,2.974,2.649,3.249,3.092,2.098,2.813,1.948,1.581,3.566,3.697,4.651,5.731,3.308,3.084,1.642,2.936,3.101,2.431,2.895,2.034,1.927,3.672,4.370,2.120,2.129,2.171,0,2.545,5.297,6.037,3.211,3.340,1.993,3.674,3.164,3.816,2.188,3.133,3.529,3.586,5.063,4.776,4.516,4.212,1.848,5.281,5.010,2.990,1.579,1.738,6.334,3.348,3.972,4.805,3.034,4.359,4.383,5.124,2.990,4.037,3.139,3.786,4.277,2.451,1.920,3.045,4.447,4.139,4.887,3.130,4.803,1.749,5.233,4.147,3.825
31,32.993,32.813,30.343,31.292,31.112,48.922,1.770,3.778,2.167,4.023,3.306,3.613,3.855,3.341,3.102,2.525,3.434,3.244,2.656,2.277,4.532,3.187,1.112,4.089,2.664,2.311,2.587,4.589,4.309,2.676,3.514,3.277,4.099,2.145,1.601,5.266,4.384,3.000,5.051,3.563,3.344,2.115,2.736,2.707,2.675,3.379,5.582,3.191,3.305,0.951,2.267,2.545,0,3.296,4.554,3.481,3.374,2.903,2.240,2.215,2.637,4.362,4.653,2.878,2.747,5.480,4.859,4.311,2.936,2.416,4.968,5.084,1.851,1.917,3.712,4.834,2.782,5.148,6.172,5.033,3.652,4.290,4.415,1.712,3.000,3.780,4.581,5.505,2.543,2.731,2.057,4.244,4.614,4.590,3.079,4.312,1.825,5.453,5.234,2.978
99,34.015,32.942,31.619,33.520,30.579,49.977,3.847,5.096,4.941,5.467,3.027,4.933,5.646,4.968,3.723,2.989,3.358,4.973,3.051,5.265,7.087,5.668,3.484,6.165,5.294,3.525,4.660,5.519,5.954,4.328,6.059,5.366,6.777,2.134,2.755,5.981,4.742,4.611,7.054,6.246,5.478,2.512,5.296,4.562,5.524,5.264,6.988,3.914,5.576,3.589,4.887,5.297,3.296,0,2.183,4.333,3.766,5.061,4.609,3.443,4.067,6.553,6.320,2.963,3.009,6.358,4.860,4.770,2.041,4.804,4.707,4.521,3.401,4.701,6.060,2.521,3.538,6.255,9.050,6.986,2.577,4.035,5.231,4.157,3.928,4.512,6.192,6.035,3.944,4.387,2.672,4.024,6.037,3.505,4.078,4.000,4.278,5.756,6.239,3.575
29,33.639,33.624,32.875,34.905,31.362,50.893,4.370,4.636,6.441,6.392,3.240,6.049,5.807,5.550,3.851,3.427,5.033,5.996,4.555,5.974,7.610,7.048,4.625,6.537,5.983,4.697,5.341,5.486,6.097,4.611,6.269,5.991,7.289,3.534,3.600,5.453,4.902,4.821,7.788,6.664,5.563,3.260,5.587,5.546,6.616,5.311,6.882,4.360,5.932,4.793,5.993,6.037,4.554,2.183,0,4.524,4.243,6.035,5.569,3.581,5.957,6.872,6.172,3.184,2.973,6.020,4.269,3.751,1.883,5.778,4.551,4.092,3.904,5.471,6.817,2.900,3.408,6.396,9.677,6.944,2.845,3.463,5.004,5.243,5.801,4.127,5.810,6.128,4.013,4.600,3.495,4.067,7.205,3.329,4.246,3.182,4.771,4.706,6.315,4.715
83,31.767,31.128,30.959,32.554,32.156,49.082,3.675,3.945,4.548,2.762,1.777,2.761,3.073,1.707,0.722,3.139,4.219,2.385,3.039,4.429,3.590,4.289,3.441,2.921,3.538,2.052,2.163,2.520,1.776,1.341,3.773,3.118,4.134,3.334,3.663,2.314,4.406,2.385,3.913,3.800,3.334,2.179,3.523,2.251,3.394,2.561,3.354,5.484,2.475,3.582,4.706,3.211,3.481,4.333,4.524,0,2.165,4.339,5.378,3.500,4.897,2.923,2.381,1.578,2.639,2.755,4.254,3.968,2.892,2.879,2.126,2.942,3.954,3.866,3.291,4.077,2.214,5.042,6.402,3.547,3.420,3.814,3.766,3.910,4.491,2.611,4.541,3.434,1.799,2.629,2.246,1.391,4.444,3.357,1.174,2.325,3.166,3.244,2.375,3.525
84,33.916,32.404,32.143,33.492,33.185,50.732,4.201,4.923,4.131,2.491,2.389,3.180,3.372,3.180,2.042,3.015,3.447,2.703,2.529,4.615,4.506,3.743,2.967,2.954,4.165,2.384,3.044,2.306,3.266,2.184,4.930,3.864,4.385,2.834,3.965,4.211,5.064,3.430,4.237,4.568,3.920,2.172,4.344,2.857,3.808,3.298,4.042,5.172,3.165,3.311,4.034,3.340,3.374,3.766,4.243,2.165,0,3.684,5.326,3.283,4.208,3.669,3.720,1.641,3.297,4.500,4.774,4.559,2.866,2.532,3.461,3.597,3.673,3.520,3.108,3.878,3.242,4.967,6.733,4.633,2.234,3.822,4.804,3.612,3.605,2.781,5.431,2.813,2.576,2.871,2.504,2.410,3.319,2.870,2.031,3.507,3.153,4.282,2.875,2.040
71,33.875,33.172,32.147,30.876,32.403,49.863,3.939,4.913,2.191,3.680,5.018,4.887,2.659,3.764,4.164,2.905,3.643,3.281,4.292,2.818,4.038,2.752,1.896,3.658,2.388,3.628,4.215,3.780,4.740,3.410,4.520,2.586,2.786,3.158,4.187,6.026,6.951,4.851,3.726,3.052,4.553,3.354,3.969,4.182,3.499,3.120,4.552,3.735,3.945,2.018,1.497,1.993,2.903,5.061,6.035,4.339,3.684,0,3.812,3.656,3.095,3.728,4.720,4.195,4.025,6.696,4.682,5.224,4.474,2.979,6.340,5.221,3.013,2.161,2.878,6.552,4.219,3.196,6.366,4.278,3.913,4.135,6.589,3.799,3.559,3.572,4.519,4.376,3.520,2.475,3.320,5.224,4.507,4.590,4.355,5.747,2.694,6.491,5.365,4.043
95,33.100,34.369,30.488,30.854,30.992,49.031,2.078,3.855,3.231,6.040,5.176,5.656,4.974,5.122,4.948,3.811,5.288,5.256,4.794,1.951,5.681,4.636,2.695,5.481,3.457,4.516,4.227,6.207,5.900,4.328,3.782,4.518,4.842,3.917,2.477,6.686,5.259,4.246,6.603,4.110,3.972,4.019,3.037,4.649,4.073,4.438,6.963,2.609,4.581,2.471,2.659,3.674,2.240,4.609,5.569,5.378,5.326,3.812,0,2.828,4.032,5.675,5.933,4.748,3.990,6.917,5.653,4.647,4.320,4.107,6.848,6.737,2.177,2.500,5.175,6.594,4.021,5.885,6.503,5.999,5.249,5.263,5.242,2.734,4.795,4.978,4.605,7.275,3.946,3.905,3.946,6.243,6.381,6.257,4.838,5.707,2.686,6.539,7.063,4.785
11,33.226,34.155,31.863,32.967,32.355,50.418,1.765,2.611,3.977,4.901,3.189,4.772,3.649,4.072,2.938,2.444,4.782,4.404,3.840,2.676,5.041,4.666,2.284,4.050,3.418,3.543,3.155,4.179,4.297,2.529,3.380,3.998,4.362,3.018,1.993,4.725,4.118,2.725,5.854,3.813,2.580,2.424,2.487,3.749,4.002,2.950,5.306,2.829,3.252,2.453,3.132,3.164,2.215,3.443,3.581,3.500,3.283,3.656,2.828,0,4.559,4.496,4.218,2.556,2.300,5.060,4.192,2.531,2.202,3.257,4.855,4.791,1.132,2.182,4.295,4.894,2.167,5.048,6.476,4.806,3.280,3.438,3.730,2.521,4.729,2.778,3.716,5.351,1.945,2.386,2.618,4.222,5.488,4.267,2.771,3.430,1.470,4.077,5.087,3.432
47,34.261,32.075,30.282,30.503,30.659,48.692,4.341,6.225,1.886,4.023,4.817,4.065,5.060,4.386,4.695,3.804,2.132,3.453,2.911,4.195,5.583,2.758,2.487,5.275,4.006,3.023,4.372,5.542,5.791,4.476,5.762,4.162,5.155,2.637,3.884,7.029,6.404,5.248,5.109,5.086,5.683,3.488,5.135,3.836,3.661,5.121,6.606,4.567,5.104,2.398,2.951,3.816,2.637,4.067,5.957,4.897,4.208,3.095,4.032,4.559,0,5.533,6.341,4.434,4.618,7.306,6.155,6.635,4.646,3.466,6.263,5.981,3.959,3.667,4.351,5.494,4.930,5.642,7.394,6.441,4.306,5.557,6.731,3.563,1.206,5.388,6.583,5.856,4.633,4.366,3.387,5.324,4.266,5.168,4.870,6.233,4.056,7.599,6.271,3.500
48,31.709,31.663,31.307,31.281,33.465,49.180,4.574,4.564,4.325,2.865,4.542,4.018,2.025,2.466,3.314,4.367,5.538,2.738,4.881,3.930,1.174,3.698,3.985,1.447,2.888,3.743,3.108,2.512,1.820,2.382,3.303,2.566,1.808,4.930,5.177,3.623,6.285,3.652,2.233,2.276,3.375,4.097,3.410,3.358,2.990,2.058,2.044,6.149,2.015,4.088,4.287,2.188,4.362,6.553,6.872,2.923,3.669,3.728,5.675,4.496,5.533,0,1.684,3.998,4.429,4.058,5.182,4.986,5.093,2.870,4.818,4.799,4.694,3.546,1.767,6.871,3.969,4.431,4.678,1.782,5.172,4.964,5.325,4.544,5.416,3.315,4.186,3.523,3.035,2.822,4.075,4.182,4.448,5.206,3.211,4.767,3.328,4.651,2.831,4.805
76,31.006,31.730,31.476,32.233,33.376,49.301,4.361,3.760,5.327,3.740,3.921,4.315,2.506,2.609,2.736,4.325,6.070,3.526,5.087,4.378,2.449,4.935,4.467,2.268,3.501,3.970,3.051,2.569,1.238,2.138,3.038,3.222,3.108,5.096,4.954,2.144,5.546,3.022,3.643,2.911,2.951,3.975,3.231,3.587,3.810,1.956,2.137,6.197,2.076,4.582,5.135,3.133,4.653,6.320,6.172,2.381,3.720,4.720,5.933,4.218,6.341,1.684,0,3.536,3.902,2.737,4.691,4.001,4.548,3.584,3.899,4.198,4.694,4.097,3.131,6.352,3.261,4.901,5.358,1.827,5.056,4.552,4.333,4.810,6.163,2.841,3.712,3.821,2.550,2.888,3.995,3.549,5.358,4.919,2.639,3.589,3.475,3.132,2.546,5.089
88,32.826,32.190,31.462,33.310,32.128,49.907,3.179,3.816,4.387,3.431,0.993,3.205,3.598,2.846,1.014,2.489,3.735,3.106,2.435,4.283,4.709,4.445,2.884,3.598,3.909,2.083,2.519,3.060,3.127,1.763,4.218,3.766,4.760,2.472,2.823,3.406,3.880,2.461,4.954,4.408,3.385,1.352,3.638,2.631,3.838,3.070,4.436,4.607,3.072,3.107,4.309,3.529,2.878,2.963,3.184,1.578,1.641,4.195,4.748,2.556,4.434,3.998,3.536,0,2.066,3.728,4.129,3.517,1.592,2.955,2.581,3.133,3.100,3.538,3.892,3.074,1.908,5.217,6.968,4.595,2.314,3.341,3.596,3.320,4.036,2.534,4.758,3.911,1.722,2.644,1.678,1.757,4.507,2.807,1.263,2.092,2.816,3.396,3.389,2.653
