,0,89,98,27,39,21,80,78,67,60,26,81,41,44,43,72,73,63,52,55,92,70,10,93,85,13,94,42,49,25,22,45,28,34,90,1,96,91,56,16,61,38,77,14,12,7,57,6,18,86,65,75,31,99,29,83,84,71,95,11,47,48,76,88,30,58,15,69,19,62,23,53,50,33,68,54,51,79,97,40,46,20,24,5,9,66,37,87,4,35,8,64,82,17,74,3,2,32,36,59
0,0,29.306,31.541,32.757,32.017,31.359,31.938,30.896,33.648,33.190,32.382,32.478,32.248,31.070,31.987,32.859,34.127,32.419,33.603,32.463,31.170,33.886,33.429,32.880,31.572,32.484,31.903,33.038,31.193,32.117,30.596,31.437,32.322,33.446,32.381,30.082,32.016,31.624,32.213,31.271,32.072,32.763,31.421,32.246,32.242,31.737,31.661,33.594,32.049,33.167,34.120,32.561,32.993,34.015,33.639,31.767,33.916,33.875,33.100,33.226,34.261,31.709,31.006,32.826,31.868,30.247,31.639,31.803,32.909,33.317,31.387,31.811,33.298,33.403,33.122,33.548,31.515,32.821,32.561,30.724,34.309,32.714,31.265,33.528,34.505,32.536,30.740,33.727,32.005,32.382,32.455,32.040,35.059,33.479,32.295,31.405,32.833,31.381,32.467,34.851
89,29.306,0,30.125,33.368,31.351,32.837,33.232,33.508,32.566,30.788,31.652,30.407,32.462,30.387,31.574,32.697,31.253,30.573,31.511,33.727,31.243,32.054,32.985,32.500,32.105,30.980,31.769,32.178,31.099,32.122,32.720,31.287,32.737,32.213,32.963,30.857,32.854,32.390,30.467,32.425,33.566,32.073,33.158,31.176,31.662,32.522,31.453,34.726,32.431,32.828,33.921,32.571,32.813,32.942,33.624,31.128,32.404,33.172,34.369,34.155,32.075,31.663,31.730,32.190,32.345,30.915,32.522,34.098,32.874,32.431,30.370,30.883,34.084,33.825,32.130,31.553,32.307,32.799,33.611,31.741,32.987,33.056,32.839,33.500,31.692,32.963,33.434,31.713,32.513,32.750,31.805,30.711,32.131,32.000,32.063,31.973,33.534,32.925,31.199,33.067
98,31.541,30.125,0,28.385,29.735,30.311,30.373,31.526,30.192,30.909,30.829,29.069,32.497,30.285,31.191,32.209,31.235,30.311,30.083,30.774,30.381,30.236,31.231,31.576,30.774,30.065,29.623,33.042,30.655,31.156,30.026,31.083,31.587,31.439,30.329,31.221,29.120,30.009,31.226,31.009,30.756,31.351,30.375,29.396,29.252,31.894,32.809,32.564,30.599,30.918,31.554,31.051,30.343,31.619,32.875,30.959,32.143,32.147,30.488,31.863,30.282,31.307,31.476,31.462,31.569,30.223,33.435,32.769,31.920,30.510,30.593,32.802,31.862,31.355,31.180,31.279,31.218,33.959,29.413,31.960,33.158,33.638,29.740,30.036,30.335,33.030,32.422,33.599,31.416,32.103,31.102,31.243,30.899,33.397,30.949,31.556,31.349,32.260,31.577,31.276
27,32.757,33.368,28.385,0,51.176,51.652,52.000,52.316,52.327,52.064,52.009,50.669,53.106,50.873,52.049,53.235,52.686,51.411,51.948,52.544,51.209,52.285,52.966,52.838,51.812,51.416,51.186,53.599,51.330,52.230,51.164,51.709,52.709,52.874,52.073,51.151,51.204,51.469,51.815,51.914,52.350,52.553,51.788,51.009,51.059,52.605,52.765,54.217,51.973,52.655,53.631,52.450,52.260,53.371,54.129,51.714,53.478,53.685,52.756,53.550,52.435,52.038,51.887,52.670,52.428,50.684,53.390,53.501,53.142,52.365,51.151,52.643,53.559,53.243,52.596,52.623,52.092,54.185,51.751,52.043,54.334,54.050,51.285,52.437,52.423,53.636,52.730,53.985,52.439,53.019,52.231,51.841,53.047,53.886,52.161,52.148,52.964,52.773,52.320,53.478
39,32.017,31.351,29.735,51.176,0,2.388,2.376,3.918,1.748,2.285,1.143,1.644,3.071,1.765,1.715,2.529,2.890,1.565,1.860,2.655,1.465,1.967,1.827,1.858,1.692,0.992,0.663,3.520,1.733,1.616,3.018,1.981,2.157,1.867,1.768,3.359,2.333,1.597,2.455,2.369,2.702,1.624,2.712,0.601,0.852,2.757,3.910,3.674,1.415,1.565,2.681,1.514,1.489,2.242,3.220,1.696,2.624,2.538,3.265,2.996,2.411,2.002,2.756,1.731,2.274,2.318,4.522,4.339,2.269,1.357,1.943,4.098,2.908,2.502,1.524,2.151,2.222,4.544,2.940,3.518,3.527,4.192,2.511,2.440,2.877,3.577,4.569,4.426,2.098,2.620,1.411,2.253,3.307,4.004,1.296,2.530,2.363,3.563,2.267,2.836
21,31.359,32.837,30.311,51.652,2.388,0,0.653,1.799,3.159,4.367,2.568,3.997,2.979,3.031,2.565,2.761,4.934,3.731,3.995,1.161,2.031,3.845,2.505,2.485,1.374,3.278,1.851,4.121,2.392,1.981,0.864,2.564,1.834,3.265,1.232,3.168,1.837,0.819,4.076,1.182,0.809,2.690,0.372,2.877,2.472,2.142,4.164,2.587,1.260,2.262,2.860,1.826,2.101,3.312,3.152,2.823,3.878,3.180,2.143,1.996,4.305,2.409,2.391,2.685,1.972,2.235,4.041,2.631,2.403,2.768,3.354,4.755,2.055,2.071,2.909,4.000,1.543,4.512,2.200,2.992,4.345,3.933,0.684,2.678,4.934,3.258,2.838,5.473,1.708,2.355,2.583,3.680,5.221,4.864,2.064,2.235,1.564,2.377,3.594,4.222
80,31.938,33.232,30.373,52.000,2.376,0.653,0,2.207,2.768,4.338,2.599,3.927,3.187,3.342,2.747,2.787,4.792,3.773,3.767,0.577,2.370,3.534,2.184,2.423,1.660,3.251,1.793,4.234,2.734,2.102,1.400,2.876,1.906,3.116,0.801,3.704,1.473,0.874,4.238,1.631,0.434,2.669,0.624,2.793,2.301,2.439,4.492,2.275,1.255,1.943,2.365,1.723,1.694,3.011,3.030,3.042,3.740,2.947,1.511,1.625,3.977,2.675,2.834,2.654,2.215,2.765,4.382,2.860,2.349,2.458,3.621,5.058,1.681,1.578,2.783,3.895,1.889,4.700,1.678,3.468,4.230,4.109,0.775,2.103,4.646,3.426,3.268,5.553,1.886,2.482,2.622,3.869,4.899,4.948,2.099,2.601,1.223,2.751,3.718,3.817
78,30.896,33.508,31.526,52.316,3.918,1.799,2.207,0,4.726,5.501,3.693,5.556,2.961,3.911,3.343,3.206,6.113,4.947,5.495,2.368,2.991,5.362,3.711,3.361,2.349,4.653,3.517,4.291,3.160,2.869,1.578,3.167,2.457,4.336,2.845,3.031,3.555,2.542,4.867,1.656,1.957,3.651,1.701,4.482,4.195,2.132,3.973,2.761,2.635,3.592,3.970,2.977,3.664,4.418,3.432,3.638,4.730,4.001,3.332,2.606,5.814,2.984,2.399,3.604,2.372,2.777,3.305,1.327,3.045,4.237,4.187,4.746,2.723,3.155,4.044,5.111,2.019,4.114,3.740,2.546,4.838,3.507,2.276,4.254,6.406,2.995,1.228,5.737,2.317,2.595,3.587,4.421,6.608,5.085,3.155,2.399,2.545,1.599,4.314,5.531
67,33.648,32.566,30.192,52.327,1.748,3.159,2.768,4.726,0,2.654,2.094,2.163,3.833,3.351,2.824,2.968,2.659,2.467,1.332,2.711,2.997,0.879,1.391,2.234,2.817,1.871,1.789,4.051,3.220,2.542,3.957,3.308,2.786,1.826,1.976,4.850,2.450,2.453,3.450,3.417,3.009,2.179,3.344,1.570,1.433,3.666,4.944,3.406,2.204,1.277,1.689,1.993,1.085,1.533,3.185,2.971,2.468,2.182,2.790,2.801,1.254,3.166,4.016,2.219,3.200,3.920,5.431,4.917,2.585,0.670,3.374,5.123,2.676,2.033,1.711,2.192,3.264,5.134,2.644,4.763,3.365,4.760,3.182,1.409,1.970,4.175,5.478,4.806,2.926,3.259,2.249,3.345,2.232,4.419,2.168,3.667,2.385,4.461,3.124,1.408
60,33.190,30.788,30.909,52.064,2.285,4.367,4.338,5.501,2.654,0,1.835,1.946,3.302,2.334,2.225,2.774,0.959,0.890,1.643,4.440,2.814,2.068,2.656,2.373,3.206,1.324,2.910,2.797,2.677,2.640,5.049,2.616,3.172,1.601,3.659,4.067,4.490,3.682,1.363,3.877,4.537,1.949,4.692,2.222,2.851,3.620,3.600,4.664,3.143,2.701,3.501,2.762,3.067,2.266,3.387,2.054,1.730,2.567,5.039,4.207,2.194,2.665,3.612,2.041,3.209,3.646,4.645,5.452,2.841,2.317,2.000,3.352,4.065,3.759,1.727,0.773,3.497,4.140,4.954,4.175,2.611,4.097,4.667,3.969,2.085,3.755,5.762,2.910,3.218,3.245,1.926,1.616,2.316,2.803,2.394,3.373,3.746,4.524,1.557,2.600
26,32.382,31.652,30.829,52.009,1.143,2.568,2.599,3.693,2.094,1.835,0,2.292,2.066,1.499,0.760,1.495,2.487,1.358,2.083,2.752,1.261,2.187,1.458,0.918,1.391,1.129,1.524,2.382,1.279,0.859,3.264,1.263,1.457,1.072,2.038,2.877,3.094,1.968,1.715,2.075,2.774,0.551,2.893,1.575,1.888,2.012,2.931,3.190,1.354,1.381,2.452,1.045,1.784,1.693,2.287,0.893,1.703,1.726,3.558,2.647,2.597,1.169,2.129,0.676,1.532,2.227,3.583,3.780,1.379,1.459,1.464,3.130,2.536,2.326,0.743,1.526,1.730,3.446,3.572,2.839,2.489,3.137,2.952,2.906,2.986,2.570,4.090,3.354,1.457,1.725,0.286,1.432,3.248,2.889,0.576,1.819,2.100,2.914,1.263,2.677
81,32.478,30.407,29.069,50.669,1.644,3.997,3.927,5.556,2.163,1.946,2.292,0,4.324,2.574,2.905,3.742,2.347,1.472,1.308,4.157,2.850,1.750,2.927,3.077,3.287,1.191,2.160,4.341,2.971,3.062,4.579,3.185,3.648,2.539,3.247,4.528,3.463,3.188,2.709,3.979,4.273,2.715,4.307,1.135,1.726,4.228,4.859,5.078,3.032,2.761,3.677,2.979,2.669,2.934,4.392,2.714,3.131,3.467,4.521,4.429,1.944,3.293,4.133,2.836,3.744,3.600,5.754,5.932,3.572,2.155,2.577,4.777,4.315,3.806,2.404,2.210,3.782,5.577,4.027,4.838,4.159,5.366,4.011,3.284,2.046,4.844,6.153,4.786,3.624,4.010,2.561,2.784,2.647,4.570,2.718,3.939,3.845,5.087,2.897,2.916
41,32.248,32.462,32.497,53.106,3.071,2.979,3.187,2.961,3.833,3.302,2.066,4.324,0,2.476,1.457,0.950,3.877,3.102,4.008,3.225,2.117,4.031,2.587,1.605,1.870,3.142,3.188,1.335,1.890,1.510,3.478,1.494,1.345,2.376,3.055,2.215,4.355,2.938,2.502,1.914,3.089,1.756,3.208,3.600,3.764,0.910,1.507,2.772,2.301,2.673,3.251,2.010,3.224,2.782,1.583,1.771,2.381,2.186,4.271,2.647,4.396,1.212,1.332,1.682,1.054,2.489,1.604,2.443,1.354,3.170,2.387,2.144,2.594,2.925,2.279,2.933,1.506,1.593,4.687,1.552,2.265,1.154,3.633,4.261,4.751,0.592,2.747,2.776,1.343,0.752,1.800,2.115,4.825,2.128,1.839,1.058,2.451,1.500,1.838,4.050
44,31.070,30.387,30.285,50.873,1.765,3.031,3.342,3.911,3.351,2.334,1.499,2.574,2.476,0,1.253,2.472,3.262,1.598,3.036,3.691,1.011,3.332,2.925,2.236,1.841,1.752,2.172,2.835,0.787,1.739,3.408,1.017,2.354,2.454,3.014,1.989,3.781,2.549,1.496,2.338,3.558,1.908,3.400,2.154,2.582,2.357,2.637,4.342,2.232,2.789,3.905,2.275,3.015,3.173,3.430,0.855,2.901,3.141,4.612,3.813,3.710,1.358,1.867,2.009,2.034,1.425,3.519,4.212,2.546,2.807,0.474,2.714,3.742,3.628,2.203,2.503,2.071,3.723,4.432,2.433,3.549,3.533,3.391,4.096,3.949,3.068,4.126,3.661,2.154,2.461,1.589,1.213,4.322,3.291,1.747,1.862,3.238,3.091,1.574,4.058
43,31.987,31.574,31.191,52.049,1.715,2.565,2.747,3.343,2.824,2.225,0.760,2.905,1.457,1.253,0,1.226,2.964,1.771,2.810,2.934,1.006,2.935,1.960,1.059,1.203,1.755,2.000,1.951,0.812,0.687,3.155,0.583,1.251,1.574,2.375,2.197,3.504,2.155,1.587,1.747,2.854,0.838,2.897,2.222,2.505,1.453,2.225,3.202,1.535,1.919,2.902,1.306,2.358,2.212,2.177,0.448,1.969,1.995,3.895,2.750,3.332,0.457,1.447,0.890,1.047,1.806,2.875,3.353,1.315,2.169,1.208,2.514,2.664,2.645,1.331,1.997,1.327,2.869,3.994,2.111,2.495,2.569,3.068,3.491,3.680,2.022,3.551,3.078,1.154,1.303,0.607,1.172,3.907,2.560,0.801,1.164,2.257,2.345,1.045,3.328
72,32.859,32.697,32.209,53.235,2.529,2.761,2.787,3.206,2.968,2.774,1.495,3.742,0.950,2.472,1.226,0,3.217,2.645,3.229,2.739,2.041,3.181,1.688,0.758,1.676,2.565,2.654,1.486,1.928,1.085,3.446,1.607,0.929,1.538,2.465,2.863,3.811,2.548,2.370,1.966,2.726,1.029,2.989,2.999,3.135,1.279,2.285,2.306,1.813,1.829,2.364,1.322,2.447,1.840,0.970,1.638,1.617,1.250,3.664,2.077,3.536,1.251,1.870,0.914,1.069,2.732,2.529,2.786,0.510,2.322,2.365,2.726,1.978,2.173,1.464,2.249,1.546,2.221,4.088,2.351,1.708,1.800,3.346,3.462,3.934,1.226,3.313,2.819,1.119,0.637,1.216,2.029,3.979,2.188,1.264,1.464,1.843,2.070,1.617,3.116
73,34.127,31.253,31.235,52.686,2.890,4.934,4.792,6.113,2.659,0.959,2.487,2.347,3.877,3.262,2.964,3.217,0,1.762,1.590,4.798,3.622,1.913,2.840,2.808,3.872,1.975,3.453,3.225,3.522,3.261,5.686,3.432,3.695,1.848,4.052,4.943,4.859,4.238,2.238,4.542,4.970,2.470,5.225,2.724,3.271,4.254,4.286,4.858,3.683,2.954,3.484,3.224,3.319,2.229,3.599,2.886,1.775,2.653,5.238,4.456,1.841,3.410,4.387,2.530,3.844,4.513,5.260,5.967,3.244,2.489,2.939,4.026,4.299,3.942,2.103,1.007,4.163,4.574,5.212,4.951,2.595,4.547,5.203,4.039,1.528,4.243,6.409,3.122,3.809,3.772,2.553,2.487,1.554,3.100,2.983,4.097,4.078,5.156,2.303,2.149
63,32.419,30.573,30.311,51.411,1.565,3.731,3.773,4.947,2.467,0.890,1.358,1.472,3.102,1.598,1.771,2.645,1.762,0,1.652,3.972,2.093,2.082,2.485,2.160,2.607,0.670,2.221,2.948,2.013,2.178,4.346,2.073,2.802,1.668,3.144,3.495,3.879,3.026,1.257,3.293,4.019,1.707,4.076,1.561,2.226,3.220,3.462,4.488,2.588,2.422,3.425,2.360,2.678,2.381,3.410,1.519,2.101,2.661,4.631,3.944,2.349,2.192,3.096,1.832,2.779,2.897,4.457,5.084,2.648,2.072,1.381,3.329,3.822,3.504,1.583,1.244,2.965,4.201,4.433,3.720,3.023,4.070,3.993,3.646,2.431,3.631,5.287,3.384,2.775,2.973,1.542,1.349,2.813,3.156,1.924,2.899,3.396,4.111,1.465,2.877
52,33.603,31.511,30.083,51.948,1.860,3.995,3.767,5.495,1.332,1.643,2.083,1.308,4.008,3.036,2.810,3.229,1.590,1.652,0,3.815,3.107,0.566,2.156,2.547,3.266,1.287,2.301,3.879,3.204,2.853,4.741,3.279,3.303,1.756,2.982,4.848,3.478,3.215,2.766,3.965,4.031,2.265,4.261,1.485,1.893,4.043,4.769,4.376,2.867,2.113,2.753,2.585,2.172,1.907,3.643,2.782,2.261,2.569,4.075,3.809,0.733,3.245,4.203,2.349,3.558,4.036,5.559,5.634,3.024,1.414,2.931,4.730,3.669,3.130,1.767,1.488,3.710,5.150,3.839,4.913,3.285,4.926,4.089,2.720,1.018,4.430,6.075,4.291,3.395,3.637,2.278,2.830,1.503,4.060,2.471,3.900,3.340,4.934,2.704,1.631
55,32.463,33.727,30.774,52.544,2.655,1.161,0.577,2.368,2.711,4.440,2.752,4.157,3.225,3.691,2.934,2.739,4.798,3.972,3.815,0,2.736,3.513,2.033,2.406,1.957,3.445,2.116,4.221,3.062,2.254,1.875,3.140,1.940,3.080,0.911,4.056,1.712,1.338,4.424,1.932,0.441,2.718,1.050,3.041,2.549,2.560,4.628,1.814,1.482,1.854,1.992,1.766,1.662,2.837,2.797,3.278,3.644,2.744,1.142,1.181,3.931,2.885,3.100,2.681,2.356,3.213,4.450,2.799,2.271,2.433,3.917,5.205,1.252,1.180,2.792,3.914,2.124,4.659,1.676,3.709,4.060,4.052,1.305,1.927,4.619,3.387,3.387,5.532,2.010,2.487,2.743,4.065,4.805,4.920,2.241,2.816,0.953,2.857,3.845,3.618
92,31.170,31.243,30.381,51.209,1.465,2.031,2.370,2.991,2.997,2.814,1.261,2.850,2.117,1.011,1.006,2.041,3.622,2.093,3.107,2.736,0,3.241,2.380,1.767,0.870,1.933,1.576,2.890,0.437,1.057,2.457,0.805,1.585,2.317,2.148,1.911,3.004,1.626,2.193,1.381,2.568,1.617,2.398,2.032,2.191,1.677,2.781,3.513,1.341,2.196,3.276,1.554,2.369,2.858,2.929,0.982,2.875,2.755,3.715,2.954,3.680,0.943,1.370,1.687,1.313,0.979,3.295,3.393,1.971,2.421,1.340,3.126,2.906,2.838,1.977,2.714,1.184,3.618,3.613,2.106,3.475,3.261,2.445,3.435,4.088,2.669,3.384,4.018,1.336,1.855,1.316,1.804,4.431,3.517,1.147,1.274,2.369,2.392,1.910,3.858
70,33.886,32.054,30.236,52.285,1.967,3.845,3.534,5.362,0.879,2.068,2.187,1.750,4.031,3.332,2.935,3.181,1.913,2.082,0.566,3.513,3.241,0,1.873,2.479,3.251,1.627,2.269,3.979,3.378,2.853,4.629,3.439,3.209,1.742,2.734,5.033,3.229,3.094,3.130,3.918,3.777,2.290,4.075,1.645,1.851,4.025,4.945,4.039,2.757,1.846,2.310,2.457,1.862,1.644,3.467,2.990,2.262,2.366,3.665,3.483,0.468,3.349,4.290,2.351,3.546,4.192,5.620,5.478,2.910,1.136,3.258,4.980,3.342,2.761,1.754,1.719,3.688,5.197,3.492,5.014,3.242,4.923,3.916,2.270,1.118,4.405,6.001,4.483,3.340,3.582,2.356,3.139,1.464,4.204,2.466,3.955,3.064,4.889,2.944,1.198
10,33.429,32.985,31.231,52.966,1.827,2.505,2.184,3.711,1.391,2.656,1.458,2.927,2.587,2.925,1.960,1.688,2.840,2.485,2.156,2.033,2.380,1.873,0,1.044,1.941,2.037,1.811,2.957,2.531,1.533,3.362,2.478,1.559,1.162,1.502,3.983,2.671,2.000,2.996,2.449,2.266,1.240,2.691,2.085,2.005,2.467,3.870,2.225,1.422,0.344,0.996,0.923,0.983,0.828,1.828,2.281,1.733,1.011,2.545,1.681,2.257,2.212,3.000,1.203,2.057,3.291,4.170,3.660,1.256,0.865,2.919,4.189,1.532,1.115,1.001,2.004,2.225,3.874,2.839,3.685,2.388,3.443,2.806,1.872,2.854,2.851,4.305,3.966,1.785,1.971,1.436,2.764,2.948,3.458,1.273,2.596,1.300,3.236,2.416,1.828
93,32.880,32.500,31.576,52.838,1.858,2.485,2.423,3.361,2.234,2.373,0.918,3.077,1.605,2.236,1.059,0.758,2.808,2.160,2.547,2.406,1.767,2.479,1.044,0,1.432,1.940,1.999,2.031,1.769,0.772,3.254,1.587,0.909,0.997,1.931,3.088,3.226,2.081,2.253,1.940,2.461,0.460,2.741,2.291,2.413,1.639,2.828,2.381,1.329,1.139,1.909,0.735,1.758,1.315,1.386,1.451,1.422,0.999,3.241,1.949,2.864,1.281,2.117,0.350,1.229,2.635,3.209,3.192,0.508,1.576,2.174,3.170,1.826,1.774,0.799,1.815,1.566,2.952,3.536,2.757,1.939,2.555,2.972,2.818,3.316,1.963,3.705,3.190,1.102,1.111,0.703,1.943,3.426,2.629,0.698,1.708,1.546,2.505,1.569,2.555
85,31.572,32.105,30.774,51.812,1.692,1.374,1.660,2.349,2.817,3.206,1.391,3.287,1.870,1.841,1.203,1.676,3.872,2.607,3.266,1.957,0.870,3.251,1.941,1.432,0,2.313,1.536,2.878,1.127,0.715,1.969,1.220,0.906,2.245,1.541,2.259,2.622,1.134,2.739,0.714,1.776,1.523,1.711,2.289,2.231,1.210,2.951,2.686,0.713,1.767,2.694,1.021,1.961,2.572,2.393,1.475,2.800,2.366,3.013,2.129,3.707,1.049,1.359,1.535,0.829,1.463,3.146,2.701,1.462,2.227,2.079,3.453,2.101,2.124,1.896,2.895,0.554,3.462,3.103,2.110,3.288,2.979,1.920,2.979,4.219,2.311,2.884,4.175,0.656,1.353,1.354,2.327,4.489,3.593,0.919,1.101,1.572,1.899,2.244,3.662
13,32.484,30.980,30.065,51.416,0.992,3.278,3.251,4.653,1.871,1.324,1.129,1.191,3.142,1.752,1.755,2.565,1.975,0.670,1.287,3.445,1.933,1.627,2.037,1.940,2.313,0,1.638,3.195,1.991,1.952,3.933,2.116,2.552,1.497,2.580,3.613,3.245,2.521,1.810,3.025,3.525,1.545,3.607,0.935,1.576,3.112,3.760,4.119,2.142,1.916,2.948,1.964,2.069,2.069,3.269,1.617,2.128,2.443,4.028,3.520,1.977,2.172,3.086,1.671,2.632,2.819,4.602,4.874,2.440,1.502,1.691,3.758,3.401,3.007,1.314,1.361,2.751,4.402,3.786,3.787,3.115,4.176,3.475,3.003,2.236,3.657,5.136,3.813,2.542,2.853,1.384,1.774,2.662,3.506,1.622,2.848,2.947,4.000,1.792,2.528
94,31.903,31.769,29.623,51.186,0.663,1.851,1.793,3.517,1.789,2.910,1.524,2.160,3.188,2.172,2.000,2.654,3.453,2.221,2.301,2.116,1.576,2.269,1.811,1.999,1.536,1.638,0,3.838,1.948,1.681,2.491,2.217,2.072,2.222,1.235,3.458,1.702,1.034,3.025,2.115,2.159,1.910,2.148,1.033,0.717,2.708,4.180,3.381,1.108,1.485,2.516,1.430,1.199,2.422,3.253,2.080,2.993,2.670,2.701,2.664,2.728,2.182,2.786,1.985,2.254,2.319,4.612,4.059,2.305,1.463,2.426,4.478,2.602,2.185,1.853,2.681,2.087,4.736,2.331,3.555,3.824,4.307,1.886,2.057,3.290,3.649,4.308,4.877,2.008,2.630,1.734,2.768,3.697,4.400,1.415,2.558,2.024,3.419,2.745,3.033
42,33.038,32.178,33.042,53.599,3.520,4.121,4.234,4.291,4.051,2.797,2.382,4.341,1.335,2.835,1.951,1.486,3.225,2.948,3.879,4.221,2.890,3.979,2.957,2.031,2.878,3.195,3.838,0,2.572,2.288,4.705,2.150,2.335,2.263,3.903,3.040,5.209,3.894,2.081,3.132,4.179,2.003,4.374,3.915,4.254,2.212,1.504,3.575,3.175,3.137,3.635,2.707,3.779,2.760,1.905,2.107,1.875,2.226,5.143,3.501,4.236,1.984,2.438,1.944,2.185,3.407,2.191,3.666,1.982,3.430,2.526,1.636,3.402,3.611,2.369,2.488,2.680,1.356,5.539,2.581,1.491,1.448,4.726,4.815,4.409,1.460,4.017,1.451,2.413,1.840,2.126,1.896,4.377,0.794,2.451,2.211,3.327,2.812,1.520,3.870
49,31.193,31.099,30.655,51.330,1.733,2.392,2.734,3.160,3.220,2.677,1.279,2.971,1.890,0.787,0.812,1.928,3.522,2.013,3.204,3.062,0.437,3.378,2.531,1.769,1.127,1.991,1.948,2.572,0,1.118,2.800,0.435,1.654,2.291,2.502,1.667,3.425,2.032,1.878,1.574,2.894,1.578,2.751,2.269,2.522,1.605,2.386,3.648,1.654,2.398,3.459,1.736,2.663,2.911,2.869,0.693,2.756,2.752,4.066,3.145,3.797,0.712,1.192,1.646,1.285,1.037,3.012,3.433,1.969,2.614,1.037,2.698,3.090,3.070,1.996,2.618,1.288,3.309,4.017,1.879,3.296,3.008,2.850,3.762,4.149,2.467,3.397,3.665,1.415,1.778,1.280,1.468,4.465,3.179,1.261,1.127,2.598,2.342,1.611,3.952
25,32.117,32.122,31.156,52.230,1.616,1.981,2.102,2.869,2.542,2.640,0.859,3.062,1.510,1.739,0.687,1.085,3.261,2.178,2.853,2.254,1.057,2.853,1.533,0.772,0.715,1.952,1.681,2.288,1.118,0,2.658,1.022,0.667,1.595,1.758,2.451,2.979,1.615,2.237,1.293,2.185,0.835,2.289,2.173,2.262,1.210,2.646,2.609,0.924,1.455,2.400,0.707,1.869,2.005,1.900,1.084,2.095,1.760,3.236,2.103,3.283,0.735,1.500,0.835,0.714,1.880,3.004,2.930,0.919,1.889,1.815,3.067,2.027,2.021,1.283,2.263,0.913,3.060,3.407,2.225,2.600,2.630,2.506,2.974,3.747,1.984,3.248,3.538,0.601,1.013,0.719,1.844,3.959,2.965,0.395,1.128,1.585,2.089,1.646,3.165
22,30.596,32.720,30.026,51.164,3.018,0.864,1.400,1.578,3.957,5.049,3.264,4.579,3.478,3.408,3.155,3.446,5.686,4.346,4.741,1.875,2.457,4.629,3.362,3.254,1.969,3.933,2.491,4.705,2.800,2.658,0,3.011,2.528,4.059,2.059,3.192,2.278,1.536,4.622,1.578,1.477,3.430,0.827,3.497,3.097,2.579,4.500,3.234,2.051,3.115,3.711,2.635,2.924,4.161,3.872,3.355,4.663,4.003,2.705,2.736,5.092,2.923,2.642,3.432,2.520,2.309,4.272,2.752,3.151,3.586,3.789,5.127,2.821,2.904,3.695,4.751,2.029,4.951,2.651,3.108,5.097,4.377,0.951,3.411,5.707,3.741,2.674,6.077,2.343,2.957,3.284,4.213,6.029,5.467,2.791,2.618,2.388,2.569,4.198,5.072
45,31.437,31.287,31.083,51.709,1.981,2.564,2.876,3.167,3.308,2.616,1.263,3.185,1.494,1.017,0.583,1.607,3.432,2.073,3.279,3.140,0.805,3.439,2.478,1.587,1.220,2.116,2.217,2.150,0.435,1.022,3.011,0,1.499,2.154,2.637,1.627,3.682,2.256,1.728,1.618,2.982,1.419,2.905,2.514,2.784,1.367,2.004,3.498,1.762,2.401,3.397,1.713,2.766,2.789,2.566,0.567,2.517,2.542,4.168,3.061,3.843,0.383,1.025,1.464,1.081,1.332,2.655,3.270,1.740,2.669,1.085,2.345,2.999,3.042,1.904,2.504,1.241,2.881,4.223,1.674,2.958,2.597,3.084,3.887,4.177,2.082,3.288,3.287,1.291,1.486,1.172,1.285,4.439,2.779,1.238,0.898,2.567,2.150,1.347,3.899
28,32.322,32.737,31.587,52.709,2.157,1.834,1.906,2.457,2.786,3.172,1.457,3.648,1.345,2.354,1.251,0.929,3.695,2.802,3.303,1.940,1.585,3.209,1.559,0.909,0.906,2.552,2.072,2.335,1.654,0.667,2.528,1.499,0,1.900,1.715,2.650,3.041,1.707,2.784,1.137,1.858,1.237,2.065,2.702,2.668,0.923,2.736,2.005,1.041,1.542,2.211,0.810,1.982,2.097,1.497,1.684,2.286,1.681,2.973,1.580,3.630,1.142,1.572,1.169,0.581,2.221,2.796,2.356,0.660,2.159,2.430,3.282,1.523,1.718,1.647,2.692,0.810,2.873,3.344,2.199,2.577,2.344,2.435,2.980,4.141,1.658,2.834,3.697,0.321,0.625,1.274,2.385,4.284,3.071,0.936,1.161,1.186,1.697,2.114,3.319
34,33.446,32.213,31.439,52.874,1.867,3.265,3.116,4.336,1.826,1.601,1.072,2.539,2.376,2.454,1.574,1.538,1.848,1.668,1.756,3.080,2.317,1.742,1.162,0.997,2.245,1.497,2.222,2.263,2.291,1.595,4.059,2.154,1.900,0,2.449,3.764,3.558,2.688,2.021,2.857,3.225,0.789,3.529,2.059,2.356,2.589,3.311,3.083,2.018,1.320,2.005,1.455,1.896,0.818,1.958,1.761,0.782,1.016,3.692,2.657,2.048,1.971,2.933,0.804,2.168,3.270,3.943,4.173,1.432,1.272,2.272,3.422,2.507,2.246,0.389,0.908,2.490,3.455,3.866,3.564,1.736,3.201,3.634,2.853,2.397,2.728,4.694,3.005,2.066,2.055,1.024,1.899,2.475,2.595,1.333,2.562,2.277,3.475,1.506,1.821
90,32.381,32.963,30.329,52.073,1.768,1.232,0.801,2.845,1.976,3.659,2.038,3.247,3.055,3.014,2.375,2.465,4.052,3.144,2.982,0.911,2.148,2.734,1.502,1.931,1.541,2.580,1.235,3.903,2.502,1.758,2.059,2.637,1.715,2.449,0,3.778,1.373,0.782,3.741,1.838,1.081,2.124,1.374,2.130,1.658,2.467,4.358,2.321,0.877,1.217,1.804,1.213,0.899,2.320,2.747,2.657,3.122,2.394,1.600,1.587,3.177,2.435,2.872,2.123,2.113,2.797,4.450,3.298,1.991,1.665,3.235,4.824,1.563,1.182,2.121,3.198,1.918,4.578,1.657,3.587,3.734,4.037,1.338,1.538,3.847,3.353,3.771,5.117,1.759,2.337,2.100,3.419,4.103,4.552,1.618,2.573,1.024,3.012,3.241,3.056
1,30.082,30.857,31.221,51.151,3.359,3.168,3.704,3.031,4.850,4.067,2.877,4.528,2.215,1.989,2.197,2.863,4.943,3.495,4.848,4.056,1.911,5.033,3.983,3.088,2.259,3.613,3.458,3.040,1.667,2.451,3.192,1.627,2.650,3.764,3.778,0,4.647,3.200,2.891,2.134,3.748,3.015,3.452,3.893,4.091,1.952,1.971,4.416,2.966,3.885,4.811,3.117,4.166,4.367,3.702,2.118,4.035,4.014,5.171,4.093,5.445,1.824,1.100,3.038,2.076,1.298,2.299,3.260,3.065,4.227,2.166,2.448,4.085,4.292,3.523,4.072,2.008,3.150,5.217,0.943,4.249,2.940,3.692,5.220,5.763,2.626,2.749,4.113,2.367,2.484,2.791,2.514,6.047,3.648,2.754,1.508,3.690,2.082,2.721,5.516
96,32.016,32.854,29.120,51.204,2.333,1.837,1.473,3.555,2.450,4.490,3.094,3.463,4.355,3.781,3.504,3.811,4.859,3.879,3.478,1.712,3.004,3.229,2.671,3.226,2.622,3.245,1.702,5.209,3.425,2.979,2.278,3.682,3.041,3.558,1.373,4.647,0,1.501,4.707,2.845,1.848,3.325,1.855,2.456,1.765,3.688,5.558,3.451,2.074,2.357,2.788,2.513,1.739,3.406,4.110,3.678,4.295,3.655,1.644,2.759,3.623,3.575,3.925,3.355,3.349,3.464,5.679,4.330,3.349,2.471,4.085,5.990,2.768,2.317,3.229,4.152,3.048,5.913,0.784,4.634,5.019,5.373,1.339,1.586,4.298,4.684,4.662,6.365,3.021,3.664,3.240,4.428,4.658,5.833,2.800,3.712,2.326,4.132,4.349,3.768
91,31.624,32.390,30.009,51.469,1.597,0.819,0.874,2.542,2.453,3.682,1.968,3.188,2.938,2.549,2.155,2.548,4.238,3.026,3.215,1.338,1.626,3.094,2.000,2.081,1.134,2.521,1.034,3.894,2.032,1.615,1.536,2.256,1.707,2.688,0.782,3.200,1.501,0,3.545,1.399,1.231,2.188,1.121,2.062,1.665,2.235,4.085,2.790,0.754,1.701,2.518,1.372,1.470,2.783,3.046,2.365,3.381,2.799,2.185,2.094,3.558,2.136,2.425,2.213,1.897,2.115,4.215,3.208,2.163,2.071,2.857,4.559,2.091,1.876,2.313,3.350,1.565,4.524,2.033,3.143,4.008,4.000,0.990,2.206,4.172,3.312,3.454,5.139,1.604,2.302,2.053,3.193,4.500,4.575,1.555,2.216,1.496,2.744,3.122,3.603
56,32.213,30.467,31.226,51.815,2.455,4.076,4.238,4.867,3.450,1.363,1.715,2.709,2.502,1.496,1.587,2.370,2.238,1.257,2.766,4.424,2.193,3.130,2.996,2.253,2.739,1.810,3.025,2.081,1.878,2.237,4.622,1.728,2.784,2.021,3.741,2.891,4.707,3.545,0,3.288,4.392,1.841,4.425,2.671,3.256,2.881,2.402,4.591,2.987,3.014,3.952,2.693,3.449,2.837,3.206,1.276,2.097,2.803,5.271,4.184,3.379,1.887,2.648,1.923,2.577,2.793,3.576,4.795,2.611,2.919,1.029,2.119,4.071,3.957,2.016,1.668,2.880,3.273,5.249,3.071,2.664,3.291,4.499,4.530,3.407,3.011,4.908,2.401,2.730,2.686,1.704,0.449,3.633,2.209,2.184,2.520,3.715,3.703,0.759,3.621
16,31.271,32.425,31.009,51.914,2.369,1.182,1.631,1.656,3.417,3.877,2.075,3.979,1.914,2.338,1.747,1.966,4.542,3.293,3.965,1.932,1.381,3.918,2.449,1.940,0.714,3.025,2.115,3.132,1.574,1.293,1.578,1.618,1.137,2.857,1.838,2.134,2.845,1.399,3.288,0,1.623,2.122,1.446,2.962,2.826,1.036,3.000,2.581,1.219,2.299,3.047,1.559,2.462,3.113,2.553,2.025,3.335,2.797,3.062,2.127,4.374,1.441,1.232,2.106,0.959,1.527,2.905,2.113,1.795,2.850,2.599,3.628,2.150,2.353,2.533,3.549,0.465,3.436,3.259,1.840,3.666,2.895,1.835,3.362,4.907,2.243,2.207,4.516,0.873,1.444,1.995,2.852,5.153,3.900,1.577,1.081,1.706,1.384,2.771,4.245
61,32.072,33.566,30.756,52.350,2.702,0.809,0.434,1.957,3.009,4.537,2.774,4.273,3.089,3.558,2.854,2.726,4.970,4.019,4.031,0.441,2.568,3.777,2.266,2.461,1.776,3.525,2.159,4.179,2.894,2.185,1.477,2.982,1.858,3.225,1.081,3.748,1.848,1.231,4.392,1.623,0,2.765,0.656,3.142,2.680,2.342,4.445,1.941,1.444,2.078,2.351,1.821,1.930,3.078,2.866,3.189,3.786,2.924,1.502,1.363,4.212,2.743,2.831,2.731,2.187,2.930,4.217,2.516,2.298,2.673,3.814,5.057,1.452,1.515,2.916,4.050,1.886,4.541,1.922,3.409,4.174,3.925,1.080,2.312,4.883,3.259,3.013,5.535,1.868,2.382,2.754,4.008,5.091,4.910,2.235,2.587,1.108,2.555,3.821,3.943
38,32.763,32.073,31.351,52.553,1.624,2.690,2.669,3.651,2.179,1.949,0.551,2.715,1.756,1.908,0.838,1.029,2.470,1.707,2.265,2.718,1.617,2.290,1.240,0.460,1.523,1.545,1.910,2.003,1.578,0.835,3.430,1.419,1.237,0.789,2.124,3.015,3.325,2.188,1.841,2.122,2.765,0,2.981,2.026,2.273,1.850,2.768,2.838,1.472,1.289,2.192,0.958,1.856,1.374,1.765,1.135,1.301,1.236,3.531,2.379,2.670,1.199,2.152,0.132,1.408,2.536,3.336,3.553,0.943,1.518,1.801,3.007,2.255,2.125,0.553,1.464,1.731,3.066,3.707,2.808,1.987,2.744,3.139,2.954,3.063,2.193,3.975,3.041,1.341,1.404,0.334,1.557,3.219,2.532,0.658,1.782,1.924,2.755,1.210,2.520
77,31.421,33.158,30.375,51.788,2.712,0.372,0.624,1.701,3.344,4.692,2.893,4.307,3.208,3.400,2.897,2.989,5.225,4.076,4.261,1.050,2.398,4.075,2.691,2.741,1.711,3.607,2.148,4.374,2.751,2.289,0.827,2.905,2.065,3.529,1.374,3.452,1.855,1.121,4.425,1.446,0.656,2.981,0,3.178,2.727,2.365,4.432,2.515,1.558,2.461,2.926,2.083,2.272,3.508,3.287,3.173,4.127,3.364,1.966,1.967,4.528,2.732,2.669,2.966,2.239,2.568,4.216,2.577,2.616,2.991,3.720,5.051,2.051,2.107,3.185,4.294,1.823,4.702,2.104,3.226,4.555,4.100,0.658,2.714,5.177,3.434,2.828,5.745,1.971,2.570,2.899,4.027,5.446,5.124,2.375,2.514,1.636,2.499,3.920,4.392
14,32.246,31.176,29.396,51.009,0.601,2.877,2.793,4.482,1.570,2.222,1.575,1.135,3.600,2.154,2.222,2.999,2.724,1.561,1.485,3.041,2.032,1.645,2.085,2.291,2.289,0.935,1.033,3.915,2.269,2.173,3.497,2.514,2.702,2.059,2.130,3.893,2.456,2.062,2.671,2.962,3.142,2.026,3.178,0,0.706,3.341,4.390,4.088,1.950,1.840,2.858,1.998,1.667,2.375,3.634,2.156,2.803,2.816,3.482,3.404,2.049,2.552,3.340,2.136,2.852,2.845,5.074,4.912,2.736,1.391,2.284,4.501,3.307,2.814,1.784,2.167,2.819,5.020,3.044,4.094,3.783,4.698,2.902,2.428,2.480,4.101,5.165,4.684,2.672,3.160,1.855,2.562,2.980,4.321,1.823,3.115,2.793,4.159,2.591,2.688
12,32.242,31.662,29.252,51.059,0.852,2.472,2.301,4.195,1.433,2.851,1.888,1.726,3.764,2.582,2.505,3.135,3.271,2.226,1.893,2.549,2.191,1.851,2.005,2.413,2.231,1.576,0.717,4.254,2.522,2.262,3.097,2.784,2.668,2.356,1.658,4.091,1.765,1.665,3.256,2.826,2.680,2.273,2.727,0.706,0,3.368,4.722,3.809,1.747,1.698,2.612,1.931,1.284,2.478,3.670,2.536,3.134,2.905,2.874,3.090,2.273,2.765,3.456,2.358,2.896,2.948,5.242,4.722,2.780,1.366,2.783,4.937,3.012,2.473,2.047,2.667,2.779,5.261,2.351,4.227,4.061,4.864,2.380,1.878,2.833,4.222,5.016,5.156,2.648,3.214,2.135,3.085,3.296,4.734,1.930,3.218,2.489,4.111,3.065,2.774
7,31.737,32.522,31.894,52.605,2.757,2.142,2.439,2.132,3.666,3.620,2.012,4.228,0.910,2.357,1.453,1.279,4.254,3.220,4.043,2.560,1.677,4.025,2.467,1.639,1.210,3.112,2.708,2.212,1.605,1.210,2.579,1.367,0.923,2.589,2.467,1.952,3.688,2.235,2.881,1.036,2.342,1.850,2.365,3.341,3.368,0,2.125,2.491,1.734,2.452,3.103,1.682,2.859,2.919,1.903,1.797,2.840,2.414,3.674,2.242,4.443,1.076,0.869,1.795,0.497,1.929,1.995,1.930,1.367,3.023,2.444,2.811,2.230,2.569,2.366,3.256,0.706,2.401,4.039,1.326,2.936,1.868,2.812,3.854,4.897,1.226,2.157,3.640,0.763,0.676,1.809,2.443,5.049,3.002,1.600,0.550,1.969,0.914,2.265,4.173
57,31.661,31.453,32.809,52.765,3.910,4.164,4.492,3.973,4.944,3.600,2.931,4.859,1.507,2.637,2.225,2.285,4.286,3.462,4.769,4.628,2.781,4.945,3.870,2.828,2.951,3.760,4.180,1.504,2.386,2.646,4.500,2.004,2.736,3.311,4.358,1.971,5.558,4.085,2.402,3.000,4.445,2.768,4.432,4.390,4.722,2.125,0,4.262,3.515,3.942,4.644,3.286,4.477,3.917,2.931,2.241,3.175,3.406,5.704,4.149,5.268,2.010,1.874,2.744,2.288,2.845,1.348,3.504,2.745,4.282,2.435,0.836,4.095,4.380,3.268,3.513,2.628,1.461,6.000,1.618,2.983,1.617,4.794,5.580,5.462,1.716,3.429,2.374,2.640,2.224,2.719,2.133,5.559,1.942,2.933,1.931,3.905,2.427,2.098,5.092
6,33.594,34.726,32.564,54.217,3.674,2.587,2.275,2.761,3.406,4.664,3.190,5.078,2.772,4.342,3.202,2.306,4.858,4.488,4.376,1.814,3.513,4.039,2.225,2.381,2.686,4.119,3.381,3.575,3.648,2.609,3.234,3.498,2.005,3.083,2.321,4.416,3.451,2.790,4.591,2.581,1.941,2.838,2.515,4.088,3.809,2.491,4.262,0,2.428,2.333,1.886,2.231,2.617,2.692,1.748,3.646,3.274,2.240,2.346,0.736,4.378,3.130,3.332,2.730,2.476,4.049,3.825,2.259,1.981,3.031,4.402,4.881,0.797,1.432,2.973,3.984,2.553,3.729,3.282,3.737,3.216,3.119,3.014,2.973,4.985,2.620,3.268,4.846,2.247,2.166,3.030,4.246,4.951,4.219,2.703,2.976,1.360,2.654,3.860,3.634
18,32.049,32.431,30.599,51.973,1.415,1.260,1.255,2.635,2.204,3.143,1.354,3.032,2.301,2.232,1.535,1.813,3.683,2.588,2.867,1.482,1.341,2.757,1.422,1.329,0.713,2.142,1.108,3.175,1.654,0.924,2.051,1.762,1.041,2.018,0.877,2.966,2.074,0.754,2.987,1.219,1.444,1.472,1.558,1.950,1.747,1.734,3.515,2.428,0,1.181,2.107,0.637,1.267,2.163,2.352,1.826,2.667,2.097,2.423,1.761,3.218,1.563,2.054,1.481,1.319,2.069,3.710,2.990,1.427,1.670,2.440,3.970,1.714,1.548,1.653,2.742,1.158,3.870,2.501,2.797,3.259,3.368,1.668,2.267,3.800,2.684,3.350,4.416,0.999,1.648,1.379,2.628,4.065,3.847,0.857,1.748,1.121,2.414,2.477,3.144
86,33.167,32.828,30.918,52.655,1.565,2.262,1.943,3.592,1.277,2.701,1.381,2.761,2.673,2.789,1.919,1.829,2.954,2.422,2.113,1.854,2.196,1.846,0.344,1.139,1.767,1.916,1.485,3.137,2.398,1.455,3.115,2.401,1.542,1.320,1.217,3.885,2.357,1.701,3.014,2.299,2.078,1.289,2.461,1.840,1.698,2.452,3.942,2.333,1.181,0,1.152,0.799,0.680,1.113,2.074,2.217,1.977,1.331,2.384,1.712,2.267,2.161,2.928,1.278,2.018,3.100,4.249,3.663,1.379,0.734,2.832,4.271,1.582,1.104,1.075,2.114,2.115,4.046,2.579,3.644,2.682,3.601,2.522,1.689,2.891,2.979,4.252,4.175,1.723,2.032,1.411,2.769,3.053,3.665,1.164,2.544,1.232,3.217,2.474,1.990
65,34.120,33.921,31.554,53.631,2.681,2.860,2.365,3.970,1.689,3.501,2.452,3.677,3.251,3.905,2.902,2.364,3.484,3.425,2.753,1.992,3.276,2.310,0.996,1.909,2.694,2.948,2.516,3.635,3.459,2.400,3.711,3.397,2.211,2.005,1.804,4.811,2.788,2.518,3.952,3.047,2.351,2.192,2.926,2.858,2.612,3.103,4.644,1.886,2.107,1.152,0,1.741,1.372,1.318,2.089,3.254,2.373,1.463,2.120,1.479,2.595,3.096,3.767,2.131,2.781,4.125,4.749,3.834,1.917,1.528,3.912,5.016,1.341,0.848,1.951,2.795,2.909,4.398,2.672,4.406,2.806,3.924,3.073,1.610,3.237,3.369,4.647,4.617,2.478,2.595,2.415,3.732,3.211,4.109,2.205,3.356,1.444,3.721,3.347,1.854
75,32.561,32.571,31.051,52.450,1.514,1.826,1.723,2.977,1.993,2.762,1.045,2.979,2.010,2.275,1.306,1.322,3.224,2.360,2.585,1.766,1.554,2.457,0.923,0.735,1.021,1.964,1.430,2.707,1.736,0.707,2.635,1.713,0.810,1.455,1.213,3.117,2.513,1.372,2.693,1.559,1.821,0.958,2.083,1.998,1.931,1.682,3.286,2.231,0.637,0.799,1.741,0,1.223,1.589,1.829,1.668,2.059,1.467,2.630,1.628,2.895,1.441,2.135,0.937,1.234,2.406,3.546,3.063,0.897,1.373,2.360,3.696,1.531,1.367,1.128,2.261,1.326,3.503,2.847,2.853,2.639,3.030,2.259,2.301,3.450,2.371,3.546,3.908,0.937,1.355,0.991,2.358,3.641,3.343,0.550,1.754,1.056,2.472,2.100,2.686
31,32.993,32.813,30.343,52.260,1.489,2.101,1.694,3.664,1.085,3.067,1.784,2.669,3.224,3.015,2.358,2.447,3.319,2.678,2.172,1.662,2.369,1.862,0.983,1.758,1.961,2.069,1.199,3.779,2.663,1.869,2.924,2.766,1.982,1.896,0.899,4.166,1.739,1.470,3.449,2.462,1.930,1.856,2.272,1.667,1.284,2.859,4.477,2.617,1.267,0.680,1.372,1.223,0,1.669,2.698,2.601,2.601,1.993,1.992,1.924,2.291,2.575,3.264,1.872,2.426,3.210,4.762,3.942,1.981,0.838,3.139,4.816,1.829,1.220,1.625,2.568,2.391,4.666,1.976,4.009,3.353,4.196,2.177,1.135,2.977,3.547,4.482,4.816,2.099,2.551,1.891,3.211,3.221,4.316,1.571,2.920,1.416,3.562,2.992,2.202
99,34.015,32.942,31.619,53.371,2.242,3.312,3.011,4.418,1.533,2.266,1.693,2.934,2.782,3.173,2.212,1.840,2.229,2.381,1.907,2.837,2.858,1.644,0.828,1.315,2.572,2.069,2.422,2.760,2.911,2.005,4.161,2.789,2.097,0.818,2.320,4.367,3.406,2.783,2.837,3.113,3.078,1.374,3.508,2.375,2.478,2.919,3.917,2.692,2.163,1.113,1.318,1.589,1.669,0,1.871,2.477,1.138,0.748,3.254,2.306,1.909,2.543,3.429,1.337,2.527,3.809,4.356,4.205,1.583,1.135,3.046,4.105,2.143,1.801,0.971,1.518,2.810,3.820,3.553,4.064,1.865,3.498,3.626,2.395,2.383,3.014,4.879,3.516,2.340,2.326,1.648,2.708,2.344,3.093,1.744,3.022,2.054,3.730,2.294,1.281
29,33.639,33.624,32.875,54.129,3.220,3.152,3.030,3.432,3.185,3.387,2.287,4.392,1.583,3.430,2.177,0.970,3.599,3.410,3.643,2.797,2.929,3.467,1.828,1.386,2.393,3.269,3.253,1.905,2.869,1.900,3.872,2.566,1.497,1.958,2.747,3.702,4.110,3.046,3.206,2.553,2.866,1.765,3.287,3.634,3.670,1.903,2.931,1.748,2.352,2.074,2.089,1.829,2.698,1.871,0,2.593,1.839,1.130,3.563,1.795,3.769,2.198,2.669,1.632,1.827,3.602,2.875,2.746,0.999,2.634,3.317,3.395,1.691,2.026,1.993,2.730,2.228,2.353,4.209,3.044,1.559,1.891,3.714,3.500,4.197,1.467,3.536,3.101,1.782,1.267,2.036,2.918,4.114,2.485,2.014,2.269,1.871,2.439,2.450,3.065
83,31.767,31.128,30.959,51.714,1.696,2.823,3.042,3.638,2.971,2.054,0.893,2.714,1.771,0.855,0.448,1.638,2.886,1.519,2.782,3.278,0.982,2.990,2.281,1.451,1.475,1.617,2.080,2.107,0.693,1.084,3.355,0.567,1.684,1.761,2.657,2.118,3.678,2.365,1.276,2.025,3.189,1.135,3.173,2.156,2.536,1.797,2.241,3.646,1.826,2.217,3.254,1.668,2.601,2.477,2.593,0,2.150,2.342,4.220,3.175,3.373,0.722,1.587,1.219,1.428,1.723,3.054,3.717,1.753,2.348,0.760,2.413,3.089,3.027,1.535,1.986,1.641,3.073,4.225,2.213,2.734,2.846,3.282,3.732,3.659,2.354,3.821,3.085,1.555,1.726,0.856,0.862,3.930,2.633,1.125,1.408,2.656,2.647,0.936,3.501
84,33.916,32.404,32.143,53.478,2.624,3.878,3.740,4.730,2.468,1.730,1.703,3.131,2.381,2.901,1.969,1.617,1.775,2.101,2.261,3.644,2.875,2.262,1.733,1.422,2.800,2.128,2.993,1.875,2.756,2.095,4.663,2.517,2.286,0.782,3.122,4.035,4.295,3.381,2.097,3.335,3.786,1.301,4.127,2.803,3.134,2.840,3.175,3.274,2.667,1.977,2.373,2.059,2.601,1.138,1.839,2.150,0,1.063,4.258,3.006,2.452,2.319,3.227,1.267,2.510,3.767,3.831,4.358,1.696,1.989,2.623,3.207,2.852,2.712,1.139,1.033,2.925,3.105,4.550,3.743,1.039,2.957,4.306,3.484,2.650,2.628,4.928,2.398,2.482,2.240,1.571,2.047,2.564,2.037,1.941,2.859,2.757,3.680,1.567,2.023
71,33.875,33.172,32.147,53.685,2.538,3.180,2.947,4.001,2.182,2.567,1.726,3.467,2.186,3.141,1.995,1.250,2.653,2.661,2.569,2.744,2.755,2.366,1.011,0.999,2.366,2.443,2.670,2.226,2.752,1.760,4.003,2.542,1.681,1.016,2.394,4.014,3.655,2.799,2.803,2.797,2.924,1.236,3.364,2.816,2.905,2.414,3.406,2.240,2.097,1.331,1.463,1.467,1.993,0.748,1.130,2.342,1.063,0,3.333,1.983,2.645,2.234,3.023,1.135,2.104,3.633,3.711,3.618,1.059,1.677,3.003,3.683,1.825,1.737,1.139,1.829,2.460,3.150,3.790,3.581,1.416,2.798,3.611,2.803,3.079,2.334,4.332,3.157,1.963,1.764,1.563,2.604,3.009,2.649,1.639,2.603,1.833,3.172,2.132,1.971
95,33.100,34.369,30.488,52.756,3.265,2.143,1.511,3.332,2.790,5.039,3.558,4.521,4.271,4.612,3.895,3.664,5.238,4.631,4.075,1.142,3.715,3.665,2.545,3.241,3.013,4.028,2.701,5.143,4.066,3.236,2.705,4.168,2.973,3.692,1.600,5.171,1.644,2.185,5.271,3.062,1.502,3.531,1.966,3.482,2.874,3.674,5.704,2.346,2.423,2.384,2.120,2.630,1.992,3.254,3.563,4.220,4.258,3.333,0,1.856,4.015,3.921,4.226,3.499,3.443,4.243,5.540,3.754,3.163,2.781,4.828,6.242,1.909,1.611,3.450,4.482,3.243,5.648,1.095,4.849,4.720,5.047,1.951,1.533,4.739,4.402,4.411,6.367,3.085,3.520,3.589,4.959,4.898,5.784,3.130,3.929,1.836,3.972,4.719,3.673
11,33.226,34.155,31.863,53.550,2.996,1.996,1.625,2.606,2.801,4.207,2.647,4.429,2.647,3.813,2.750,2.077,4.456,3.944,3.809,1.181,2.954,3.483,1.681,1.949,2.129,3.520,2.664,3.501,3.145,2.103,2.736,3.061,1.580,2.657,1.587,4.093,2.759,2.094,4.184,2.127,1.363,2.379,1.967,3.404,3.090,2.242,4.149,0.736,1.761,1.712,1.479,1.628,1.924,2.306,1.795,3.175,3.006,1.983,1.856,0,3.857,2.715,3.012,2.291,2.106,3.546,3.890,2.429,1.644,2.420,3.912,4.731,0.165,0.797,2.482,3.563,2.118,3.860,2.666,3.538,3.179,3.256,2.391,2.356,4.495,2.656,3.290,4.789,1.807,1.936,2.532,3.837,4.537,4.167,2.144,2.646,0.650,2.571,3.493,3.251
47,34.261,32.075,30.282,52.435,2.411,4.305,3.977,5.814,1.254,2.194,2.597,1.944,4.396,3.710,3.332,3.536,1.841,2.349,0.733,3.931,3.680,0.468,2.257,2.864,3.707,1.977,2.728,4.236,3.797,3.283,5.092,3.843,3.630,2.048,3.177,5.445,3.623,3.558,3.379,4.374,4.212,2.670,4.528,2.049,2.273,4.443,5.268,4.378,3.218,2.267,2.595,2.895,2.291,1.909,3.769,3.373,2.452,2.645,4.015,3.857,0,3.757,4.714,2.727,3.970,4.631,5.976,5.892,3.288,1.579,3.603,5.254,3.712,3.130,2.125,1.891,4.134,5.482,3.845,5.425,3.399,5.240,4.366,2.576,0.726,4.753,6.438,4.613,3.773,3.974,2.754,3.437,1.058,4.388,2.901,4.376,3.475,5.312,3.237,1.147
48,31.709,31.663,31.307,52.038,2.002,2.409,2.675,2.984,3.166,2.665,1.169,3.293,1.212,1.358,0.457,1.251,3.410,2.192,3.245,2.885,0.943,3.349,2.212,1.281,1.049,2.172,2.182,1.984,0.712,0.735,2.923,0.383,1.142,1.971,2.435,1.824,3.575,2.136,1.887,1.441,2.743,1.199,2.732,2.552,2.765,1.076,2.010,3.130,1.563,2.161,3.096,1.441,2.575,2.543,2.198,0.722,2.319,2.234,3.921,2.715,3.757,0,0.994,1.217,0.743,1.547,2.529,2.998,1.376,2.509,1.393,2.426,2.652,2.732,1.725,2.441,1.010,2.695,4.061,1.671,2.709,2.354,2.967,3.692,4.127,1.789,3.123,3.221,0.961,1.111,1.012,1.444,4.349,2.666,1.023,0.715,2.252,1.931,1.362,3.709
76,31.006,31.730,31.476,51.887,2.756,2.391,2.834,2.399,4.016,3.612,2.129,4.133,1.332,1.867,1.447,1.870,4.387,3.096,4.203,3.100,1.370,4.290,3.000,2.117,1.359,3.086,2.786,2.438,1.192,1.500,2.642,1.025,1.572,2.933,2.872,1.100,3.925,2.425,2.648,1.232,2.831,2.152,2.669,3.340,3.456,0.869,1.874,3.332,2.054,2.928,3.767,2.135,3.264,3.429,2.669,1.587,3.227,3.023,4.226,3.012,4.714,0.994,0,2.147,0.996,1.271,2.018,2.481,2.018,3.373,2.017,2.505,2.999,3.240,2.684,3.427,0.987,2.658,4.406,0.773,3.427,2.275,3.003,4.312,5.109,1.775,2.316,3.740,1.301,1.417,1.988,2.205,5.337,3.168,1.862,0.427,2.636,1.279,2.216,4.634
88,32.826,32.190,31.462,52.670,1.731,2.685,2.654,3.604,2.219,2.041,0.676,2.836,1.682,2.009,0.890,0.914,2.530,1.832,2.349,2.681,1.687,2.351,1.203,0.350,1.535,1.671,1.985,1.944,1.646,0.835,3.432,1.464,1.169,0.804,2.123,3.038,3.355,2.213,1.923,2.106,2.731,0.132,2.966,2.136,2.358,1.795,2.744,2.730,1.481,1.278,2.131,0.937,1.872,1.337,1.632,1.219,1.267,1.135,3.499,2.291,2.727,1.217,2.147,0,1.367,2.590,3.273,3.467,0.824,1.558,1.902,3.006,2.166,2.063,0.602,1.526,1.710,2.985,3.714,2.790,1.904,2.652,3.149,2.958,3.127,2.098,3.916,3.014,1.297,1.314,0.445,1.635,3.261,2.489,0.697,1.764,1.860,2.693,1.264,2.520
30,31.868,32.345,31.569,52.428,2.274,1.972,2.215,2.372,3.200,3.209,1.532,3.744,1.054,2.034,1.047,1.069,3.844,2.779,3.558,2.356,1.313,3.546,2.057,1.229,0.829,2.632,2.254,2.185,1.285,0.714,2.520,1.081,0.581,2.168,2.113,2.076,3.349,1.897,2.577,0.959,2.187,1.408,2.239,2.852,2.896,0.497,2.288,2.476,1.319,2.018,2.781,1.234,2.426,2.527,1.827,1.428,2.510,2.104,3.443,2.106,3.970,0.743,0.996,1.367,0,1.794,2.396,2.313,1.064,2.552,2.125,2.869,2.069,2.286,1.914,2.841,0.507,2.643,3.734,1.642,2.762,2.150,2.605,3.466,4.429,1.485,2.582,3.570,0.365,0.603,1.345,2.143,4.605,2.949,1.106,0.580,1.721,1.384,1.957,3.756
