0,0,30.08244991685351,32.83318514856577,31.40459538029427,32.00477908063107,33.528150306869,33.59427168432143,31.73716895061687,32.45536223800313,34.50492175038222,33.42891431081781,33.22602808040708,32.24197135722319,32.48364017470949,32.24560066117548,31.63935866922717,31.27073179508276,33.47911014349096,32.0491641388664,32.90875745147483,32.714312448835,31.35941705453085,30.59597045363981,31.38674624742107,31.26466801359004,32.11738178930532,32.38207275638792,32.75720020087188,32.32240015840408,33.63901808911787,31.86794425437575,32.99330789720849,31.3806840588283,33.40335123905984,33.4455369668361,32.38186793562101,32.46681302499524,30.73958288591437,32.76263109092429,32.01662538432181,30.72377069957397,32.24764788321777,33.03750278093064,31.98705136457563,31.07047193075767,31.43691925109711,34.3091204638067,34.26091735491038,31.70875573087031,31.19313527044052,33.29784167179608,31.5146594777732,33.60327897690939,31.81099869541979,33.54775612466502,32.46252105120612,32.21250904540035,31.66107480803518,30.24733725470724,34.85063284934723,33.18970017942315,32.07243372430599,33.3168320372751,32.41927835409048,32.03982476543841,34.12004866643656,32.53638775279149,33.64818846535427,33.12161757825243,31.80250821869243,33.88567245902021,33.87536399804436,32.85864826799788,34.12681965844459,32.29497722556868,32.56104648195448,31.00588727967641,31.42064283238012,30.89591141235359,32.82076738895665,31.93806686385386,32.47802127593367,35.05901905359018,31.76721333387617,33.91586475382871,31.57247611448935,33.16729692030992,33.72699177216967,32.82628413329781,29.30616900927176,32.38062970357433,31.62433075971728,31.17011793368771,32.88049669637002,31.90251505759382,33.0996315538406,32.01573717720709,32.56053809444801,31.5405726802796,34.01488994543419
89,30.08244991685351,0,3.689561573383157,1.507644672994072,2.367171440330431,5.220457443735627,4.416445004050249,1.951936820250197,2.791015920092117,5.763213577226812,3.983226836799735,4.093223781962619,4.090978398114566,3.613065585670103,3.893120090145936,2.299167519299706,2.133881435355984,3.647757156277661,2.966249971584974,3.065029527252856,2.939774124914365,3.168462226532158,3.191735860391538,2.165985060559813,3.692114560075579,2.450709866930488,2.877242987078612,51.15056719909804,2.65014123917222,3.701839126633249,2.0764604436818,4.166477439870413,2.081848587538262,4.29211100746498,3.764099919722967,2.484357722423685,2.720640428132461,2.74917299371487,3.014533334039705,3.35863062386154,0.9429289519803674,2.215137499254513,3.040436887823709,2.196775767730304,1.988868820122168,1.627412987550418,4.248645227105447,5.444857714471715,1.823985899038927,1.66679963299998,4.085230059568284,2.007834013393583,4.848261109212412,2.44838773234771,4.072404231129338,4.055675188744719,2.890575399461004,1.970736812023474,1.298321132011435,5.516340109541287,4.066873215205799,3.748378119035487,4.226872862885997,3.494628319898132,2.514324468728646,4.811483890356647,2.62566178963203,4.849703099445814,3.523155060721666,3.25979742865702,5.033190438809215,4.014344729964631,2.863318991060178,4.943092461235346,2.754084108873363,3.116692329952109,1.099898457912387,3.452233643095847,3.031213430490039,3.150096332916577,3.704342249964799,4.52750418425884,6.047171594578653,2.117786486332168,4.03452308026473,2.259283526062091,3.885273412504349,4.113240004682673,3.037540681390535,30.85686016107277,3.778128470512236,3.200159638629874,1.911190859830656,3.087767059149382,3.458023249940064,5.170540368679487,4.646810161806353,5.216677325771457,31.22101157874294,4.367174694161905
98,32.83318514856577,3.689561573383157,0,2.269898194368139,1.374319069004163,2.074126436806895,1.359596142232407,1.969435203451991,2.023373490670747,4.113654139922322,1.300249887161953,0.6502432659287505,2.489408643559071,2.947414067477439,2.793249041730959,3.814374518406102,1.706074012699225,4.004230056990793,1.120952867537862,1.359169864601482,3.262030200778093,1.564078997090808,2.387646978079862,3.366617293287842,1.973072617379889,1.584659350626242,2.100160312785142,52.96430515338835,1.185880624078454,1.870661714638802,1.720583736731431,1.415727937601579,2.456649481524226,0.6678002459730918,2.276512125883264,1.69943961397473,3.069254230876579,3.287301687328211,1.924213243865533,2.363103837556999,3.254668072530704,2.450712262622095,3.327218423309513,2.256983352169163,3.238369746064008,2.567179923922515,3.11143588620366,3.474913872572391,2.252098837716209,2.598166121206425,0.607981003540493,1.68431160508597,3.339950794128246,4.445631529054901,3.159732600755611,0.9531083277369783,3.714779033923271,3.905162844250244,3.015439512440523,3.038035146687458,3.745981596361729,1.107552129518045,1.946896531980232,3.395968010417638,3.364717740658157,1.444383421273698,2.604781620834094,2.384604680005632,2.03284551219284,2.593615611975441,3.063891974049438,1.832507481802619,1.843310411791066,4.078446946333826,1.583806642361629,1.056372247301401,2.635802135772391,1.635768408235641,2.545350657883058,3.840803819998825,1.222926755966431,3.845315011412965,4.233177413420008,2.655613550191168,2.756844876356629,1.572140439051943,1.232419538040902,4.614691572284796,1.860172150821125,33.5339042015689,1.0236198104554,1.496244707556621,2.369421499487324,1.546267359548662,2.024191532227167,1.836145410141313,2.32569215095829,2.397407373587254,31.34944886277907,2.05350593443351
27,31.40459538029427,1.507644672994072,2.269898194368139,0,0.9109713071088593,3.975221668406163,2.976120403091316,0.5503551840132854,1.652294755536753,4.788971502806946,2.596442989105754,2.646301497933988,3.217913201186431,2.848422279204864,3.114873897358386,2.086377127400903,1.081323613572668,2.965042597125755,1.747944150300316,1.591302538595215,2.113566351149985,2.234754935742282,2.618188353783747,1.97394829460584,2.864723455556805,1.127945755440112,1.819405628296056,52.14775857942624,1.161194371589864,2.269323944909195,0.580314121873384,2.920146667085476,1.252726213274302,2.855027962995067,2.561893893129006,1.010645411331635,1.99653955727448,2.420119850054955,1.782397172771767,2.529838877864854,1.102486472864174,1.058341564063769,2.210592377795827,1.163758939275009,1.862460491731577,0.8975956588068377,3.070366765548536,4.376400869159037,0.7146134248383946,1.127484177202074,2.621560335862812,0.7124375101941304,3.900124252535454,2.548776813566498,3.116343789866932,2.815565104761284,2.519765185354695,1.931479697410871,1.470260425032997,4.241631346482666,3.372760866396425,2.58735144204231,3.016094678911483,2.899222276457073,2.071903145358063,3.356302502864353,1.535881293184406,3.666718582566714,2.316794822719543,2.390888547755819,3.955005359461558,2.60293215878164,1.463819213861004,4.097034382534314,1.508829942702696,1.753615319960153,0.427434925099399,2.514412695575125,2.398923099579334,2.543011057800749,2.600755384641654,3.939372363579159,4.99266005765886,1.40788687889765,2.859289016278161,1.10076947138882,2.54362108080895,3.5627230891928,1.76405644202579,31.97284877829936,2.573175018022991,2.215732755454741,1.27393689383756,1.707618233423693,2.558331127342376,3.929251229782236,3.711688202417141,4.157294891663291,31.55585368834126,3.022327276787943
39,32.00477908063107,2.367171440330431,1.374319069004163,0.9109713071088593,0,3.116104176565111,2.247272496149606,0.7634745122123635,1.298244793833736,4.27363153904712,1.785268056315552,1.806873685663554,2.648017913714314,2.541913389136222,2.672086548220174,2.719641489893819,0.8726902394856266,3.161453059592931,0.9994800027826357,0.9400773029769,2.401864651318999,1.70840416642408,2.342565214076787,2.271935846497301,2.327251102210009,0.6006519478680667,1.457038627049593,52.43871611048694,0.3208755154555806,1.781944025065942,0.3645550783328688,2.099281150983016,1.559998712089266,1.945970762830196,2.066493392178566,0.7191087332929811,2.104834510811902,2.689431455006972,1.341087828537202,2.098087988976974,1.968380533366812,1.34309033851047,2.412841305281477,1.154264464273682,2.153513673907172,1.291249827224753,2.802455391921788,3.772522544889152,0.9611387660436922,1.414532680369022,1.767630815106167,0.5002598399405881,3.395340715614874,3.199916156632081,2.803530494456424,2.00989528818798,2.730420545294839,2.639920611573257,1.909340831390562,3.543428593954442,3.217714807379601,1.867629200139536,2.296700825038219,2.774750141189094,2.31161498149073,2.478302508463014,1.717433978845361,2.92633291656613,1.785512407193609,2.333707724176282,3.33975032263325,1.96282699621066,1.119000302136489,3.809019348413276,0.9407636109340468,0.9372374745678653,1.300977389597988,1.970659873637288,2.316928066962452,2.920593049571834,1.886125553124093,3.624239609392914,4.454618652594299,1.555314822331884,2.482469183892127,0.6556419146635871,1.722784867528843,3.781624817615176,1.297444524147362,32.51313266973825,1.758942896981539,1.604154068284715,1.336459890331447,1.102192893467501,2.007726127143321,3.085025511916684,3.021263299060594,3.382960629428638,31.41634789405033,2.339624777151761
21,33.528150306869,5.220457443735627,2.074126436806895,3.975221668406163,3.116104176565111,0,2.972874253852678,3.854338889435973,3.016605609286018,3.299321377327008,1.872485517670843,2.356472582554658,1.877513749861197,3.002607481904521,2.428288382318103,5.76845547609878,3.362115203174863,5.324216982373017,2.266812273543513,2.969717866789929,5.155624726524434,2.677934287723299,3.411180166207727,4.239549574909701,2.513548491150683,2.974438059561611,2.905645251499925,52.43732444644119,2.979963286417338,3.500138563826129,3.46618622089503,1.134703381524903,4.449879526572661,1.62657554626883,2.853350876914635,3.55021130583421,4.093593728320067,5.217135767303446,2.953892853105438,2.439677828426968,5.042323892120335,4.261085035088392,4.815462970723656,3.491171146815275,4.095807415496709,3.88736301836308,4.188974693570045,2.576183346458909,3.691720420463911,3.762371401021653,2.295562287199376,3.381702389373128,2.720167023521928,5.93593868518564,3.459811330953306,1.926790126727437,4.530097657521615,5.580175403806426,4.199015288821,2.434542794620613,3.968814149201515,2.312166426215735,1.6757433586432,3.646456866912134,4.321292499712544,1.610005896158752,4.514963609682612,1.408515188631847,2.657364211853184,4.595948389381838,2.269707141014578,2.802610832188408,3.461557133049295,4.0394364362146,2.699582989387514,2.300653543889783,4.312339045566783,2.714294610733686,4.253975310722902,5.655650044379282,2.102939166935121,3.283925281380886,3.502451389416823,3.731862085684402,3.484363854228704,2.979420542628632,1.688675511616919,5.810258903840958,2.958464781470453,33.50029980462862,1.537643150563473,2.205548534210684,3.434820426293193,2.817679275171348,2.057369057414775,1.532665587663111,1.586338207077084,1.412243485527889,30.03561479310853,2.395316237700552
80,33.59427168432143,4.416445004050249,1.359596142232407,2.976120403091316,2.247272496149606,2.972874253852678,0,2.490841361389286,3.029764022322439,4.985358984753137,2.225366201868504,0.7356613570494951,3.808932132149061,4.119348096161923,4.088337306552559,3.82461101328443,2.580842864761693,4.218924304473632,2.42807160946908,1.981015012167044,3.119322443765036,2.586804300122106,3.234034811099952,4.402254808964098,3.01392677853017,2.608523056128973,3.189668999933687,54.21679372810233,2.004889978509214,1.748306413948794,2.475774646406608,2.61718521979456,2.653950419343911,1.43177028010154,3.08254288425228,2.166383913026341,3.85955540782413,3.267839562417455,2.837749349389294,3.674313699508693,3.737373826930621,2.771575712176636,3.575351000420121,3.202497253877602,4.341811721871094,3.498035213208836,3.215557511199177,4.378228307797878,3.129555330692986,3.647973764091101,0.796856447605735,2.552635962954288,4.375683173155054,4.881427953805933,3.983717097257329,1.813799065993436,4.591359976236251,4.262108022309832,4.048636858462907,3.634353328497947,4.663644533963715,1.941045115241264,3.031227716061982,4.487592107277181,4.245715269955078,1.886446727285305,2.620024558139998,3.406439318075221,2.973292234068734,2.258933337780736,4.039040534661305,2.240159423517254,2.30570934808291,4.857542781357117,2.703012138925053,2.230904521610264,3.331876582360367,2.515469453170504,2.761457404260925,3.728814831393148,2.274681983533296,5.078018469945166,4.951101974168682,3.646267271250553,3.273550273452662,2.685819991244708,2.333270214319993,4.846394918118526,2.729651448346797,34.72570794094772,2.321013329810839,2.789556777485283,3.512517746309403,2.381122498761782,3.380818889805326,2.346335696675745,3.450689261313912,3.282149823511902,32.56432469743538,2.692316485895731
78,31.73716895061687,1.951936820250197,1.969435203451991,0.5503551840132854,0.7634745122123635,3.854338889435973,2.490841361389286,0,1.809261624995634,4.896709256598306,2.466930563308928,2.241968384223331,3.368375569572173,3.111768212905419,3.341314818843446,1.995265450915115,1.035923881137652,3.001504958571896,1.733784170518924,1.366875816073355,1.867542874824147,2.142451072547626,2.578578927456141,2.444191389948934,2.812278807730872,1.209926690667172,2.011767695037733,52.60519992046979,0.9228124779002653,1.90266939889091,0.4965952567907151,2.859058949314802,0.9139566955576568,2.569215556455763,2.588622333428127,0.6762715076349404,2.264519887890426,2.156683456804904,1.849905370412176,2.757104342829404,1.325711837317306,0.9101079758197921,2.2118830184631,1.453287598367084,2.357025603249145,1.366674386704873,2.936014894426562,4.443295682054066,1.076280866091852,1.604577057725135,2.229506176644773,0.7064016507770975,4.042764449106861,2.811216578215889,3.255707441823271,2.559695536933636,2.881369159697626,2.124709800592326,1.929301891882413,4.172853220499728,3.620275500031635,2.341553953103287,3.022671184251771,3.21971643436146,2.443153462115763,3.103298099766408,1.225809366148524,3.666078000445113,2.366486457060976,1.930483620109221,4.025341851377282,2.413894996590075,1.278702893991668,4.2540126794146,1.600469306624124,1.68173704348616,0.8690100300316812,2.3646452264553,2.132131860540208,2.40078495805748,2.439477555054542,4.227915334959394,5.048807314788464,1.797198742265766,2.840211286176811,1.210198510942095,2.451583061278315,3.640325591261876,1.795120159299661,32.52172140277941,2.467479019366404,2.235339338150178,1.676543908207299,1.639272536323987,2.708172858098256,3.67436837374427,3.687717110080456,4.039484109202473,31.89416548524196,2.918770318000688
67,32.45536223800313,2.791015920092117,2.023373490670747,1.652294755536753,1.298244793833736,3.016605609286018,3.029764022322439,1.809261624995634,0,3.13784952600178,1.436324233222637,2.5316750034402,2.134709632512834,1.383960075766233,1.854860683386809,3.337700280703362,1.99501468333048,2.665962695173178,1.379429728442459,1.146231361740622,2.856648363277294,2.582971119526803,3.283532134299907,1.519299770033592,3.020494726982362,0.7187679589225022,0.2862605455876961,52.23122680563932,1.27427062330309,2.036003358781256,1.344694968419768,1.891374143805236,2.720346208350529,2.278689129467092,1.024301367599695,1.475958016362332,1.144222446706867,3.924563999429194,0.3337557425972074,1.411423505278219,2.674139472463561,1.799875162733459,2.126412836305142,0.6073994236554259,1.588841817325462,1.171634501395989,2.274282161553495,2.753935938764414,1.01225906459518,1.279880773999882,2.420264075058315,1.612017829767726,2.27755100404275,2.950309283209524,1.560272013750235,2.742977174413811,1.704029774556746,2.71852163052374,2.249948894520805,2.727649191241898,1.925684515816461,2.754262881232946,1.592438019016796,1.541743711735425,1.390321079301206,2.414992165450966,2.294042306452042,2.249132125436225,0.7346346488057541,3.588404621885963,2.355679013406916,1.563476229106598,1.216126106945854,2.553090952973443,0.5268721698811263,0.9911827748566727,1.988026704976635,2.898591702588472,3.587421595213421,3.171678743763696,2.622418061906085,2.560683255132668,3.352559123183101,0.8564863896012109,1.57094427854555,1.354443554625205,1.410969925066841,3.161497905017731,0.4450244241368147,31.80507968862835,2.100350940458894,2.052981134638707,1.31607326341072,0.7033991407538245,1.734147130536433,3.589314985817875,3.240238729763251,3.684563777951948,31.10209412563728,1.648027511982572
60,34.50492175038222,5.763213577226812,4.113654139922322,4.788971502806946,4.27363153904712,3.299321377327008,4.985358984753137,4.896709256598306,3.13784952600178,0,2.854309846002383,4.494501359829418,2.833116632268042,2.236307336482809,2.480450039283224,6.287580756753627,4.907218733092654,4.438227655951222,3.800387470413512,3.760605429146649,5.547698554917615,4.934085376144779,5.707112683066838,3.779235136121994,5.016810982550392,3.746835702937693,2.986322913521139,52.42349363906305,4.140988247911598,4.197064818358673,4.428943471489062,2.97664722491973,5.79039028023193,3.797362756427223,2.3966464767221,4.419913990291931,3.390167229203047,6.960740287999011,3.063128108912393,2.876509663238425,5.789451621955248,4.751446617416709,4.408752395998073,3.679926562391763,3.949244672722279,4.177053229374884,3.569107681680898,0.7257840530415545,4.127240092715332,4.148643643627337,4.344050851913701,4.630777902213689,1.01754799845061,5.338162196125307,1.961389190432424,4.619393643925261,3.406751768219002,5.462494045489099,5.024250461699723,1.583500575891046,2.08544231581326,4.882824314455924,2.216167435091362,2.431442964710458,3.556593087704012,3.237464788480972,5.118020902102383,1.969578929377067,2.537840901737081,6.442623997499621,1.118428927548775,3.079220750018401,3.933578726219635,1.528222812320634,3.377336729011083,3.450244524948699,5.108909890649069,5.177078601824314,6.406430540582853,5.712837012293464,4.646380048524936,2.045916799797234,0.6377876259216415,3.658643462448087,2.65010955367792,4.219309440606655,2.891158517246881,4.559416192208468,3.12699113779487,31.69229276969402,3.847179917884272,4.172225060803401,4.087733272020103,3.316262952476156,3.29039784534768,4.739392370063222,4.298140813676754,4.553354396444391,30.33511789988626,2.38349011454756
26,33.42891431081781,3.983226836799735,1.300249887161953,2.596442989105754,1.785268056315552,1.872485517670843,2.225366201868504,2.466930563308928,1.436324233222637,2.854309846002383,0,1.680641113567375,2.005332375387649,2.037136470279941,2.085410263590807,4.170170733010067,2.449342840123279,3.458243412049222,1.421827497884206,1.255773540691094,3.442931156284939,2.504566849231461,3.361900133884274,2.919426101248471,2.806490803532492,1.532602535903706,1.457763748638378,52.96591411547449,1.55862043353,1.82788186111067,2.056575217226343,0.9825171818871722,3.236206103690266,1.1147632131256,1.1617340185382,1.97093328608562,2.416159941700673,4.304994442104276,1.239544455408644,1.827250676803828,3.684527895397922,2.586758970613097,2.956708400730878,1.959850508771469,2.925145887300347,2.478071723574149,2.388375110836985,2.256855316365743,2.211653921663186,2.531423623660056,1.532096932481864,2.224544132749947,2.155910902109797,4.189065921261513,2.004008044452047,2.032575249810324,2.995654589914622,3.870469447298244,3.291127481777806,1.82819719295739,2.655705420171621,2.266110917677747,0.8645427081741924,2.48475759160981,2.764279287628897,0.9959368157768097,2.8508561047362,1.390961971602161,1.001410024592956,3.660470681192995,1.873015984808712,1.010774884336182,1.687817265007294,2.839845372402155,1.27251206993535,0.923271874898061,2.999816340733285,2.69079948342335,3.711411467230269,3.873502098655135,2.183895646763317,2.926706675402901,2.948064385386779,2.280585866603674,1.732525770872968,1.941215912600435,0.3438243234956802,3.966087603527734,1.203187044567719,32.98451424532428,1.50202649965331,2.000393084077376,2.379519721708983,1.04427036607657,1.811237458608978,2.545463498548942,2.670841906156505,2.838821777840989,31.23148621183436,0.8279147265033191
81,33.22602808040708,4.093223781962619,0.6502432659287505,2.646301497933988,1.806873685663554,2.356472582554658,0.7356613570494951,2.241968384223331,2.5316750034402,4.494501359829418,1.680641113567375,0,3.090049763548834,3.519979962407432,3.404063152242748,3.889718936262901,2.127001580810158,4.166801174727292,1.761032668964157,1.64405169889832,3.25619856126039,1.995844133420601,2.736316184642749,3.912378470595837,2.391350947716615,2.10344315021161,2.646864734471196,53.54998533928413,1.579865858165648,1.794517855936242,2.106418001194545,1.923806399105186,2.570792141455319,0.7968238150342819,2.656748909219019,1.93554466775459,3.492874649868644,3.290274185985357,2.378600993986073,2.995968041307233,3.538453273253297,2.646653319691674,3.501067039109966,2.750343591491901,3.813427502172448,3.060711357308952,3.178847284637413,3.85698739216256,2.715326547737127,3.145395023918743,0.1646302449702596,2.118107668207122,3.80919473706563,4.731180647776184,3.562779212976531,1.181444567631859,4.184446158966816,4.149027165577391,3.546375222169533,3.250970405750579,4.206976192289228,1.362518784332989,2.420468625611015,3.944112146095241,3.837328202154702,1.478695901480283,2.656382870469078,2.80111044299867,2.482106967135118,2.428907374192049,3.483449918216882,1.982784762131202,2.077022149593772,4.4558420670162,2.143976563920204,1.628326206636994,3.012322103835568,1.967245177695754,2.606378652664889,3.860070063768705,1.62509987859488,4.429069502267582,4.536711316909152,3.175341865179256,3.006202169602477,2.128920025632769,1.71238606739963,4.789032168429792,2.290603287318747,34.15481913288373,1.587077912617327,2.093679248243984,2.953688576121656,1.949123499866325,2.663872440586861,1.856324078164555,2.758635494270658,2.666250808943264,31.86289090776291,2.306024788169237
41,32.24197135722319,4.090978398114566,2.489408643559071,3.217913201186431,2.648017913714314,1.877513749861197,3.808932132149061,3.368375569572173,2.134709632512834,2.833116632268042,2.005332375387649,3.090049763548834,0,1.576077391028834,0.7064740278575838,5.242212063410046,2.825979038018546,4.734433401259594,1.746745713656113,2.779886015683101,4.864252554438196,2.472244959619296,3.096693314411154,2.783499133275416,2.37994417947384,2.261694053946781,1.887643373265369,51.05948183618924,2.667988000864974,3.669875636105027,2.896237474017576,1.284093721086783,4.111383030924014,2.473209735163093,2.356066003174976,3.214101648372927,3.064795916440006,5.015648199963849,2.272861749705549,0.8518965797169333,4.226651902576359,3.763630276726096,4.253925912562631,2.505358687946661,2.582432211121082,2.783724830780246,4.061175110651114,2.272700251976885,2.765381591046517,2.521557186736506,3.012453642198455,2.77850099630387,1.893238832071349,4.937189588624377,2.666745430384464,2.549148338667162,3.256423493121408,4.721946649608723,2.947537630555692,2.774247970096148,2.851211509628627,2.679809442612112,1.366490330993692,2.226285917686261,3.085168081859177,2.612181850997642,4.222169455716264,1.433404649581549,2.047366448738227,4.72167402181164,1.850742570056205,2.905390562300809,3.13534245973042,3.271041032597126,1.930315387087165,1.930611199657108,3.455537057351089,2.727218190943566,4.195164101206791,5.261454360219404,2.300856105373272,1.726427307491228,3.29608385133336,2.535613283295036,3.134211112213674,2.230666081867322,1.69787752363303,5.155553390068739,2.357915955713784,31.66222868024296,1.657629836743996,1.665209883794644,2.191320964485061,2.412967408246514,0.7173136598768282,2.874146230643018,1.764804490286114,2.350908190987385,29.25203712564306,2.478156108316831
44,32.48364017470949,3.613065585670103,2.947414067477439,2.848422279204864,2.541913389136222,3.002607481904521,4.119348096161923,3.111768212905419,1.383960075766233,2.236307336482809,2.037136470279941,3.519979962407432,1.576077391028834,0,0.9348447416937259,4.60216275439373,3.024574374133111,3.505568446429952,2.142003337269596,2.439839897224382,4.175841418347809,3.277849968338757,3.932651588378713,1.690616585317192,3.474672166447562,1.952067800503875,1.128932941429448,51.41627059498061,2.551799309278383,3.269354875109812,2.63153481686637,2.069156632927874,4.000118304038977,3.00692790477599,1.497012698179726,2.852703530555111,1.791822769161101,5.135874791286239,1.545005379054945,0.9917107507279921,3.786517249507883,3.142156043380961,3.194949449331995,1.754883573229258,1.752132685969974,2.115858756717716,3.115126679783781,1.977181984550749,2.172384301360514,1.990676604045024,3.400588496034063,2.750699554897424,1.286750181023899,3.757510942639258,1.360715587087428,3.444771185474709,1.809986204842748,3.759953514613122,2.818979332195942,2.528237722900219,1.323872227960619,3.525474123988017,1.501697376148124,0.6698996847130507,1.77371363983221,2.947856247079362,3.656967581665651,1.871022645493034,1.314404957783276,4.874295753085374,1.626567789109082,2.442977690196747,2.565458400743418,1.975169387045794,1.622011384953785,1.964390572228265,3.085624873507741,3.606908833775303,4.652883494696137,4.40248744428694,3.251248510253064,1.191350450224817,2.662408629686793,1.617338690598233,2.128321314876509,2.313171573742315,1.915587903514549,3.812532108075894,1.670844690823706,30.97966363600482,2.580116707266379,2.521079921771987,1.93269928395031,1.939841170528037,1.637705173690874,4.028105411709992,3.244828087051237,3.78579472283732,30.06479695590841,2.069157008864805
43,32.24560066117548,3.893120090145936,2.793249041730959,3.114873897358386,2.672086548220174,2.428288382318103,4.088337306552559,3.341314818843446,1.854860683386809,2.480450039283224,2.085410263590807,3.404063152242748,0.7064740278575838,0.9348447416937259,0,5.07374250557902,2.961741351827955,4.320931421681583,1.949581431844727,2.735632546007565,4.698369347293347,2.876815418025767,3.496917336161065,2.283695918735362,2.901734341339109,2.172505734251011,1.575042500875315,51.00915852146523,2.702449610415296,3.6340646258486,2.852330120301812,1.667483964077212,4.158652862014041,2.814396457686021,2.058579435775502,3.159766489800099,2.590653958295513,5.165316465557463,2.026137880671756,0.6014413631696774,4.094103455018129,3.600151305397299,3.914974499851794,2.221508911511015,2.154367453720705,2.513556888993595,3.782793282713714,2.048716976684177,2.551546107241868,2.269311005234532,3.306841041301104,2.81947224291864,1.48545742620575,4.500713249291302,2.166807312736791,3.040983473861302,2.671238675412683,4.389969040947038,2.845238271135985,2.68759284840285,2.222336726755991,3.141793298136622,1.391399506001197,1.561216697874324,2.561709147043329,2.857800818730067,4.101434850866793,1.569984504795757,1.784344569512443,4.9123695878709,1.644952740636922,2.815525124049754,2.998927374486335,2.72354051076066,1.822618914139186,1.998367912304273,3.339739742144959,3.178291899440366,4.481836162756331,5.020289490538546,2.79325256052373,1.134871731465807,2.979854304551346,2.15601436527908,2.803477543512146,2.288898648571764,1.839940407944296,4.683907755910377,2.13625823261641,31.17629259549635,2.13043280354474,2.061888652169517,2.031563877803705,2.290890919279863,1.032759677540163,3.481936801020746,2.455881090687777,3.043974799230738,29.39592235327886,2.374676642463538
72,31.63935866922717,2.299167519299706,3.814374518406102,2.086377127400903,2.719641489893819,5.76845547609878,3.82461101328443,1.995265450915115,3.337700280703362,6.287580756753627,4.170170733010067,3.889718936262901,5.242212063410046,4.60216275439373,5.07374250557902,0,2.905433373171822,2.762516682487401,3.709796863333987,2.918763320842841,1.165859140983291,4.040872162083153,4.272350500134601,3.444103142137795,4.716687779807326,3.00432178022252,3.582842868989658,53.39046645394374,2.796083214727977,2.874922165583309,2.396043666764137,4.762453858262737,1.776378264697437,4.349314982884421,3.943241982868794,2.230958903964679,3.098313143907698,2.476581322540282,3.336120877382348,4.522486219972232,1.494161007542009,1.604298709912701,2.1913705410568,2.874615085449662,3.519390898034005,2.655126515058097,3.451417913351728,5.97632324944512,2.529391572819012,3.012103968087795,3.881379580048423,2.652795143147933,5.559318930917678,2.127328962546229,4.389760170514715,4.449523546815499,3.576474132266258,1.347986250933902,3.220924598076229,5.618602641785316,4.644660488063004,4.216506100093151,4.766672557642408,4.456727033494689,3.234153398239425,4.748574031878474,1.414943755320391,5.431096930690773,3.866197084344892,2.562363675383045,5.619563945444377,3.711415650397594,2.529349057225839,5.259826674218835,3.369690727820805,3.545874964485582,2.01817385107048,4.216375387805273,3.304846825002519,1.29453368705448,4.381836373896186,5.754131308831735,6.344655682834731,3.053815129606855,3.830860283650617,3.145687882673323,4.249301596782978,3.289714839117656,3.273071063802315,32.5221032683927,4.450360570619896,4.215480274937429,3.294506526666527,3.208500237847343,4.612291088381459,5.540441493203675,5.678872038283966,6.010524692359212,33.43460216601957,4.355813040063868
73,31.27073179508276,2.133881435355984,1.706074012699225,1.081323613572668,0.8726902394856266,3.362115203174863,2.580842864761693,1.035923881137652,1.99501468333048,4.907218733092654,2.449342840123279,2.127001580810158,2.825979038018546,3.024574374133111,2.961741351827955,2.905433373171822,0,3.899592590552869,1.218939472386463,1.794699422341736,2.894715973806903,1.18235075292672,1.578191085462987,2.599489385775443,1.834675648961602,1.292510305998516,2.074507610339233,51.91354276327861,1.137028813370277,2.553351259515134,0.9589223593272157,2.462359112318734,1.383505087431922,2.353156875357277,2.857174685745058,1.443771099998309,2.770802942069183,2.207231338228732,2.122153615392147,2.369054558464407,1.840364939518491,1.913838624845903,3.132305266632353,1.747147934901395,2.338352507672804,1.617755014387939,3.666369093400126,4.374093502056549,1.441071627573212,1.57428256626491,2.149834019729001,0.4648876473472752,3.964589677154918,3.628232670186732,3.549468781387915,1.93222564121521,3.288318506413889,3.000218571130004,1.526698256358886,4.245049723337272,3.876805058455419,1.62270831431297,2.849737455764489,3.292587924122888,2.852241868894048,3.047241584063168,2.242926418499041,3.417037896562121,2.532600658023971,2.112639278842885,3.917671237621072,2.797291081601365,1.966029397909525,4.541710110321103,1.577269248200456,1.559489724394334,1.231556858145958,1.445766104618881,1.655553362256209,3.43591166169808,1.631471357438857,3.979218965062937,5.153392530329964,2.025421583440975,3.335369574055049,0.7135306956828883,2.299376608295033,4.515921251618597,2.105744064485119,32.42475268988185,1.837839278687005,1.398507044165757,1.381004925707579,1.940095700878637,2.114633082108137,3.062018337302193,2.845458327616419,3.258716786884323,31.0094715208112,3.113462772185817
63,33.47911014349096,3.647757156277661,4.004230056990793,2.965042597125755,3.161453059592931,5.324216982373017,4.218924304473632,3.001504958571896,2.665962695173178,4.438227655951222,3.458243412049222,4.166801174727292,4.734433401259594,3.505568446429952,4.320931421681583,2.762516682487401,3.899592590552869,0,3.846584214754187,2.651256964054644,2.047174329084616,4.86352313660319,5.466648809256743,2.90762148950119,5.445996610794956,2.965464441480091,2.888514849972145,53.88559054427431,3.070957007895119,2.485006519217565,2.948632762314296,4.31585910918742,3.593229591970031,4.212248484586522,2.595052730024812,2.612831685083052,1.845140980946193,4.777597121097632,2.53235576863135,4.004392359648413,3.273465867027198,2.127891357645256,0.7943048668909406,2.559939345382853,3.291484825765081,2.77907020591242,1.540995116921259,4.38847936089851,2.66648081751861,3.179116071774956,4.054662617234515,3.441254256511671,4.059601179085331,1.739899608073562,2.582227752420915,4.919752745080268,2.208695673547836,1.941744173607212,4.054723542671169,4.036531518526298,2.802586371842259,4.910046219145362,3.848370649397213,3.156010961098174,2.182672310149723,4.109381213618852,2.208344388141871,4.419280072150487,2.788085630323098,4.426694473183912,4.203833193552945,2.64931348121748,2.18812025231934,3.099621615193227,3.067413294744131,3.342515576836924,3.168402709194682,5.124465755923038,5.085138537297175,1.737355718909205,4.947945885563733,4.569689413506154,4.343805683776423,2.633254244167779,2.037099839461572,3.59302285706083,3.664639478720141,0.6675382587920962,2.489123386716982,31.99963577917724,4.551741296484686,4.574559202642794,3.517040044448708,2.628857860780284,4.39972255927839,5.783952959755855,5.833445375365913,6.163036892438641,33.39664547525695,3.093002099412943
52,32.0491641388664,2.966249971584974,1.120952867537862,1.747944150300316,0.9994800027826357,2.266812273543513,2.42807160946908,1.733784170518924,1.379429728442459,3.800387470413512,1.421827497884206,1.761032668964157,1.746745713656113,2.142003337269596,1.949581431844727,3.709796863333987,1.218939472386463,3.846584214754187,0,1.42676398162753,3.368095114096175,1.259669553194204,2.051273790609801,2.439793597247204,1.6682652767769,0.923647621699902,1.354020553965482,51.97302166093291,1.041020216105178,2.35195938641872,1.319236200258552,1.266857442437957,2.413547998847422,1.548386725002927,2.017669215965095,1.648219288611976,2.477065588168951,3.349624168585779,1.471741085477404,1.414510588511359,2.79731648484258,2.300573428978905,3.174643486114661,1.534507085808569,2.231686128552564,1.762406476984942,3.258572253774501,3.217887819235535,1.563082139348304,1.653657421628167,1.714153731821344,1.158054389060599,2.866811992903041,3.970329067915505,2.741830422772122,1.482446808086427,2.987407088043664,3.514752941980615,2.068995567696856,3.144206962669431,3.143384057804596,1.444189400569853,1.669685982601327,2.587519847293416,2.627563854275465,2.107067067939094,2.684201637917795,2.204197588799758,1.653372079553964,2.990199535444932,2.756731310564091,2.096944354570908,1.813148080195748,3.683367247407202,0.8569933181084435,0.6368161174217415,2.054182021286029,1.558193062459781,2.634791390105465,3.870370133505331,1.254688247403114,3.032255287252389,4.064805026623325,1.825986128947557,2.666502679047476,0.7134505247484926,1.180946755309887,4.416352574220635,1.481298921636253,32.43105314355365,0.8772402009232283,0.7542028717253595,1.340604260779503,1.329424124349663,1.107608460693778,2.42338266129537,2.073809639880067,2.501282664451591,30.59859988626931,2.16322247711281
55,32.90875745147483,3.065029527252856,1.359169864601482,1.591302538595215,0.9400773029769,2.969717866789929,1.981015012167044,1.366875816073355,1.146231361740622,3.760605429146649,1.255773540691094,1.64405169889832,2.779886015683101,2.439839897224382,2.735632546007565,2.918763320842841,1.794699422341736,2.651256964054644,1.42676398162753,0,2.223004086208289,2.402788464915365,3.150968653460003,2.506398147473695,2.951749420688445,0.9190816709735996,1.379366254906633,53.14178296809371,0.6597126673449019,0.9993936530516565,1.063836792158698,1.98145890777524,2.153489287157377,1.672851260407834,1.432380142264251,0.7549052373559614,1.882646031724682,3.336698810150845,0.9428284304912518,2.269123043376424,2.590460465239096,1.353502553285665,1.981933973061778,1.314616965612323,2.546465447190473,1.740226926396861,1.950122169339998,3.28820292395608,1.375896868829154,1.96854457919307,1.534866345091749,1.434642226364684,3.023808830308983,3.196662946790446,2.264606336723679,2.270761285784063,2.610659168338607,2.745453612985561,2.726877472231169,2.854289530294311,2.840807945804459,2.298398561189699,1.953334448446994,2.648004824383607,2.270042384227807,1.917466270845933,1.603182519283334,2.584994026203911,1.287804525972627,2.744882415364879,2.909889483552468,1.059078087689816,0.5103439870348064,3.243858744310609,1.023773005843603,0.8969008595291631,2.018445136328972,2.616265015381624,3.045136043243884,2.694151870674311,2.34917614508832,3.572332268832184,3.827002306300195,1.752749898612774,1.695724932943906,1.461924449756346,1.379360955668467,3.263904651249728,0.8243664641876823,32.87406283074851,1.990569963549303,2.162764346453226,1.971332222370861,0.5081579950104016,2.305286459046846,3.163230873693521,3.349189532250946,3.593572472407847,31.91967111359388,1.582819675167137
92,32.714312448835,2.939774124914365,3.262030200778093,2.113566351149985,2.401864651318999,5.155624726524434,3.119322443765036,1.867542874824147,2.856648363277294,5.547698554917615,3.442931156284939,3.25619856126039,4.864252554438196,4.175841418347809,4.698369347293347,1.165859140983291,2.894715973806903,2.047174329084616,3.368095114096175,2.223004086208289,0,3.932748401271106,4.377100498501328,3.381403311315025,4.606069327035407,2.630385131620902,3.136684536509486,54.04989744680691,2.343749142810782,1.890597480402675,2.149843608374827,4.195910891154093,1.981245406333878,3.67450468129361,3.200783468139933,1.722032392252583,2.670740471715508,2.960281130260148,2.744465753286027,4.192127444092094,2.129281983933968,1.154149573100535,1.447884512824101,2.568919236852994,3.533410797169471,2.597269921688652,2.411193355567884,5.239651911908968,2.353515455282519,3.00764619964518,3.216380625675342,2.555040499071219,4.925821144505679,2.251359879207627,3.701456416556159,4.051944580878688,3.290640200890022,1.61738249865181,3.522407016634122,4.729878281923572,4.097140536243047,3.925320227679251,4.11960326776117,4.070080680005736,2.980822121525806,3.923802927106443,0.6912019938801038,4.759536941133479,3.204834071113248,2.587572054122976,4.922895729750935,2.797981734056457,1.799790750091179,4.546654908580997,2.936273095116898,3.030295217370798,2.274687583362523,4.10036509869526,3.506867175829456,0.6604097216960351,4.1088424738691,5.365725150425872,5.515404732534975,2.845594753153292,2.957078747250202,2.978951683334817,3.600576401491902,2.652794571939476,2.651517137476311,33.05573845794403,4.037463995329369,4.000163128134456,3.260792698059845,2.554962841284255,4.307461569010292,5.046510404543191,5.373439921535192,5.617649344081144,33.63753287623813,3.497859891116561
70,31.35941705453085,3.168462226532158,1.564078997090808,2.234754935742282,1.70840416642408,2.677934287723299,2.586804300122106,2.142451072547626,2.582971119526803,4.934085376144779,2.504566849231461,1.995844133420601,2.472244959619296,3.277849968338757,2.876815418025767,4.040872162083153,1.18235075292672,4.86352313660319,1.259669553194204,2.402788464915365,3.932748401271106,0,0.864230557768754,3.354092577031334,0.6836059949927994,1.981246007188245,2.567686095894221,51.65244349189921,1.833822603527657,3.151853134695571,1.971545343073274,2.101125106050084,2.376845058966849,2.071474015543375,3.265190503546553,2.35453197549049,3.593512808835344,2.838101196221076,2.689737299023267,2.387726070504663,2.992172632188142,2.979457695610002,4.121158131496962,2.565074495017866,3.030507879316136,2.563590932827001,4.345452644623911,4.30539611896017,2.408862691977119,2.391962184717761,2.05511146089308,1.543010362409104,3.995357677322899,4.754500122469246,4.000093405092655,1.16071835720193,4.076411217660528,4.164122553844869,2.235412724877457,4.221612099267117,4.367278356811085,0.8086676050885543,2.767922329533479,3.731362366674214,3.680385265485974,2.860468264458244,3.257804017477993,3.158972330595256,2.909199302576866,2.631039809617516,3.845324304326386,3.179702967289599,2.760756651618987,4.934124902568796,2.0644419704392,1.825705438034309,2.390747287088291,0.372093276108326,1.798733336521759,4.512005839385694,0.6531998082685359,3.997356279324415,5.220762775489873,2.822938509849838,3.878242835609435,1.374120868440454,2.261658934995316,5.472618779709797,2.684780592036916,32.83683992103989,1.232190607879732,0.8189470196760663,2.03095859304819,2.485361663057136,1.851225961170007,2.142643364302697,1.837314152351569,2.200284601499409,30.31135600727886,3.311551612056462
