Head,Tail,Difference
0,0,0
0,1,3.55271e-15
0,2,0
0,3,0
0,4,0
0,5,0
0,6,0
0,7,-3.55271e-15
0,8,0
0,9,0
0,10,0
0,11,0
0,12,0
0,13,0
0,14,0
0,15,0
0,16,3.55271e-15
0,17,7.10543e-15
0,18,0
0,19,0
0,20,0
0,21,0
0,22,0
0,23,-3.55271e-15
0,24,3.55271e-15
0,25,0
0,26,-7.10543e-15
0,27,0
0,28,0
0,29,0
0,30,-3.55271e-15
0,31,0
0,32,0
0,33,0
0,34,0
0,35,0
0,36,0
0,37,0
0,38,7.10543e-15
0,39,0
0,40,0
0,41,7.10543e-15
0,42,0
0,43,3.55271e-15
0,44,0
0,45,3.55271e-15
0,46,0
0,47,0
0,48,0
0,49,0
0,50,0
0,51,-3.55271e-15
0,52,0
0,53,0
0,54,0
0,55,-7.10543e-15
0,56,0
0,57,0
0,58,0
0,59,-7.10543e-15
0,60,0
0,61,0
0,62,0
0,63,7.10543e-15
0,64,0
0,65,0
0,66,0
0,67,0
0,68,0
0,69,0
0,70,0
0,71,0
0,72,0
0,73,0
0,74,0
0,75,0
0,76,0
0,77,0
0,78,3.55271e-15
0,79,0
0,80,0
0,81,0
0,82,0
0,83,3.55271e-15
0,84,0
0,85,-3.55271e-15
0,86,0
0,87,0
0,88,0
0,89,0
0,90,0
0,91,0
0,92,0
0,93,0
0,94,0
0,95,7.10543e-15
0,96,0
0,97,0
0,98,0
0,99,0
1,0,3.55271e-15
1,1,0
1,2,31.5854
1,3,31.3301
1,4,32.2266
1,5,28.4797
1,6,30.6603
1,7,32.5928
1,8,30.5873
1,9,26.4417
1,10,31.2923
1,11,30.064
1,12,29.8375
1,13,28.9355
1,14,29.9655
1,15,31.9095
1,16,30.4404
1,17,31.8216
1,18,31.1632
1,19,31.2114
1,20,31.2112
1,21,29.6292
1,22,28.8381
1,23,31.1456
1,24,29.9043
1,25,29.5785
1,26,30.4462
1,27,0
1,28,31.5811
1,29,28.5433
1,30,30.3944
1,31,31.1106
1,32,32.147
1,33,29.3716
1,34,31.3555
1,35,32.0001
1,36,30.5536
1,37,30.7501
1,38,29.6333
1,39,29.0312
1,40,33.8509
1,41,30.3211
1,42,31.6748
1,43,31.0015
1,44,28.4204
1,45,30.4695
1,46,30.1259
1,47,27.3897
1,48,31.4845
1,49,31.0671
1,50,29.0998
1,51,33.5742
1,52,28.4221
1,53,29.8914
1,54,31.3031
1,55,30.0676
1,56,30.071
1,57,33.0266
1,58,30.3871
1,59,28.7407
1,60,28.3431
1,61,30.8201
1,62,32.0888
1,63,30.4495
1,64,30.2239
1,65,27.7509
1,66,31.393
1,67,29.4708
1,68,30.1151
1,69,31.7586
1,70,30.1602
1,71,29.7291
1,72,32.7796
1,73,27.6555
1,74,33.041
1,75,30.0284
1,76,33.1022
1,77,29.5363
1,78,30.3973
1,79,31.4076
1,80,30.4353
1,81,28.9831
1,82,28.3143
1,83,31.9721
1,84,28.4185
1,85,30.4633
1,86,30.1145
1,87,29.7632
1,88,29.1944
1,89,0
1,90,27.4526
1,91,30.6452
1,92,31.3777
1,93,31.7464
1,94,27.956
1,95,28.6489
1,96,26.3222
1,97,30.3416
1,98,3.55271e-15
1,99,30.0317
2,0,0
2,1,31.5854
2,2,0
2,3,30.2102
2,4,31.7027
2,5,30.6908
2,6,32.564
2,7,31.9736
2,8,30.3681
2,9,28.4514
2,10,30.8116
2,11,34.6879
2,12,29.7526
2,13,29.9663
2,14,30.3591
2,15,31.731
2,16,31.8959
2,17,28.7631
2,18,32.9922
2,19,31.0648
2,20,30.0962
2,21,29.4426
2,22,28.8626
2,23,29.9928
2,24,30.1018
2,25,30.7445
2,26,28.5736
2,27,0
2,28,31.3551
2,29,32.0969
2,30,32.7664
2,31,32.2719
2,32,30.7059
2,33,33.8044
2,34,31.9247
2,35,31.6005
2,36,32.3364
2,37,29.7093
2,38,31.5655
2,39,30.0767
2,40,28.4534
2,41,32.2245
2,42,31.1545
2,43,31.7119
2,44,29.8903
2,45,30.3683
2,46,30.6304
2,47,32.4399
2,48,31.1318
2,49,30.3947
2,50,33.1104
2,51,30.7586
2,52,31.9065
2,53,29.8113
2,54,32.2622
2,55,33.8774
2,56,29.7195
2,57,29.2221
2,58,30.6015
2,59,30.5711
2,60,29.6375
2,61,32.9637
2,62,31.432
2,63,29.9142
2,64,29.8083
2,65,31.5272
2,66,32.185
2,67,29.1516
2,68,32.0156
2,69,28.7989
2,70,31.9902
2,71,30.9088
2,72,31.8593
2,73,27.6391
2,74,32.7137
2,75,32.3313
2,76,31.0182
2,77,32.7495
2,78,31.024
2,79,29.5907
2,80,33.7364
2,81,30.0712
2,82,31.4621
2,83,32.6243
2,84,32.0846
2,85,32.314
2,86,32.0235
2,87,29.0202
2,88,33.0841
2,89,0
2,90,33.7025
2,91,32.5479
2,92,31.4018
2,93,32.1388
2,94,32.1304
2,95,32.5297
2,96,30.3668
2,97,29.6855
2,98,0
2,99,31.2609
3,0,0
3,1,31.3301
3,2,30.2102
3,3,0
3,4,32.8799
3,5,29.5079
3,6,29.9096
3,7,33.7504
3,8,32.2462
3,9,28.9963
3,10,28.9406
3,11,31.4121
3,12,31.1078
3,13,30.0994
3,14,30.6887
3,15,31.0196
3,16,32.711
3,17,30.5259
3,18,31.2811
3,19,31.7857
3,20,29.9401
3,21,29.4103
3,22,30.7271
3,23,30.0271
3,24,29.3269
3,25,31.9979
3,26,32.1549
3,27,0
3,28,32.8449
3,29,31.4324
3,30,33.155
3,31,30.7066
3,32,32.9973
3,33,32.0316
3,34,30.8005
3,35,33.1128
3,36,32.9704
3,37,31.3048
3,38,31.7325
3,39,29.2847
3,40,32.7065
3,41,31.7571
3,42,30.8393
3,43,32.064
3,44,31.5475
3,45,33.0422
3,46,30.8106
3,47,27.9463
3,48,33.4828
3,49,34.4985
3,50,31.5315
3,51,32.1422
3,52,29.4723
3,53,29.5206
3,54,31.2444
3,55,30.2495
3,56,30.5652
3,57,30.5544
3,58,31.0173
3,59,29.1762
3,60,28.7258
3,61,28.9785
3,62,31.0012
3,63,32.2764
3,64,31.6721
3,65,29.6286
3,66,32.7053
3,67,29.3721
3,68,33.4213
3,69,31.0291
3,70,31.2232
3,71,32.0402
3,72,30.0714
3,73,28.4232
3,74,29.6565
3,75,32.256
3,76,32.6881
3,77,30.1245
3,78,32.9784
3,79,29.7333
3,80,31.658
3,81,28.8206
3,82,28.7852
3,83,33.608
3,84,32.5849
3,85,30.6898
3,86,29.9437
3,87,29.8994
3,88,29.8368
3,89,0
3,90,29.4198
3,91,30.6277
3,92,31.3357
3,93,31.7323
3,94,29.7411
3,95,28.9965
3,96,27.9444
3,97,29.2288
3,98,0
3,99,30.3931
4,0,0
4,1,32.2266
4,2,31.7027
4,3,32.8799
4,4,0
4,5,31.8045
4,6,29.6705
4,7,31.8175
4,8,31.4436
4,9,28.2442
4,10,31.0661
4,11,32.1199
4,12,30.4559
4,13,32.5201
4,14,30.9242
4,15,29.9584
4,16,34.7431
4,17,29.76
4,18,30.9348
4,19,32.235
4,20,31.2366
4,21,31.1565
4,22,29.721
4,23,29.063
4,24,31.6252
4,25,32.2635
4,26,31.346
4,27,0
4,28,32.0888
4,29,31.3533
4,30,33.717
4,31,30.1625
4,32,32.6031
4,33,32.7404
4,34,30.4473
4,35,30.9108
4,36,31.9359
4,37,30.3844
4,38,33.5487
4,39,30.0175
4,40,29.1091
4,41,30.2345
4,42,32.4361
4,43,29.5467
4,44,29.0575
4,45,31.6586
4,46,29.6161
4,47,30.1096
4,48,33.5037
4,49,31.8991
4,50,32.6745
4,51,34.39
4,52,28.8759
4,53,28.6683
4,54,31.0445
4,55,29.419
4,56,30.5315
4,57,30.4066
4,58,32.7098
4,59,31.8259
4,60,28.4261
4,61,31.3031
4,62,29.5298
4,63,30.4033
4,64,30.7713
4,65,29.7955
4,66,31.8505
4,67,28.9641
4,68,31.3787
4,69,30.4083
4,70,30.8797
4,71,30.3613
4,72,30.3229
4,73,29.0018
4,74,31.4547
4,75,32.3737
4,76,34.188
4,77,31.0611
4,78,30.0171
4,79,30.7554
4,80,30.1772
4,81,27.0631
4,82,29.3668
4,83,31.4284
4,84,31.2544
4,85,31.7204
4,86,29.3631
4,87,25.9054
4,88,32.355
4,89,-7.10543e-15
4,90,30.5957
4,91,31.9634
4,92,32.0114
4,93,32.0366
4,94,31.8442
4,95,29.737
4,96,30.9649
4,97,29.643
4,98,0
4,99,29.9283
5,0,0
5,1,28.4797
5,2,30.6908
5,3,29.5079
5,4,31.8045
5,5,0
5,6,27.8277
5,7,30.08
5,8,30.0501
5,9,27.2473
5,10,28.6241
5,11,32.9153
5,12,32.9251
5,13,28.9463
5,14,29.408
5,15,26.5217
5,16,28.3875
5,17,28.0839
5,18,29.4302
5,19,30.3972
5,20,28.5765
5,21,30.0467
5,22,28.355
5,23,30.1661
5,24,27.6093
5,25,29.6887
5,26,28.1692
5,27,0
5,28,30.057
5,29,31.2501
5,30,27.6067
5,31,31.2349
5,32,31.2738
5,33,30.9684
5,34,28.4067
5,35,30.0276
5,36,28.1684
5,37,27.9963
5,38,27.5393
5,39,29.7995
5,40,28.2312
5,41,28.5712
5,42,30.3644
5,43,30.0052
5,44,27.4891
5,45,28.9838
5,46,29.8699
5,47,30.7082
5,48,27.8684
5,49,28.1202
5,50,31.9184
5,51,29.5427
5,52,29.2866
5,53,29.2391
5,54,29.8018
5,55,29.6945
5,56,28.2348
5,57,27.7047
5,58,28.4679
5,59,29.7271
5,60,28.5677
5,61,29.8292
5,62,32.4687
5,63,28.0496
5,64,31.103
5,65,32.3789
5,66,28.2903
5,67,30.7801
5,68,30.0982
5,69,28.5377
5,70,31.2825
5,71,29.4003
5,72,27.2145
5,73,27.8019
5,74,31.746
5,75,30.8495
5,76,27.9261
5,77,28.1706
5,78,28.6779
5,79,29.4332
5,80,30.3947
5,81,28.4983
5,82,28.7047
5,83,27.5172
5,84,28.4118
5,85,29.0042
5,86,30.0839
5,87,28.317
5,88,32.0822
5,89,0
5,90,32.18
5,91,31.3806
5,92,28.7958
5,93,30.1344
5,94,31.1824
5,95,31.569
5,96,30.5983
5,97,30.2912
5,98,0
5,99,30.0931
6,0,0
6,1,30.6603
6,2,32.564
6,3,29.9096
6,4,29.6705
6,5,27.8277
6,6,0
6,7,29.67
6,8,30.0067
6,9,25.6147
6,10,30.0041
6,11,30.6235
6,12,29.9849
6,13,29.1325
6,14,28.7849
6,15,28.4899
6,16,30.5202
6,17,30.5409
6,18,26.9325
6,19,30.0611
6,20,31.3375
6,21,30.3278
6,22,29.5965
6,23,28.7324
6,24,29.7117
6,25,29.2878
6,26,27.4911
6,27,0
6,28,32.5898
6,29,32.4392
6,30,30.5364
6,31,29.8951
6,32,32.443
6,33,31.0236
6,34,28.8623
6,35,31.5181
6,36,29.9891
6,37,29.3487
6,38,28.6777
6,39,27.293
6,40,29.3876
6,41,28.7785
6,42,29.9286
6,43,29.5047
6,44,28.2154
6,45,29.2104
6,46,30.6911
6,47,27.0659
6,48,28.1218
6,49,28.8559
6,50,30.3316
6,51,29.5573
6,52,29.5505
6,53,27.3194
6,54,28.2447
6,55,29.182
6,56,27.0927
6,57,27.0447
6,58,29.0159
6,59,31.7171
6,60,25.8844
6,61,31.5984
6,62,30.1331
6,63,30.47
6,64,27.9129
6,65,30.4439
6,66,30.7003
6,67,28.1777
6,68,28.6008
6,69,28.8547
6,70,29.9295
6,71,30.544
6,72,29.9003
6,73,28.2118
6,74,30.4965
6,75,30.961
6,76,30.3856
6,77,28.8688
6,78,31.4704
6,79,30.8248
6,80,30.0827
6,81,26.0858
6,82,26.7441
6,83,30.0156
6,84,30.1741
6,85,28.9962
6,86,29.2732
6,87,28.1401
6,88,31.8912
6,89,0
6,90,29.746
6,91,31.4541
6,92,31.218
6,93,29.9464
6,94,28.4379
6,95,29.5993
6,96,31.5305
6,97,30.3248
6,98,0
6,99,30.2276
7,0,-3.55271e-15
7,1,32.5928
7,2,31.9736
7,3,33.7504
7,4,31.8175
7,5,30.08
7,6,29.67
7,7,0
7,8,31.7014
7,9,27.3275
7,10,28.5407
7,11,29.5847
7,12,26.1484
7,13,30.2443
7,14,29.9796
7,15,29.3876
7,16,31.663
7,17,30.1992
7,18,31.6995
7,19,29.6561
7,20,29.9322
7,21,29.9456
7,22,29.3758
7,23,29.15
7,24,29.1886
7,25,31.1221
7,26,30.4185
7,27,0
7,28,32.3631
7,29,32.8962
7,30,31.9454
7,31,29.2309
7,32,32.2479
7,33,31.766
7,34,30.9299
7,35,31.2381
7,36,31.0747
7,37,29.1534
7,38,31.6425
7,39,29.8815
7,40,31.2676
7,41,33.1932
7,42,29.2123
7,43,30.5727
7,44,29.0878
7,45,31.3687
7,46,29.3497
7,47,27.5582
7,48,31.1017
7,49,31.7956
7,50,30.5936
7,51,33.6151
7,52,29.6283
7,53,29.3694
7,54,30.2957
7,55,32.6796
7,56,29.9231
7,57,28.5322
7,58,32.2726
7,59,30.2534
7,60,30.8597
7,61,31.8319
7,62,29.0076
7,63,30.4138
7,64,31.1601
7,65,29.1217
7,66,31.0937
7,67,28.9075
7,68,31.0994
7,69,29.5644
7,70,29.2857
7,71,30.5208
7,72,31.3159
7,73,28.5614
7,74,32.1449
7,75,29.6903
7,76,32.5647
7,77,29.7554
7,78,28.3897
7,79,28.8032
7,80,29.8031
7,81,27.786
7,82,28.1952
7,83,30.5875
7,84,32.2851
7,85,30.221
7,86,31.4065
7,87,29.9706
7,88,30.6092
7,89,-7.10543e-15
7,90,31.124
7,91,31.5512
7,92,31.2606
7,93,31.6477
7,94,30.3192
7,95,30.8177
7,96,28.2278
7,97,28.3287
7,98,0
7,99,29.0216
8,0,0
8,1,30.5873
8,2,30.3681
8,3,32.2462
8,4,31.4436
8,5,30.0501
8,6,30.0067
8,7,31.7014
8,8,0
8,9,30.6915
8,10,32.3127
8,11,31.3106
8,12,29.1135
8,13,29.6345
8,14,31.0734
8,15,30.4666
8,16,30.6371
8,17,29.69
8,18,32.6989
8,19,30.9891
8,20,31.1233
8,21,29.9299
8,22,28.1305
8,23,31.5848
8,24,31.0258
8,25,31.6844
8,26,31.8167
8,27,0
8,28,31.462
8,29,31.2963
8,30,31.2004
8,31,29.9679
8,32,30.6602
8,33,29.8484
8,34,31.2586
8,35,30.8932
8,36,32.2305
8,37,30.2688
8,38,33.2663
8,39,29.5093
8,40,31.1165
8,41,29.926
8,42,29.9608
8,43,32.2128
8,44,31.6238
8,45,32.6134
8,46,30.6735
8,47,29.3
8,48,30.532
8,49,29.5515
8,50,31.0144
8,51,31.2924
8,52,29.7875
8,53,29.9593
8,54,32.2045
8,55,28.5673
8,56,30.8038
8,57,30.0395
8,58,29.9889
8,59,30.2025
8,60,30.9141
8,61,31.3908
8,62,30.7982
8,63,32.1591
8,64,30.6099
8,65,29.0203
8,66,31.5707
8,67,30.777
8,68,32.0757
8,69,28.6477
8,70,29.5847
8,71,31.904
8,72,31.0088
8,73,29.4756
8,74,32.5582
8,75,30.6101
8,76,31.7234
8,77,29.7363
8,78,30.4131
8,79,28.6499
8,80,30.9775
8,81,29.2234
8,82,29.5
8,83,30.9341
8,84,31.2736
8,85,29.7228
8,86,28.6806
8,87,30.7784
8,88,31.962
8,89,0
8,90,31.3341
8,91,30.2421
8,92,30.6229
8,93,32.0148
8,94,30.5568
8,95,30.4821
8,96,27.7857
8,97,28.7301
8,98,0
8,99,30.1263
9,0,0
9,1,26.4417
9,2,28.4514
9,3,28.9963
9,4,28.2442
9,5,27.2473
9,6,25.6147
9,7,27.3275
9,8,30.6915
9,9,0
9,10,27.7093
9,11,29.018
9,12,29.2738
9,13,30.1074
9,14,30.6492
9,15,27.2365
9,16,26.6545
9,17,30.2247
9,18,28.3917
9,19,29.24
9,20,28.1192
9,21,27.0609
9,22,26.6524
9,23,29.3262
9,24,27.9698
9,25,29.1733
9,26,28.9681
9,27,0
9,28,30.7002
9,29,30.8755
9,30,28.3223
9,31,30.2608
9,32,28.7943
9,33,28.9002
9,34,32.1151
9,35,28.8234
9,36,30.2608
9,37,26.7918
9,38,29.5093
9,39,28.2859
9,40,27.6581
9,41,28.0975
9,42,31.4819
9,43,28.1856
9,44,26.4392
9,45,30.2736
9,46,28.7847
9,47,30.7949
9,48,27.4782
9,49,27.6932
9,50,28.4033
9,51,28.2063
9,52,31.9526
9,53,26.4704
9,54,33.0019
9,55,26.1263
9,56,29.9103
9,57,27.9761
9,58,29.649
9,59,32.1562
9,60,28.7842
9,61,28.6337
9,62,29.9928
9,63,31.0579
9,64,30.1081
9,65,28.3537
9,66,26.2042
9,67,30.5303
9,68,30.1042
9,69,26.7057
9,70,32.1644
9,71,29.4268
9,72,28.3977
9,73,28.8677
9,74,30.5278
9,75,29.6905
9,76,27.5875
9,77,26.9668
9,78,26.6923
9,79,29.581
9,80,26.9579
9,81,29.0422
9,82,31.5715
9,83,29.3206
9,84,28.7292
9,85,27.297
9,86,28.9426
9,87,27.5141
9,88,31.1455
9,89,-3.55271e-15
9,90,29.2127
9,91,29.4383
9,92,30.5702
9,93,28.7517
9,94,30.5817
9,95,27.4271
9,96,27.7637
9,97,27.3527
9,98,0
9,99,29.1305
10,0,0
10,1,31.2923
10,2,30.8116
10,3,28.9406
10,4,31.0661
10,5,28.6241
10,6,30.0041
10,7,28.5407
10,8,32.3127
10,9,27.7093
10,10,0
10,11,32.6724
10,12,28.9653
10,13,29.3746
10,14,30.6199
10,15,26.6428
10,16,29.4184
10,17,26.7219
10,18,30.2724
10,19,31.5623
10,20,31.1106
10,21,30.3087
10,22,29.8476
10,23,30.2716
10,24,29.0625
10,25,30.5354
10,26,31.8335
10,27,0
10,28,30.1692
10,29,30.7058
10,30,30.2542
10,31,30.9811
10,32,29.9493
10,33,31.635
10,34,29.478
10,35,31.7456
10,36,30.5403
10,37,27.1393
10,38,30.5437
10,39,29.7881
10,40,27.9587
10,41,31.8492
10,42,30.0047
10,43,28.943
10,44,29.5865
10,45,29.1055
10,46,29.1095
10,47,29.7658
10,48,28.8516
10,49,30.6219
10,50,32.6652
10,51,29.8716
10,52,30.7205
10,53,28.1352
10,54,30.613
10,55,30.9883
10,56,28.9261
10,57,29.3999
10,58,29.402
10,59,30.1718
10,60,28.6203
10,61,28.7836
10,62,31.3137
10,63,30.3509
10,64,30.5332
10,65,31.0755
10,66,30.1063
10,67,30.9947
10,68,29.9992
10,69,29.4396
10,70,29.1058
10,71,30.4768
10,72,27.9824
10,73,30.0815
10,74,31.7398
10,75,31.0864
10,76,27.8149
10,77,28.1285
10,78,29.2076
10,79,27.2751
10,80,30.9743
10,81,27.5554
10,82,29.9794
10,83,27.9847
10,84,29.8136
10,85,27.9483
10,86,32.1696
10,87,28.366
10,88,32.7892
10,89,0
10,90,29.7528
10,91,30.034
10,92,29.6429
10,93,28.6633
10,94,30.2742
10,95,30.2867
10,96,28.7637
10,97,31.5747
10,98,0
10,99,29.5224
11,0,0
11,1,30.064
11,2,34.6879
11,3,31.4121
11,4,32.1199
11,5,32.9153
11,6,30.6235
11,7,29.5847
11,8,31.3106
11,9,29.018
11,10,32.6724
11,11,0
11,12,28.8375
11,13,29.4656
11,14,29.7809
11,15,29.0693
11,16,30.9342
11,17,30.1972
11,18,30.7617
11,19,30.4661
11,20,28.9856
11,21,32.0869
11,22,31.4993
11,23,29.7758
11,24,30.0337
11,25,29.7465
11,26,29.4581
11,27,0
11,28,32.6044
11,29,30.8984
11,30,32.1876
11,31,31.6924
11,32,31.7135
11,33,33.3061
11,34,31.5561
11,35,30.684
11,36,29.0225
11,37,28.8353
11,38,33.1579
11,39,29.3589
11,40,29.6536
11,41,29.901
11,42,29.6119
11,43,29.8709
11,44,29.5087
11,45,29.4391
11,46,28.8516
11,47,26.8482
11,48,29.6406
11,49,31.5115
11,50,32.5339
11,51,29.0773
11,52,29.3759
11,53,26.2018
11,54,31.3129
11,55,31.561
11,56,28.7268
11,57,29.598
11,58,29.4743
11,59,30.566
11,60,28.2834
11,61,32.8903
11,62,31.9168
11,63,29.8037
11,64,28.8659
11,65,33.6433
11,66,31.719
11,67,30.9753
11,68,28.6283
11,69,30.0362
11,70,30.6256
11,71,29.3196
11,72,30.7463
11,73,29.4534
11,74,31.1975
11,75,29.2699
11,76,28.6688
11,77,30.4476
11,78,31.3936
11,79,28.7076
11,80,32.4133
11,81,28.5988
11,82,28.5941
11,83,29.8196
11,84,29.4929
11,85,30.5598
11,86,30.3658
11,87,29.3972
11,88,31.4148
11,89,0
11,90,32.5033
11,91,32.3736
11,92,29.1943
11,93,33.2898
11,94,29.8285
11,95,27.9187
11,96,29.9835
11,97,31.1518
11,98,0
11,99,30.7791
12,0,0
12,1,29.8375
12,2,29.7526
12,3,31.1078
12,4,30.4559
12,5,32.9251
12,6,29.9849
12,7,26.1484
12,8,29.1135
12,9,29.2738
12,10,28.9653
12,11,28.8375
12,12,0
12,13,30.1487
12,14,30.2711
12,15,27.5201
12,16,29.9096
12,17,28.8508
12,18,32.2271
12,19,29.0297
12,20,28.5769
12,21,28.906
12,22,29.2176
12,23,31.3584
12,24,31.1232
12,25,29.2905
12,26,32.2756
12,27,0
12,28,28.8284
12,29,29.816
12,30,30.0096
12,31,33.0267
12,32,29.8227
12,33,30.1621
12,34,31.5759
12,35,30.3202
12,36,28.7348
12,37,26.6173
12,38,30.9603
12,39,31.1892
12,40,29.025
12,41,29.128
12,42,27.5969
12,43,28.1321
12,44,30.1012
12,45,29.2279
12,46,28.4333
12,47,27.9155
12,48,27.5894
12,49,30.9154
12,50,29.0154
12,51,29.1268
12,52,31.1242
12,53,29.0389
12,54,31.6154
12,55,30.6441
12,56,29.7837
12,57,29.1686
12,58,28.3156
12,59,29.5691
12,60,31.7485
12,61,29.4915
12,62,29.8715
12,63,30.5843
12,64,29.6183
12,65,29.6924
12,66,28.9051
12,67,31.7455
12,68,31.0105
12,69,28.1812
12,70,30.9599
12,71,30.2557
12,72,28.0918
12,73,28.5189
12,74,31.7671
12,75,30.6906
12,76,30.3085
12,77,27.9794
12,78,27.7054
12,79,27.5604
12,80,29.8123
12,81,28.0038
12,82,30.4597
12,83,28.9652
12,84,30.9616
12,85,28.513
12,86,31.2046
12,87,27.8689
12,88,29.4107
12,89,0
12,90,31.7954
12,91,29.9691
12,92,30.4786
12,93,30.9393
12,94,31.8172
12,95,30.5355
12,96,30.2112
12,97,30.6359
12,98,0
12,99,31.4991
13,0,0
13,1,28.9355
13,2,29.9663
13,3,30.0994
13,4,32.5201
13,5,28.9463
13,6,29.1325
13,7,30.2443
13,8,29.6345
13,9,30.1074
13,10,29.3746
13,11,29.4656
13,12,30.1487
13,13,0
13,14,30.1666
13,15,29.1214
13,16,30.0668
13,17,28.8287
13,18,31.1937
13,19,29.0555
13,20,27.7748
13,21,27.9618
13,22,28.4773
13,23,29.9776
13,24,31.19
13,25,29.5678
13,26,29.6085
13,27,0
13,28,29.5366
13,29,28.9522
13,30,28.4672
13,31,29.9603
13,32,30.2222
13,33,29.3016
13,34,30.2238
13,35,28.7582
13,36,30.608
13,37,26.9792
13,38,31.0072
13,39,30.1573
13,40,29.0887
13,41,28.7126
13,42,27.3752
13,43,31.1236
13,44,31.1702
13,45,29.5689
13,46,29.4041
13,47,30.2654
13,48,30.1579
13,49,30.9865
13,50,29.7024
13,51,29.4046
13,52,31.309
13,53,29.8006
13,54,28.8981
13,55,30.5343
13,56,29.8096
13,57,29.1373
13,58,27.4681
13,59,31.8621
13,60,31.6986
13,61,30.0516
13,62,31.252
13,63,33.7578
13,64,30.498
13,65,29.5034
13,66,30.222
13,67,30.4258
13,68,30.3333
13,69,28.9268
13,70,32.3394
13,71,28.2342
13,72,28.8946
13,73,29.1514
13,74,30.0095
13,75,28.6636
13,76,28.3625
13,77,28.1312
13,78,28.8243
13,79,27.7185
13,80,28.4751
13,81,30.9726
13,82,31.1385
13,83,30.3661
13,84,30.463
13,85,26.8634
13,86,30.9865
13,87,28.5718
13,88,31.3634
13,89,3.55271e-15
13,90,29.6692
13,91,29.8582
13,92,29.9011
13,93,31.2723
13,94,28.3572
13,95,28.5651
13,96,29.7757
13,97,29.2942
13,98,0
13,99,30.2104
14,0,0
14,1,29.9655
14,2,30.3591
14,3,30.6887
14,4,30.9242
14,5,29.408
14,6,28.7849
14,7,29.9796
14,8,31.0734
14,9,30.6492
14,10,30.6199
14,11,29.7809
14,12,30.2711
14,13,30.1666
14,14,0
14,15,28.5895
14,16,28.0316
14,17,29.7471
14,18,30.4511
14,19,30.6392
14,20,28.3818
14,21,29.0398
14,22,28.979
14,23,31.3788
14,24,30.2601
14,25,29.0837
14,26,30.7404
14,27,0
14,28,30.2778
14,29,30.4705
14,30,30.4225
14,31,29.6522
14,32,30.1633
14,33,29.6413
14,34,32.1768
14,35,31.6623
14,36,28.9738
14,37,27.7691
14,38,29.7125
14,39,31.275
14,40,28.0841
14,41,28.7813
14,42,30.886
14,43,29.5277
14,44,30.372
14,45,29.623
14,46,30.2956
14,47,29.9095
14,48,28.638
14,49,29.4001
14,50,28.6688
14,51,30.029
14,52,32.5897
14,53,27.569
14,54,30.0455
14,55,27.5369
14,56,27.6088
14,57,27.2591
14,58,28.6704
14,59,31.6925
14,60,28.0387
14,61,30.8661
14,62,30.6523
14,63,28.9774
14,64,30.6484
14,65,30.4133
14,66,28.4438
14,67,29.4535
14,68,31.412
14,69,29.4141
14,70,31.9407
14,71,29.4095
14,72,29.0182
14,73,29.3152
14,74,31.0545
14,75,29.9625
14,76,29.978
14,77,25.9034
14,78,27.5242
14,79,27.7857
14,80,30.9544
14,81,31.3676
14,82,29.799
14,83,29.045
14,84,29.1922
14,85,29.6652
14,86,30.2118
14,87,28.152
14,88,31.2907
14,89,3.55271e-15
14,90,30.3081
14,91,29.3486
14,92,28.8099
14,93,30.63
14,94,30.8158
14,95,27.7804
14,96,30.6817
14,97,29.8831
14,98,0
14,99,29.4139
15,0,0
15,1,31.9095
15,2,31.731
15,3,31.0196
15,4,29.9584
15,5,26.5217
15,6,28.4899
15,7,29.3876
15,8,30.4666
15,9,27.2365
15,10,26.6428
15,11,29.0693
15,12,27.5201
15,13,29.1214
15,14,28.5895
15,15,0
15,16,31.3777
15,17,31.4224
15,18,28.6481
15,19,28.7546
15,20,31.7104
15,21,30.7321
15,22,29.7741
15,23,27.8546
15,24,27.1774
15,25,30.1593
15,26,30.3505
15,27,0
15,28,28.9984
15,29,30.739
15,30,30.1686
15,31,27.7378
15,32,30.4652
15,33,30.4122
15,34,27.4782
15,35,30.7959
15,36,30.4058
15,37,29.7213
15,38,29.6108
15,39,26.6077
15,40,31.7938
15,41,31.4814
15,42,31.1634
15,43,29.6696
15,44,29.9392
15,45,29.0806
15,46,28.0544
15,47,25.8092
15,48,29.0417
15,49,31.2389
15,50,29.7793
15,51,31.9248
15,52,27.8593
15,53,30.0052
15,54,28.2964
15,55,27.7429
15,56,28.4111
15,57,31.9089
15,58,28.002
15,59,28.2948
15,60,28.7978
15,61,27.9683
15,62,26.6823
15,63,29.9874
15,64,29.8911
15,65,29.8979
15,66,30.4809
15,67,26.4343
15,68,28.8829
15,69,28.3445
15,70,26.7451
15,71,29.347
15,72,29.7805
15,73,26.6482
15,74,30.4163
15,75,29.2052
15,76,29.8786
15,77,27.2083
15,78,30.2235
15,79,31.5753
15,80,27.4147
15,81,26.1686
15,82,28.5754
15,83,29.1034
15,84,30.1123
15,85,29.37
15,86,27.7495
15,87,28.9013
15,88,28.784
15,89,0
15,90,27.0795
15,91,28.1824
15,92,27.2204
15,93,28.9144
15,94,29.162
15,95,27.3033
15,96,27.6978
15,97,28.8751
15,98,0
15,99,27.45
16,0,3.55271e-15
16,1,30.4404
16,2,31.8959
16,3,32.711
16,4,34.7431
16,5,28.3875
16,6,30.5202
16,7,31.663
16,8,30.6371
16,9,26.6545
16,10,29.4184
16,11,30.9342
16,12,29.9096
16,13,30.0668
16,14,28.0316
16,15,31.3777
16,16,0
16,17,28.7121
16,18,31.1169
16,19,32.3465
16,20,29.9359
16,21,31.0233
16,22,31.2553
16,23,31.6083
16,24,31.5324
16,25,30.5659
16,26,29.8703
16,27,0
16,28,30.7649
16,29,30.5668
16,30,31.6249
16,31,31.9475
16,32,32.2063
16,33,30.2938
16,34,29.1753
16,35,31.3296
16,36,28.5224
16,37,30.6918
16,38,29.7243
16,39,29.8801
16,40,29.4978
16,41,32.0421
16,42,30.1878
16,43,29.0959
16,44,30.1405
16,45,29.9005
16,46,28.1657
16,47,27.5554
16,48,29.8905
16,49,29.8672
16,50,31.14
16,51,31.4034
16,52,27.523
16,53,30.4992
16,54,28.5601
16,55,30.8448
16,56,26.9723
16,57,30.5595
16,58,32.9887
16,59,30.376
16,60,29.4767
16,61,29.0232
16,62,29.3287
16,63,29.1588
16,64,31.7796
16,65,30.2283
16,66,30.3891
16,67,29.8488
16,68,30.1674
16,69,32.4181
16,70,28.2223
16,71,31.0971
16,72,29.7667
16,73,28.2665
16,74,32.142
16,75,31.842
16,76,30.0228
16,77,29.4844
16,78,31.7109
16,79,29.9245
16,80,31.1164
16,81,27.9115
16,82,29.4237
16,83,29.7621
16,84,30.228
16,85,30.7959
16,86,29.9614
16,87,29.1207
16,88,30.3612
16,89,0
16,90,30.7955
16,91,30.7608
16,92,30.2232
16,93,30.1881
16,94,29.1702
16,95,29.2118
16,96,28.6972
16,97,29.3249
16,98,0
16,99,30.4932
17,0,7.10543e-15
17,1,31.8216
17,2,28.7631
17,3,30.5259
17,4,29.76
17,5,28.0839
17,6,30.5409
17,7,30.1992
17,8,29.69
17,9,30.2247
17,10,26.7219
17,11,30.1972
17,12,28.8508
17,13,28.8287
17,14,29.7471
17,15,31.4224
17,16,28.7121
17,17,0
17,18,28.9322
17,19,29.6264
17,20,33.9312
17,21,29.4618
17,22,26.404
17,23,30.1459
17,24,30.9492
17,25,29.2866
17,26,30.1915
17,27,0
17,28,30.2776
17,29,30.8745
17,30,31.0061
17,31,27.1405
17,32,30.1498
17,33,29.2289
17,34,29.686
17,35,30.4688
17,36,33.1182
17,37,28.6537
17,38,31.017
17,39,27.9466
17,40,29.8578
17,41,31.9951
17,42,33.301
17,43,29.6448
17,44,28.9387
17,45,30.2846
17,46,31.2969
17,47,28.3367
17,48,30.1834
17,49,30.3271
17,50,30.7499
17,51,29.0688
17,52,30.2255
17,53,32.7315
17,54,29.2285
17,55,30.3723
17,56,32.7585
17,57,31.5117
17,58,29.2575
17,59,30.3018
17,60,30.8022
17,61,28.1032
17,62,29.8221
17,63,30.5551
17,64,32.3144
17,65,30.5642
17,66,31.184
17,67,30.9591
17,68,31.4832
17,69,28.8343
17,70,29.9048
17,71,30.4567
17,72,30.8927
17,73,30.3513
17,74,29.6599
17,75,29.6756
17,76,29.9486
17,77,29.152
17,78,28.8906
17,79,30.0681
17,80,31.1974
17,81,27.7323
17,82,28.3206
17,83,28.7778
17,84,32.1461
17,85,30.2626
17,86,29.3164
17,87,33.9359
17,88,32.6671
17,89,0
17,90,28.0824
17,91,30.3259
17,92,29.1522
17,93,30.5106
17,94,27.1603
17,95,28.44
17,96,29.3589
17,97,28.8426
17,98,0
17,99,27.7658
18,0,0
18,1,31.1632
18,2,32.9922
18,3,31.2811
18,4,30.9348
18,5,29.4302
18,6,26.9325
18,7,31.6995
18,8,32.6989
18,9,28.3917
18,10,30.2724
18,11,30.7617
18,12,32.2271
18,13,31.1937
18,14,30.4511
18,15,28.6481
18,16,31.1169
18,17,28.9322
18,18,0
18,19,30.9025
18,20,28.6288
18,21,31.2213
18,22,31.2427
18,23,30.6225
18,24,30.3584
18,25,32.0474
18,26,30.0405
18,27,0
18,28,32.3933
18,29,30.3469
18,30,31.9028
18,31,30.6185
18,32,30.4369
18,33,33.1759
18,34,29.1351
18,35,32.4596
18,36,29.1485
18,37,27.8477
18,38,31.9381
18,39,31.8373
18,40,28.6508
18,41,29.7059
18,42,30.5731
18,43,29.0762
18,44,30.5267
18,45,31.0958
18,46,28.6554
18,47,29.2001
18,48,29.365
18,49,29.6205
18,50,31.4956
18,51,30.5298
18,52,27.6916
18,53,27.5832
18,54,30.3404
18,55,29.3214
18,56,27.8566
18,57,29.3974
18,58,30.0463
18,59,30.3035
18,60,28.9397
18,61,31.4639
18,62,30.3262
18,63,30.535
18,64,30.1115
18,65,31.4608
18,66,29.6713
18,67,30.7608
18,68,31.4364
18,69,29.0069
18,70,30.174
18,71,30.1905
18,72,29.654
18,73,28.6608
18,74,32.5606
18,75,32.29
18,76,30.9958
18,77,30.2806
18,78,30.1783
18,79,28.9374
18,80,30.1142
18,81,28.5335
18,82,29.1451
18,83,32.1328
18,84,29.9193
18,85,32.0488
18,86,28.9758
18,87,27.2362
18,88,33.6289
18,89,0
18,90,31.1715
18,91,33.1392
18,92,30.8654
18,93,31.63
18,94,30.6382
18,95,30.528
18,96,31.6439
18,97,30.723
18,98,0
18,99,30.8399
19,0,0
19,1,31.2114
19,2,31.0648
19,3,31.7857
19,4,32.235
19,5,30.3972
19,6,30.0611
19,7,29.6561
19,8,30.9891
19,9,29.24
19,10,31.5623
19,11,30.4661
19,12,29.0297
19,13,29.0555
19,14,30.6392
19,15,28.7546
19,16,32.3465
19,17,29.6264
19,18,30.9025
19,19,0
19,20,30.2038
19,21,29.2715
19,22,27.9799
19,23,29.2187
19,24,30.0572
19,25,31.5899
19,26,29.9357
19,27,0
19,28,31.7249
19,29,30.9558
19,30,31.3864
19,31,30.7702
19,32,31.0518
19,33,30.8274
19,34,30.0977
19,35,33.4251
19,36,32.0098
19,37,29.7117
19,38,31.8252
19,39,29.1413
19,40,29.1085
19,41,32.1287
19,42,31.816
19,43,28.7651
19,44,28.3453
19,45,30.3561
19,46,29.5729
19,47,27.1931
19,48,29.8079
19,49,31.3777
19,50,30.1342
19,51,30.3568
19,52,30.516
19,53,30.3303
19,54,30.375
19,55,29.9469
19,56,29.9467
19,57,30.6897
19,58,28.9937
19,59,32.6714
19,60,29.2873
19,61,30.4108
19,62,28.7185
19,63,29.722
19,64,31.4141
19,65,31.3832
19,66,29.7342
19,67,28.1215
19,68,32.5337
19,69,27.557
19,70,31.3804
19,71,30.3806
19,72,30.5733
19,73,29.8076
19,74,33.6228
19,75,30.6872
19,76,30.3826
19,77,30.4827
19,78,29.7893
19,79,29.4184
19,80,28.1613
19,81,26.041
19,82,29.5692
19,83,31.8059
19,84,30.8417
19,85,31.0974
19,86,30.218
19,87,29.8766
19,88,32.6778
19,89,0
19,90,31.0503
19,91,31.5418
19,92,29.0602
19,93,33.6742
19,94,27.8758
19,95,29.89
19,96,30.3416
19,97,29.6589
19,98,-3.55271e-15
19,99,30.8848
20,0,0
20,1,31.2112
20,2,30.0962
20,3,29.9401
20,4,31.2366
20,5,28.5765
20,6,31.3375
20,7,29.9322
20,8,31.1233
20,9,28.1192
20,10,31.1106
20,11,28.9856
20,12,28.5769
20,13,27.7748
20,14,28.3818
20,15,31.7104
20,16,29.9359
20,17,33.9312
20,18,28.6288
20,19,30.2038
20,20,0
20,21,28.0602
20,22,28.6988
20,23,28.9724
20,24,26.5569
20,25,29.7062
20,26,30.0376
20,27,0
20,28,31.1175
20,29,29.6774
20,30,31.4668
20,31,28.1846
20,32,32.0469
20,33,31.2673
20,34,30.021
20,35,32.2016
20,36,29.1704
20,37,30.7832
20,38,32.3632
20,39,27.6064
20,40,30.7498
20,41,32.4797
20,42,31.6064
20,43,31.4462
20,44,28.9683
20,45,29.7207
20,46,27.9532
20,47,29.1051
20,48,30.7105
20,49,30.1781
20,50,30.2337
20,51,30.4643
20,52,27.4532
20,53,30.9611
20,54,30.1229
20,55,29.0298
20,56,28.2992
20,57,31.5389
20,58,29.0863
20,59,28.7641
20,60,28.2952
20,61,28.9507
20,62,29.9082
20,63,30.552
20,64,29.4387
20,65,30.483
20,66,30.9767
20,67,28.4231
20,68,30.3461
20,69,29.3001
20,70,30.0019
20,71,29.0892
20,72,31.5679
20,73,27.9772
20,74,29.4789
20,75,30.8478
20,76,31.5606
20,77,30.2108
20,78,29.8564
20,79,31.3499
20,80,28.5516
20,81,29.0465
20,82,27.6642
20,83,31.7096
20,84,30.8782
20,85,29.2707
20,86,29.6819
20,87,30.2193
20,88,31.5326
20,89,0
20,90,29.0637
20,91,28.7242
20,92,28.3601
20,93,30.7669
20,94,29.0039
20,95,26.9163
20,96,27.8733
20,97,28.0351
20,98,0
20,99,28.1094
21,0,0
21,1,29.6292
21,2,29.4426
21,3,29.4103
21,4,31.1565
21,5,30.0467
21,6,30.3278
21,7,29.9456
21,8,29.9299
21,9,27.0609
21,10,30.3087
21,11,32.0869
21,12,28.906
21,13,27.9618
21,14,29.0398
21,15,30.7321
21,16,31.0233
21,17,29.4618
21,18,31.2213
21,19,29.2715
21,20,28.0602
21,21,0
21,22,30.7505
21,23,28.2978
21,24,31.501
21,25,30.4463
21,26,29.802
21,27,0
21,28,29.0189
21,29,29.939
21,30,31.9878
21,31,31.1195
21,32,31.7369
21,33,30.7116
21,34,29.8116
21,35,31.4586
21,36,30.3571
21,37,31.0471
21,38,30.8051
21,39,27.961
21,40,28.7822
21,41,28.7136
21,42,28.4356
21,43,29.4667
21,44,28.0837
21,45,30.9643
21,46,30.3438
21,47,27.9948
21,48,31.3367
21,49,28.7321
21,50,30.6939
21,51,29.5964
21,52,29.8305
21,53,27.2525
21,54,28.6323
21,55,31.3703
21,56,28.1563
21,57,29.4771
21,58,30.3352
21,59,27.7655
21,60,28.3379
21,61,32.5595
21,62,28.0495
21,63,27.2404
21,64,29.7704
21,65,31.6023
21,66,30.4277
21,67,28.8242
21,68,29.8454
21,69,31.2389
21,70,28.9433
21,71,28.4255
21,72,28.5713
21,73,26.2406
21,74,30.5268
21,75,29.3441
21,76,29.7551
21,77,31.1497
21,78,30.3609
21,79,28.2511
21,80,29.6258
21,81,27.4096
21,82,27.5179
21,83,30.2552
21,84,30.3496
21,85,29.4621
21,86,29.2269
21,87,27.5099
21,88,30.5625
21,89,0
21,90,31.798
21,91,32.3196
21,92,29.6876
21,93,30.5596
21,94,29.1611
21,95,29.4282
21,96,30.6431
21,97,28.6666
21,98,0
21,99,28.5563
22,0,0
22,1,28.8381
22,2,28.8626
22,3,30.7271
22,4,29.721
22,5,28.355
22,6,29.5965
22,7,29.3758
22,8,28.1305
22,9,26.6524
22,10,29.8476
22,11,31.4993
22,12,29.2176
22,13,28.4773
22,14,28.979
22,15,29.7741
22,16,31.2553
22,17,26.404
22,18,31.2427
22,19,27.9799
22,20,28.6988
22,21,30.7505
22,22,0
22,23,28.6555
22,24,30.0631
22,25,27.989
22,26,29.7141
22,27,0
22,28,29.4479
22,29,29.9407
22,30,29.5339
22,31,30.0837
22,32,31.0175
22,33,29.3302
22,34,27.6368
22,35,32.7741
22,36,28.9343
22,37,30.2504
22,38,28.8488
22,39,28.9861
22,40,28.4709
22,41,29.3549
22,42,29.2746
22,43,29.4122
22,44,29.1439
22,45,26.9004
22,46,29.7555
22,47,27.1925
22,48,31.0148
22,49,27.9304
22,50,28.7961
22,51,30.9713
22,52,29.1858
22,53,27.8175
22,54,26.3478
22,55,30.377
22,56,27.1765
22,57,28.7078
22,58,29.8379
22,59,28.5891
22,60,25.6265
22,61,31.9653
22,62,28.6456
22,63,27.2163
22,64,29.6345
22,65,26.4704
22,66,27.9975
22,67,28.7606
22,68,28.6555
22,69,28.271
22,70,29.8603
22,71,27.7438
22,72,31.0118
22,73,27.5209
22,74,29.1726
22,75,29.4573
22,76,30.6941
22,77,31.7212
22,78,30.2846
22,79,30.1624
22,80,31.6777
22,81,28.5584
22,82,27.0193
22,83,29.8504
22,84,29.0921
22,85,30.4991
22,86,29.2164
22,87,28.0224
22,88,32.4223
22,89,-7.10543e-15
22,90,29.5688
22,91,30.2206
22,92,30.8906
22,93,28.8904
22,94,29.181
22,95,30.7391
22,96,27.9391
22,97,30.1758
22,98,0
22,99,28.1836
23,0,-3.55271e-15
23,1,31.1456
23,2,29.9928
23,3,30.0271
23,4,29.063
23,5,30.1661
23,6,28.7324
23,7,29.15
23,8,31.5848
23,9,29.3262
23,10,30.2716
23,11,29.7758
23,12,31.3584
23,13,29.9776
23,14,31.3788
23,15,27.8546
23,16,31.6083
23,17,30.1459
23,18,30.6225
23,19,29.2187
23,20,28.9724
23,21,28.2978
23,22,28.6555
23,23,0
23,24,28.3759
23,25,31.2301
23,26,30.6292
23,27,0
23,28,31.2099
23,29,29.3112
23,30,29.667
23,31,28.0228
23,32,32.174
23,33,29.407
23,34,30.1063
23,35,31.3939
23,36,32.8287
23,37,27.752
23,38,33.5818
23,39,29.9297
23,40,30.3944
23,41,30.5193
23,42,32.0169
23,43,31.1993
23,44,29.6846
23,45,32.7535
23,46,28.9366
23,47,29.5038
23,48,32.4
23,49,31.4517
23,50,30.9549
23,51,30.988
23,52,29.8611
23,53,28.6094
23,54,31.6631
23,55,29.9515
23,56,32.8323
23,57,28.9118
23,58,31.6483
23,59,30.1403
23,60,29.3181
23,61,30.5496
23,62,28.6097
23,63,32.5072
23,64,31.6521
23,65,30.2999
23,66,29.7994
23,67,29.2776
23,68,32.1673
23,69,27.6999
23,70,32.032
23,71,29.9628
23,72,28.9719
23,73,30.234
23,74,32.1461
23,75,30.8263
23,76,32.5424
23,77,29.0249
23,78,27.9205
23,79,30.3107
23,80,30.0743
23,81,29.1429
23,82,28.759
23,83,33.1319
23,84,29.7719
23,85,29.9808
23,86,30.9454
23,87,28.8539
23,88,32.5615
23,89,-3.55271e-15
23,90,29.7183
23,91,29.6938
23,92,30.126
23,93,28.2571
23,94,29.3585
23,95,27.0252
23,96,27.577
23,97,28.245
23,98,0
23,99,30.2529
24,0,3.55271e-15
24,1,29.9043
24,2,30.1018
24,3,29.3269
24,4,31.6252
24,5,27.6093
24,6,29.7117
24,7,29.1886
24,8,31.0258
24,9,27.9698
24,10,29.0625
24,11,30.0337
24,12,31.1232
24,13,31.19
24,14,30.2601
24,15,27.1774
24,16,31.5324
24,17,30.9492
24,18,30.3584
24,19,30.0572
24,20,26.5569
24,21,31.501
24,22,30.0631
24,23,28.3759
24,24,0
24,25,29.1265
24,26,30.2139
24,27,0
24,28,29.6745
24,29,29.5397
24,30,30.4192
24,31,30.1763
24,32,30.0965
24,33,30.2369
24,34,29.308
24,35,30.8508
24,36,27.9454
24,37,30.2331
24,38,31.0912
24,39,29.7674
24,40,29.3536
24,41,29.767
24,42,29.2251
24,43,30.45
24,44,27.8513
24,45,29.2647
24,46,28.456
24,47,27.1135
24,48,29.3281
24,49,29.6976
24,50,30.0053
24,51,30.8266
24,52,27.9401
24,53,26.2355
24,54,27.9982
24,55,31.7832
24,56,26.6177
24,57,28.4641
24,58,30.8597
24,59,30.2566
24,60,27.733
24,61,32.603
24,62,30.7247
24,63,28.813
24,64,31.2486
24,65,29.7671
24,66,28.8942
24,67,29.0336
24,68,29.7594
24,69,29.2993
24,70,30.5586
24,71,29.9045
24,72,26.0614
24,73,28.166
24,74,32.0205
24,75,31.8145
24,76,29.4453
24,77,30.8571
24,78,28.072
24,79,29.2412
24,80,31.8334
24,81,29.5288
24,82,27.3511
24,83,30.8787
24,84,29.7581
24,85,29.7356
24,86,28.675
24,87,28.7834
24,88,29.0298
24,89,0
24,90,31.3095
24,91,30.8639
24,92,28.378
24,93,29.9764
24,94,32.4558
24,95,31.7144
24,96,29.6998
24,97,29.9079
24,98,0
24,99,29.8538
25,0,0
25,1,29.5785
25,2,30.7445
25,3,31.9979
25,4,32.2635
25,5,29.6887
25,6,29.2878
25,7,31.1221
25,8,31.6844
25,9,29.1733
25,10,30.5354
25,11,29.7465
25,12,29.2905
25,13,29.5678
25,14,29.0837
25,15,30.1593
25,16,30.5659
25,17,29.2866
25,18,32.0474
25,19,31.5899
25,20,29.7062
25,21,30.4463
25,22,27.989
25,23,31.2301
25,24,29.1265
25,25,0
25,26,30.9697
25,27,0
25,28,31.9701
25,29,31.2188
25,30,30.9482
25,31,29.78
25,32,31.4742
25,33,31.1849
25,34,30.6289
25,35,33.4796
25,36,29.7163
25,37,30.3083
25,38,32.012
25,39,30.8349
25,40,29.8858
25,41,30.5306
25,42,31.4737
25,43,32.7669
25,44,29.9471
25,45,30.9707
25,46,30.0626
25,47,29.1687
25,48,29.9628
25,49,29.5878
25,50,29.9298
25,51,30.8572
25,52,29.0374
25,53,29.498
25,54,30.6108
25,55,31.7147
25,56,31.0461
25,57,29.2288
25,58,28.8994
25,59,29.3242
25,60,27.3984
25,61,31.102
25,62,29.641
25,63,30.3189
25,64,31.729
25,65,30.3197
25,66,29.646
25,67,29.9618
25,68,30.1242
25,69,29.1714
25,70,31.1961
25,71,30.8963
25,72,31.1322
25,73,29.9393
25,74,32.4214
25,75,31.5223
25,76,30.4584
25,77,29.1904
25,78,29.4765
25,79,29.0635
25,80,31.5317
25,81,28.6662
25,82,30.5621
25,83,31.6082
25,84,31.221
25,85,30.7489
25,86,30.3237
25,87,28.886
25,88,33.2335
25,89,0
25,90,30.8902
25,91,30.4248
25,92,30.7942
25,93,33.2244
25,94,31.733
25,95,29.28
25,96,29.3971
25,97,28.6568
25,98,0
25,99,31.1603
26,0,-7.10543e-15
26,1,30.4462
26,2,28.5736
26,3,32.1549
26,4,31.346
26,5,28.1692
26,6,27.4911
26,7,30.4185
26,8,31.8167
26,9,28.9681
26,10,31.8335
26,11,29.4581
26,12,32.2756
26,13,29.6085
26,14,30.7404
26,15,30.3505
26,16,29.8703
26,17,30.1915
26,18,30.0405
26,19,29.9357
26,20,30.0376
26,21,29.802
26,22,29.7141
26,23,30.6292
26,24,30.2139
26,25,30.9697
26,26,0
26,27,0
26,28,32.0843
26,29,29.6728
26,30,28.4657
26,31,31.4418
26,32,30.4982
26,33,31.4534
26,34,29.4647
26,35,32.1964
26,36,31.4607
26,37,27.603
26,38,31.335
26,39,30.5214
26,40,28.7097
26,41,26.8325
26,42,30.3695
26,43,29.2815
26,44,29.1041
26,45,31.0323
26,46,30.4747
26,47,30.5647
26,48,31.3704
26,49,29.9191
26,50,30.4968
26,51,28.7697
26,52,30.6341
26,53,31.443
26,54,31.8684
26,55,30.5757
26,56,29.8642
26,57,28.8778
26,58,29.1378
26,59,30.3601
26,60,27.3506
26,61,30.3346
26,62,30.2893
26,63,29.8688
26,64,28.6152
26,65,31.2178
26,66,29.6621
26,67,29.8404
26,68,31.2245
26,69,27.4818
26,70,30.8973
26,71,32.5234
26,72,30.3129
26,73,29.543
26,74,32.4567
26,75,31.5965
26,76,31.8887
26,77,29.9038
26,78,28.7403
26,79,29.5829
26,80,29.3646
26,81,25.8965
26,82,28.3517
26,83,31.6075
26,84,31.2627
26,85,30.2048
26,86,30.9802
26,87,29.1761
26,88,31.8254
26,89,-3.55271e-15
26,90,30.1261
26,91,31.3558
26,92,31.502
26,93,31.1059
26,94,28.9659
26,95,30.6686
26,96,29.2147
26,97,30.3878
26,98,-7.10543e-15
26,99,29.2435
27,0,0
27,1,0
27,2,0
27,3,0
27,4,0
27,5,0
27,6,0
27,7,0
27,8,0
27,9,0
27,10,0
27,11,0
27,12,0
27,13,0
27,14,0
27,15,0
27,16,0
27,17,0
27,18,0
27,19,0
27,20,0
27,21,0
27,22,0
27,23,0
27,24,0
27,25,0
27,26,0
27,27,0
27,28,0
27,29,0
27,30,0
27,31,0
27,32,0
27,33,0
27,34,0
27,35,0
27,36,0
27,37,0
27,38,0
27,39,0
27,40,0
27,41,0
27,42,0
27,43,0
27,44,0
27,45,0
27,46,0
27,47,0
27,48,0
27,49,0
27,50,0
27,51,0
27,52,0
27,53,0
27,54,0
27,55,0
27,56,0
27,57,0
27,58,0
27,59,0
27,60,0
27,61,0
27,62,0
27,63,0
27,64,0
27,65,0
27,66,0
27,67,0
27,68,0
27,69,0
27,70,0
27,71,0
27,72,0
27,73,0
27,74,0
27,75,0
27,76,0
27,77,0
27,78,0
27,79,0
27,80,0
27,81,0
27,82,0
27,83,0
27,84,0
27,85,0
27,86,0
27,87,0
27,88,0
27,89,0
27,90,0
27,91,0
27,92,0
27,93,0
27,94,0
27,95,0
27,96,0
27,97,0
27,98,3.55271e-15
27,99,0
28,0,0
28,1,31.5811
28,2,31.3551
28,3,32.8449
28,4,32.0888
28,5,30.057
28,6,32.5898
28,7,32.3631
28,8,31.462
28,9,30.7002
28,10,30.1692
28,11,32.6044
28,12,28.8284
28,13,29.5366
28,14,30.2778
28,15,28.9984
28,16,30.7649
28,17,30.2776
28,18,32.3933
28,19,31.7249
28,20,31.1175
28,21,29.0189
28,22,29.4479
28,23,31.2099
28,24,29.6745
28,25,31.9701
28,26,32.0843
28,27,0
28,28,0
28,29,29.8837
28,30,33.8284
28,31,31.7048
28,32,31.7448
28,33,32.0276
28,34,28.7741
28,35,31.9236
28,36,31.2369
28,37,30.1417
28,38,31.066
28,39,31.2802
28,40,29.924
28,41,29.3136
28,42,29.3858
28,43,31.1965
28,44,30.5155
28,45,28.1817
28,46,29.1695
28,47,29.1452
28,48,31.161
28,49,30.3703
28,50,31.7114
28,51,32.4465
28,52,28.4139
28,53,30.2132
28,54,28.8088
28,55,30.3859
28,56,31.4492
28,57,29.0973
28,58,30.3489
28,59,29.2103
28,60,29.2052
28,61,29.8115
28,62,31.5209
28,63,27.2829
28,64,31.6697
28,65,29.8513
28,66,31.1382
28,67,28.8201
28,68,30.1816
28,69,31.0182
28,70,27.8275
28,71,30.9059
28,72,31.6755
28,73,26.7535
28,74,32.7284
28,75,31.1517
28,76,31.4204
28,77,31.2708
28,78,28.7455
28,79,29.6294
28,80,30.6657
28,81,27.683
28,82,29.6197
28,83,30.182
28,84,31.0546
28,85,29.3671
28,86,30.4123
28,87,28.2809
28,88,32.3281
28,89,0
28,90,30.2019
28,91,30.6127
28,92,28.9237
28,93,31.8263
28,94,30.4131
28,95,29.7106
28,96,28.9428
28,97,29.3623
28,98,3.55271e-15
28,99,29.1187
29,0,0
29,1,28.5433
29,2,32.0969
29,3,31.4324
29,4,31.3533
29,5,31.2501
29,6,32.4392
29,7,32.8962
29,8,31.2963
29,9,30.8755
29,10,30.7058
29,11,30.8984
29,12,29.816
29,13,28.9522
29,14,30.4705
29,15,30.739
29,16,30.5668
29,17,30.8745
29,18,30.3469
29,19,30.9558
29,20,29.6774
29,21,29.939
29,22,29.9407
29,23,29.3112
29,24,29.5397
29,25,31.2188
29,26,29.6728
29,27,0
29,28,29.8837
29,29,0
29,30,31.3031
29,31,31.1431
29,32,31.6413
29,33,31.7139
29,34,29.5847
29,35,33.1613
29,36,30.3557
29,37,30.9978
29,38,31.9366
29,39,28.1426
29,40,29.4024
29,41,30.8429
29,42,31.0883
29,43,29.9562
29,44,28.5495
29,45,29.1179
29,46,30.5387
29,47,28.0869
29,48,29.6758
29,49,31.8468
29,50,30.1462
29,51,29.397
29,52,28.1699
29,53,29.2072
29,54,31.3162
29,55,28.5613
29,56,30.592
29,57,31.4109
29,58,29.5385
29,59,31.8698
29,60,29.333
29,61,29.4624
29,62,30.214
29,63,29.8449
29,64,28.5612
29,65,31.1727
29,66,32.3085
29,67,30.0948
29,68,30.5063
29,69,30.3771
29,70,31.2244
29,71,31.5029
29,72,31.2388
29,73,30.0859
29,74,30.9159
29,75,30.7957
29,76,31.434
29,77,29.7931
29,78,29.9936
29,79,30.7862
29,80,29.1794
29,81,28.8844
29,82,31.0305
29,83,28.8163
29,84,31.9137
29,85,30.2228
29,86,31.6313
29,87,29.9798
29,88,32.9762
29,89,0
29,90,30.2687
29,91,31.1507
29,92,29.1096
29,93,33.141
29,94,27.7436
29,95,29.5886
29,96,27.788
29,97,31.7113
29,98,0
29,99,28.8129
30,0,-3.55271e-15
30,1,30.3944
30,2,32.7664
30,3,33.155
30,4,33.717
30,5,27.6067
30,6,30.5364
30,7,31.9454
30,8,31.2004
30,9,28.3223
30,10,30.2542
30,11,32.1876
30,12,30.0096
30,13,28.4672
30,14,30.4225
30,15,30.1686
30,16,31.6249
30,17,31.0061
30,18,31.9028
30,19,31.3864
30,20,31.4668
30,21,31.9878
30,22,29.5339
30,23,29.667
30,24,30.4192
30,25,30.9482
30,26,28.4657
30,27,0
30,28,33.8284
30,29,31.3031
30,30,0
30,31,30.777
30,32,31.6896
30,33,30.9489
30,34,29.4399
30,35,34.6263
30,36,32.4547
30,37,28.5779
30,38,30.7633
30,39,28.6356
30,40,31.5944
30,41,30.0942
30,42,32.5091
30,43,31.8572
30,44,29.9538
30,45,32.5939
30,46,30.9221
30,47,29.756
30,48,32.0877
30,49,32.1968
30,50,32.8928
30,51,33.1263
30,52,29.8575
30,53,31.7914
30,54,32.4185
30,55,31.2739
30,56,30.7784
30,57,30.5252
30,58,28.3725
30,59,31.921
30,60,28.0868
30,61,31.4739
30,62,29.5979
30,63,30.7323
30,64,29.1794
30,65,31.7761
30,66,31.1992
30,67,28.4103
30,68,31.6784
30,69,29.3419
30,70,31.0491
30,71,29.6661
30,72,32.2775
30,73,29.3765
30,74,33.401
30,75,31.9287
30,76,32.9111
30,77,29.8321
30,78,29.3347
30,79,30.2028
30,80,28.948
30,81,27.5543
30,82,28.6258
30,83,31.1331
30,84,31.6999
