Augsburg,0,146.3283977907227,145.4269576110289,181.9120666695863,77.10382610480494,147.6109752017105,76.79192665899195,100.702532242243,195.0282030886815,151.251446274077,49.92995093127971,84.53401682163222,64.62197768561404,114.843371598016,29.68164415931166,108.2081327812286,135.8823020117042,32.98484500494128,64.12487816752559,88.3911760301898,18.35755975068582,153.9512909981595,145.9109317357682,39.31920650267501,188.4728097100481,37.64306044943742,219.6656550305486,44.94441010848846,24,57.77542730261716,144.8102206337661,38.3275357934736,74.65252842335616,57,58.05170109479997,126.5740889755877,144.2220510185596,189.4465623863363,69.02897942168927,140.6627171641441,144.6927779814874,151.2117720285031,44.10215414239989,84.50443775329198,85.09406559801923,40.04996878900157,149.6161755960899,127.6126952932192,138.6975125948551,40.26164427839479,19.23538406167134,220.6558406206371,71.84705978674423,106.5504575306929,72.3394774656273,160.3277892319357,42.57933771208754,101.0198000393982,116.400171821179
Muenchen,146.3283977907227,0,35.84689665786966,40.7921561087424,80.00624975587846,40.70626487409559,148.6371420607916,51.00000000000004,67.23094525588661,30.87069808086645,109.6585609973064,99.24716620639504,112.1605991424791,33.4215499341369,165.4236984231703,65.55150646628942,52.34500931320868,154.2076522096099,92.4553946506098,74.54528824815151,161.0124218810462,20.02498439450079,50.77400909914397,113.5341358358798,43.2897216438268,139.4022955334668,86.33075929238666,120.5985074534506,139.2695228684294,88.60022573334673,71.40028011149406,108.3374358197571,78.31347265956214,95.69221493935649,102.3034701268731,57.80138406647373,46.69047011971506,47.26520919238599,87.32124598286494,27.01851217221219,47.70744176750632,47.42362280551698,108.2266141020775,70.99999999999999,61.32699242584785,111.1395519155984,37.1618083521239,42.43819034784573,33.30165161069347,116.2110149684616,134.6476884316994,91.78779875342923,95.13148795220239,43.04648650006174,130.2497600765542,14.86606874731855,129.556937290135,106.77546534668,45.8802789878177
Landshut,145.4269576110289,35.84689665786966,0,69.89277502002624,69.77105417004967,5.099019513593261,129.3135723735138,45.27692569068705,100.0049998750063,66.64833081180655,100.647901120689,79.63039620647305,97.26767191621238,52.61178575186376,158.7765725792064,43.56604182158393,19.31320791582728,160.589538887189,104.1009125800538,60.16643582596533,162.265215003093,20.24845673131642,14.99999999999973,119.7539143410352,66.30987860040165,147.756556538111,115.6027681329473,110.6932698947862,132.8344834747363,89.82761268117949,36.06937759374171,110.3902169578446,71.02112361825881,104.6231331972045,113.7409337046254,28.28427124746205,81.27115109311534,74.30343195303971,99.84988733093293,10.04987562112109,12.04159457879254,12.16552506059613,114.9782588144385,61.40032573203502,67.6756972627545,116.8460525649027,4.242640687119285,18.38477631085023,7.211102550927896,123.5556554755791,137.9746353501251,122.5887433657756,81.27115109311562,41.40048308896886,111.7586685675879,35.80502757993602,119.0378091196238,81.49846624323716,29.15475947422649
Regensburg,181.9120666695863,40.7921561087424,69.89277502002624,0,120.2039932780938,73.60027173862932,189.3911296761282,91.35097153287438,31.62277660168379,33.6005952328229,149.0536816049841,140.0357097314815,152.6433752247371,67.26812023536854,203.2264746532794,105.9481005020855,88.83692925805053,185.2241884851976,122.6539848516957,115.2605743522043,195.1127878945919,49.64876634922582,84.20213774008329,146.1848145328372,13.34166406412631,169.4963126442578,46.09772228646431,160.0499921899404,177.3696704625681,125.131930377502,105.4229576515465,143.5862110371327,118.0042372120594,127.5813465989445,131.9469590403659,96.15092303249115,49.6789693934968,7.6157731058639,117.2731853408954,63.95310782127773,81.60882305241292,78.74642849043978,140.8012784032872,111.2879148874666,97.49358953285085,144.2220510185596,69.20260110718382,81.54140052758477,70.2353187506117,148.0033783398204,168.2438706164358,52.69724850502157,135.6244815658297,83.21658488546626,170.9883036935567,34.13209633175232,169.0473306503241,147.0544116985279,86.4002314811714
Ingolstadt,77.10382610480494,80.00624975587846,69.77105417004967,120.2039932780938,0,71.34423592694785,70.8378429936992,29.01723625709378,141.8908030846257,96.84007434941394,31.01612483854156,27.80287754891472,32.75667870831786,57.58472019555209,89.0505474435727,31.40063693621515,58.79625838435644,97.61659694949422,57.55866572463274,11.66190378969059,94.79451460923254,81.74350127074324,68.88396039717811,60.44005294504636,123.1462545106428,88.02272433866159,164.0731544159495,41.48493702538298,63.06346010171021,30.14962686336273,68.79680225126731,47.01063709417267,6.324555320336922,53.00943312279435,64.00781202322111,49.51767361255978,98.83825170448945,127.0629765116496,56.51548460377928,66.73080248281161,67.80117993073573,74.40430095095314,57.27128425310545,9.055385138137444,33.94112549695436,57.28001396647882,73.82411530116704,51.47815070493504,63.56099432828282,65.25335240430188,73.24616030891997,167.9047348945229,16.15549442140368,37.01351104664352,52.55473337388342,91.66242414424786,50.2195181179588,45.18849411078021,40.71854614300472
Hersbruck,147.6109752017105,40.70626487409559,5.099019513593261,73.60027173862932,71.34423592694785,0,128.7633488225586,48.16637831516923,104.0624812312301,71.5541752799938,101.9999999999999,79.42921376924139,97.71898484941346,57.42821606144544,160.1249512099847,43.68065933568291,17.11724276862273,163.6001222493432,107.9120011861519,61.26989472816148,164.6572197020222,24.08318915758494,10.63014581273385,122.9186723000213,69.318107302494,151.0297983842925,119.0378091196242,111.8257573191434,134.3316790634286,92.65527507918807,31.89043743820226,113.1370849898477,73.0068489937759,108.1665382639198,117.4776574502575,27.01851217221241,86.33075929238701,77.69813382572376,103.768974168583,15.13274595042222,8.062257748298288,7.071067811864713,118.2285921425102,63.24555320336756,71.34423592694804,119.9708297879115,4.472135955000081,19.99999999999999,11.40175425099156,126.8227108999017,140.7160260951112,126.245792009081,82.07923001588162,44.9444101084886,111.4629983447418,39.69886648255864,120.0166655094198,80.09993757800319,31.24099870362663
Nuernburg,76.79192665899195,148.6371420607916,129.3135723735138,189.3911296761282,70.8378429936992,128.7633488225586,0,98.48857801796085,212.5111761766896,167.6305461424021,50.99019513592787,50.00999900020074,38.48376280978811,128.4133949399361,61.61168720299746,86.0232526704262,112.147224664724,109.6585609973065,109.6585609973065,74.14849964766638,92.02173656261873,146.0136979875517,121.8236430254818,95.18928511129809,190.7590102721232,110.6797181058933,234.1836885865451,43.41658669218484,53.15072906367324,83.09632964216887,109.7314904665025,81.60882305241263,74.84650960465693,101.9803902718556,110.4219181141135,101.8331969448076,169.2601547913742,195.869854750546,111.7318217877074,130.0038460969521,122.3315167894192,128.7245120402483,96.26006440887097,79.12016177940981,102.4207010325549,93.19334740205439,132.5443322062471,112.0178557195235,125.0359948174923,99.47864092356708,89.4930164873215,238.4156035162128,54.7083174663594,106.7333125130105,18.43908891458585,158.4550409422178,38.47076812334269,51.26402247190482,104.1729331448433
Fuerth,100.702532242243,51.00000000000004,45.27692569068705,91.35097153287438,29.01723625709378,48.16637831516923,98.48857801796085,0,114.179682956295,69.8569967862921,59.22837157984326,50.56678751908101,61.29437168288725,32.64965543462935,116.3786922078092,25.9999999999998,40.85339643163057,115.433963806152,61.68468205316467,24.69817807045684,117.2006825918689,53.85164807134506,49.24428900898034,74.81310045707242,94.13288479590977,103.0048542545448,135.7129323240789,70.03570517957237,90.13878188659969,44.55333881989096,57.55866572463189,65.11528238439885,27.89265136196261,60.82762530298227,70.77428911688209,35.35533905932733,74.81310045707248,98.12746812182624,58.24087911424428,39.96248240537619,47.16990566028301,53.00943312279414,70.2139587261679,19.99999999999994,25.49509756796403,71.84010022264731,49.51767361255975,28.84441020371184,38.2883794381533,78.8162419809522,92.6984358012583,139.9785697883788,44.28317965096917,8.246211251235406,80.04998438475772,62.80127387243032,78.91767862779531,62.48199740725344,17.88854381999821
Erlangen,195.0282030886815,67.23094525588661,100.0049998750063,31.62277660168379,141.8908030846257,104.0624812312301,212.5111761766896,114.179682956295,0,45.39823785126467,168.4428686528462,164.4688420339843,174.6424919657294,84.99999999999993,219.0365266342579,132.3820229487373,118.4060809249247,193.1320791582797,132.1968229572859,138.8272307582343,206.1674077054858,79.98124780221943,114.6908889145077,157.0031846810758,41.78516483155234,176.9208862740632,25.00000000000004,179.3543977715628,194.0412327316027,141.0319112825179,135.9485196682909,157.3181489847881,138.6542462386204,138.452157801892,140.4635183953471,124.807852317072,51.41984052872974,31.01612483854165,126.9212354178764,93.00537618869117,111.9464157532525,109.6038320497962,151.7530889306705,133.4053971921677,114.3547113152755,155.5634918610405,99.76472322419382,109.6038320497965,99.4032192637645,157.8765340384695,179.3599732381782,26.17250465660479,157.8923684032895,105.9481005020856,194.0953373989184,64.3816744112798,188.2896704548606,173.5655495770983,112.6987133910587
Bamberg,151.251446274077,30.87069808086645,66.64833081180655,33.6005952328229,96.84007434941394,71.5541752799938,167.6305461424021,69.8569967862921,45.39823785126467,0,123.0447073221761,120.4200979903263,129.5414991421663,39.62322551231782,174.2871194322747,90.44335243676011,82.20097323024757,152.4631102922933,90.13878188659972,94.54099639838802,163.4870025414864,50.00000000000019,81.49233092751709,114.2847321386369,44.59820624195552,136.5650028374766,69.00724599634445,133.9589489358586,149.0134222142422,96.04686356149271,101.7889974407832,113.1370849898476,93.39164844888428,95.60334722173694,99.16148445843274,86.31338250816054,18.68154169226928,41.04875150354759,84.75848040166835,57.45432968889267,78.3900503890643,78.29431652425319,108.9311709291698,88.54377448471469,69.06518659932804,112.538882169675,68.02940540677979,70.76722405181653,63.51377803280189,115.7410903698423,136.5613415282671,71.56814934033156,112.9291813483125,61.74139616173261,149.2648652563622,38.05259518088121,142.89856542317,131.026714833274,71.21797525905941
Lichtenfels,49.92995093127971,109.6585609973064,100.647901120689,149.0536816049841,31.01612483854156,101.9999999999999,50.99019513592787,59.22837157984326,168.4428686528462,123.0447073221761,0,35.11409973215876,18.24828759089446,83.48652585896723,58.13776741499455,59.99999999999998,88.48163651289468,76.4002617796562,59.03388857258172,40.81666326391705,68.26419266350405,112.6410227226297,98.73702446397705,48.50773134253959,152.9477034806342,71.06335201775944,191.5880998392122,10.99999999999999,32.44996147917593,32.20248437620917,95.48298277703736,33.52610922848038,31.40063693621515,51.61395160225569,60.9015599143404,78.60025445251429,121.8400590938792,156.1569723067145,60.82762530298215,97.73944955850737,97.94386147176346,104.6231331972046,48.1040538832227,39.84971769034248,54.57105459856893,45.88027898781782,104.651803615609,82.29216244576391,94.54099639838786,53.36665625650531,51.97114584074511,194.6124353683494,22.02271554554521,66.75327707311446,36.05551275463986,121.9999999999999,20.00000000000003,52.95280917949501,71.69379331573965
Coburg,84.53401682163222,99.24716620639504,79.63039620647305,140.0357097314815,27.80287754891472,79.42921376924139,50.00999900020074,50.56678751908101,164.4688420339843,120.4200979903263,35.11409973215876,0,21.21320343559653,82.49242389456056,87.04596486914286,36.1247837363761,63.32456079594994,111.4001795330688,82.86132994346573,25.94224354214467,102.8834291807967,96.00520819205499,73.37574531137602,79.99999999999957,140.9113196304674,105.0761628534271,185.32404053441,40.22437072223764,64.20280367709825,53.85164807134439,64.89992295835171,65.03076195155602,33.8378486313765,77.12976079309399,87.86353054595456,52.88667128870863,124.5552086425925,146.3283977907219,82.63776376451558,79.9999999999993,73.49829930005104,80.08120878208518,78.16009211867602,33.4215499341358,61.61980201201467,77.00649323271338,83.02409288875054,62.07253821135318,75.10659092250069,84.99999999999957,86.83317338436943,190.0657780874812,16.12451549659637,58.69412236331574,32.14031735997705,108.5587398600397,45.96737973824506,19.10497317454352,54.23098745182414
Bayreuth,64.62197768561404,112.1605991424791,97.26767191621238,152.6433752247371,32.75667870831786,97.71898484941346,38.48376280978811,61.29437168288725,174.6424919657294,129.5414991421663,18.24828759089446,21.21320343559653,0,90.13878188659939,65.85590330410801,54.0832691319595,82.46211251235317,93.38094023942992,75.47184905645248,38.11823710509138,82.85529554590944,111.8793993548406,92.7038294786141,66.70832032063143,155.0032257728847,88.99999999999983,196.7866865415438,19.69771560359222,43.26661530556795,47.01063709417224,85.80209787645062,51.6623654123577,36.40054944640221,68.47627326307959,78.29431652425319,72.09022125087387,130.782261794174,159.3800489396332,76.60939890117886,96.17692030835644,92.47702417357475,99.16148445843255,66.09841147864266,41.43669871020083,64.00781202322057,64.03124237432824,100.9603882718363,79.07591289387649,91.98369420717955,71.58910531638152,69.35416353759868,200.6614063540865,17.02938636592574,69.46221994724853,20.80865204668513,123.0650234632077,24.75883680628004,36.40054944640261,69.72087205421306
Ansbach,114.843371598016,33.4215499341369,52.61178575186376,67.26812023536854,57.58472019555209,57.42821606144544,128.4133949399361,32.64965543462935,84.99999999999993,39.62322551231782,83.48652585896723,82.49242389456056,90.13878188659939,0,136.0661603779573,57.00877125495705,59.84145720150826,120.9504030584437,59.03388857258171,56.60388679233983,128.6934341759516,48.02082881417207,64.00781202322098,80.52949770115293,73.73601562330312,106.0188662455885,108.1665382639196,94.42986815621423,110.3675676999362,57.87054518492117,79.83107164506737,76.53757247260981,53.85164807134508,62.43396511515181,68.88396039717803,59.46427498927434,42.20189569201819,74.7328575661335,53.90732788777416,42.95346318982904,61.00000000000034,64.28063471995269,75.17978451684996,49.65883607174074,30.26549190084316,78.26237921249263,56.08921464952076,45.89117562233522,46.1735855224611,83.00602387778851,102.0441081101697,111.157545852722,73.73601562330349,25.49509756796417,110.1362792180669,48.27007354458882,103.3924562045027,95.13148795220278,40.7185461430048
Wuerzburg,29.68164415931166,165.4236984231703,158.7765725792064,203.2264746532794,89.0505474435727,160.1249512099847,61.61168720299746,116.3786922078092,219.0365266342579,174.2871194322747,58.13776741499455,87.04596486914286,65.85590330410801,136.0661603779573,0,117.6605286406618,146.2908062729851,58.2494635168428,91.21951545584969,98.88377015466185,35.77708763999664,170.1881311960384,156.5790535161074,67.35725647619564,208.4826131839295,66.52818951391959,243.2488437793693,48.54894437575344,26.24880949681337,78.31347265956221,151.4892735476676,62.28964600958975,88.60022573334676,83.54639429682167,86.3307592923866,136.2130683891967,169.1892431568863,210.6015194627047,95.7078889120432,155.6181223379848,155.9134375222353,162.6099627944119,71.56814934033154,97.69339793455846,105.8017013095725,67.44627491566899,162.7882059609971,140.4279174523357,152.6106156202772,69.07966415668217,48.87739763939975,245.0020408078267,78.7718223732318,123.3693641063291,64.49806198638844,178.5721142843977,41.2310562561766,99.63934965664907,129.7690255800667
Aschaffenburg,108.2081327812286,65.55150646628942,43.56604182158393,105.9481005020855,31.40063693621515,43.68065933568291,86.0232526704262,25.9999999999998,132.3820229487373,90.44335243676011,59.99999999999998,36.1247837363761,54.0832691319595,57.00877125495705,117.6605286406618,0,28.653097563789,128.7982919141399,82.73451516749223,19.84943324127921,126.0634760745554,60.13318551349153,38.94868418830095,90.47098982546838,105.7213318115129,118.532695911297,151.8222645068897,69.11584478250985,92.41753080449617,59.23681287847954,37.58989225842479,77.89736837660179,35.35533905932741,80.04998438475798,90.80198235721508,18.60107523773824,98.29038610159178,111.8257573191436,80.22468448052632,44.10215414240004,38.48376280978765,45.18849411078013,86.72946442818611,25.99999999999997,49.25444142409897,87.32124598286492,47.07440918375929,26.00000000000001,39.01281840626221,95.07891459203772,104.5609869884557,157.3086138773081,38.94868418830102,31.6227766016837,68.26419266350392,73.3484832835688,76.94153624668536,41.23105625617703,19.69771560359224
Darmstadt,135.8823020117042,52.34500931320868,19.31320791582728,88.83692925805053,58.79625838435644,17.11724276862273,112.147224664724,40.85339643163057,118.4060809249247,82.20097323024757,88.48163651289468,63.32456079594994,82.46211251235317,59.84145720150826,146.2908062729851,28.653097563789,0,154.4020725249501,102.5280449438101,47.80167361086858,153.4438007871286,39.35733730830798,10.29563014098686,114.5862120850496,85.61541917201531,142.888068081278,134.7182244538569,97.75479527879963,120.9297316626479,83.48652585896704,20.24845673131627,103.4069630150696,61.55485358604955,101.5529418579292,111.6154111222995,10.44030650891099,94.82615672903675,93.47726996441364,98.97979591815661,25.4950975679634,10.19803902718504,16.76305461424002,110.2769241500684,51.66236541235791,66.09841147864257,111.516814875605,21.37755832643135,14.03566884761763,19.10497317454184,118.8486432400469,130.7287267588879,141.5097169808483,67.60177512462261,40.60788100849339,95.12623192369206,54.70831746635872,105.5888251663027,63.03173803727864,23.08679276123004
Frankfurt,32.98484500494128,154.2076522096099,160.589538887189,185.2241884851976,97.61659694949422,163.6001222493432,109.6585609973065,115.433963806152,193.1320791582797,152.4631102922933,76.4002617796562,111.4001795330688,93.38094023942992,120.9504030584437,58.2494635168428,128.7982919141399,154.4020725249501,0,62.60990336999411,109.2748827498799,23.3452350598575,165.4236984231704,163.8352831352269,41.10960958218892,193.7059627373406,16.27882059609971,218.1306947680679,74.43117626371357,56.5685424949238,71.06335201775948,166.3550420035411,51.03920062069938,93.49331526906079,58.52349955359814,53.31041174104737,146.1677118928801,141.7603611733548,192.8367184952077,67.97793759742936,154.1752249876743,162.1110730332756,168.2408987137194,46.2276973253049,103.1746092796091,94.36630754670865,43.86342439892261,164.8302156766168,144.0451318163859,153.4828980701108,38.01315561749642,24.69817807045694,217.5890622251036,96.79876032264056,119.5031380341119,104.0048075811883,168.9289791598825,74.00675644831354,129.2942380773405,132.7742444904131
Mainz,64.12487816752559,92.4553946506098,104.1009125800538,122.6539848516957,57.55866572463274,107.9120011861519,109.6585609973065,61.68468205316467,132.1968229572859,90.13878188659972,59.03388857258172,82.86132994346573,75.47184905645248,59.03388857258171,91.21951545584969,82.73451516749223,102.5280449438101,62.60990336999411,0,67.02984409947564,73.97972695272674,105.475115548645,110.5712440013224,25.01999200639361,131.125893705248,47.16990566028302,157.0891466651977,66.4830805543786,69.85699678629193,29.15475947422652,118.6001686339437,30.4138126514911,51.35172830587103,8.062257748298572,9.89949493661166,96.56603957913993,80.89499366462675,130.2689525558565,5.385164807134505,96.26006440887095,108.258948821795,113.6001760562015,20.02498439450079,58.00862004909277,36.67424164178453,24.0831891575846,108.2266141020775,89.96110270555825,96.89685237405814,25.70992026436489,47.2652091923859,157.4071154681388,67.06713054842911,63.06346010171031,94.99999999999993,107.2986486401391,73.24616030891995,101.651364968701,79.47955712005445
Koblenz,88.3911760301898,74.54528824815151,60.16643582596533,115.2605743522043,11.66190378969059,61.26989472816148,74.14849964766638,24.69817807045684,138.8272307582343,94.54099639838802,40.81666326391705,25.94224354214467,38.11823710509138,56.60388679233983,98.88377015466185,19.84943324127921,47.80167361086858,109.2748827498799,67.02984409947564,0,106.2167595062098,73.82411530116698,58.00862004909275,71.78439941937249,117.0683561001863,99.53893710503446,160.099968769516,50.56678751908206,73.24616030891993,41.00000000000004,57.14017850864647,58.60034129593447,16.49242250247072,63.19810123729987,74.16872656315468,38.20994634908559,98.73702446397706,121.807224744676,65.37583651472468,58.24946351684294,57.1401785086466,63.81222453417536,68.41052550594829,9.486832980505138,38.47076812334272,68.62215385719109,64.07807737440322,41.78516483155239,54.40588203494175,76.53757247260987,84.90583018850946,164.5600194457938,21.3775583264321,32.89376840679706,55.7314991723709,85.00588214941355,58.87274411814004,39.82461550348004,31.78049716414147
Bonn,18.35755975068582,161.0124218810462,162.265215003093,195.1127878945919,94.79451460923254,164.6572197020222,92.02173656261873,117.2006825918689,206.1674077054858,163.4870025414864,68.26419266350405,102.8834291807967,82.85529554590944,128.6934341759516,35.77708763999664,126.0634760745554,153.4438007871286,23.3452350598575,73.97972695272674,106.2167595062098,0,169.8116603770189,163.3799253274404,49.24428900898052,202.4080037943164,35.4682957019364,231.0367936065596,63.15853069855252,41,73.24616030891995,162.8895331198417,52.83937925449163,91.96738552334735,67.9117073853986,66.18912297349165,144.3121616496683,154.8709139896837,202.7042180123541,79.2464510246358,157.0509471477329,162.0524606416083,168.505192798323,54.57105459856901,101.8626526259747,99.72963451251589,50.96076922496363,166.4812301732541,144.6927779814874,155.4155719353759,48.37354648979129,26.92582403567252,231.3655116909173,90.13878188659973,122.5887433657756,89.44271909999159,175.316856006489,60.16643582596529,119.230868486311,133.4166406412633
Koeln,153.9512909981595,20.02498439450079,20.24845673131642,49.64876634922582,81.74350127074324,24.08318915758494,146.0136979875517,53.85164807134506,79.98124780221943,50.00000000000019,112.6410227226297,96.00520819205499,111.8793993548406,48.02082881417207,170.1881311960384,60.13318551349153,39.35733730830798,165.4236984231704,105.475115548645,73.82411530116698,169.8116603770189,0,34.71310991541912,124.3261838873856,46.48655719667801,151.4265498517351,95.38343671728339,123.2274320108959,143.9618004888796,96.56603957913983,55.97320787662478,117.0469991071963,81.59656855530135,107.5174404457249,115.36463929645,47.43416490252572,66.61080993352361,54.1202365109394,100.657836257293,16.03121954188115,32.01562118716431,29.83286778035205,119.2057045614848,72.80109889280519,71.0633520177595,121.6593605112242,19.79898987322313,34.23448553724727,21.58703314492293,127.5617497528158,144.2671133696103,102.342562016006,95.18928511129825,47.41307836451879,128.0156240464418,15.62049935181318,131.9393800197651,100.0199980004002,42.19004621945788
Duesseldorf,145.9109317357682,50.77400909914397,14.99999999999973,84.20213774008329,68.88396039717811,10.63014581273385,121.8236430254818,49.24428900898034,114.6908889145077,81.49233092751709,98.73702446397705,73.37574531137602,92.7038294786141,64.00781202322098,156.5790535161074,38.94868418830095,10.29563014098686,163.8352831352269,110.5712440013224,58.00862004909275,163.3799253274404,34.71310991541912,0,123.7093367535369,79.64923100695928,151.9901312585787,129.5414991421664,108.0462863776447,131.186889588861,92.80086206496138,21.2602916254684,112.9291813483122,71.42128534267637,110.0590750460859,119.8665925101735,20.61552812808846,95.63472172804148,88.20430828479954,106.7754653466796,24.16609194718911,3.162277660167897,7.000000000000062,119.2686044187655,61.52235366108808,73.92563831310473,120.6731121667125,14.99999999999975,20.61552812808819,18.68154169226896,127.8632081562166,140.3566884761819,136.8247053715078,77.89736837660197,47.75981574503801,105.0190458916858,50.32891812864591,115.8835622510803,72.06247289678645,31.38470965295035
Neuss,39.31920650267501,113.5341358358798,119.7539143410352,146.1848145328372,60.44005294504636,122.9186723000213,95.18928511129809,74.81310045707242,157.0031846810758,114.2847321386369,48.50773134253959,79.99999999999957,66.70832032063143,80.52949770115293,67.35725647619564,90.47098982546838,114.5862120850496,41.10960958218892,25.01999200639361,71.78439941937249,49.24428900898052,124.3261838873856,123.7093367535369,0,153.9350512391509,28.3019433961698,181.8378398463862,52.32590180780448,48.60041152089148,31.30495168499707,127.9531164137862,15.13274595042156,55.36244214266561,18.68154169226941,18.97366596101026,106.9439105325778,105.8017013095725,153.7920674157156,30.14962686336267,113.1370849898476,121.8277472499595,127.8006259765577,5.38516480713451,64.47480127925952,53.26349594234311,3.162277660168378,123.9879026357007,103.6001930500132,112.6099462747408,5.000000000000004,22.3606797749979,182.3321145602167,64.03124237432866,78.51751396981444,83.38465086573183,128.160056179763,56.85947590331799,99.0201999594024,92.41753080449618
Duisburg,188.4728097100481,43.2897216438268,66.30987860040165,13.34166406412631,123.1462545106428,69.318107302494,190.7590102721232,94.13288479590977,41.78516483155234,44.59820624195552,152.9477034806342,140.9113196304674,155.0032257728847,73.73601562330312,208.4826131839295,105.7213318115129,85.61541917201531,193.7059627373406,131.125893705248,117.0683561001863,202.4080037943164,46.48655719667801,79.64923100695928,153.9350512391509,0,178.238604123798,50.44799302251756,163.8841053915845,182.3896926912264,131.0419780070493,100.4987562112078,150.2165104108067,121.5935853571232,135.5175265417724,140.6556077801379,93.92017887546871,61.85466837676835,10.77032961426898,125.7815566766448,62.09669878503994,77.36924453553905,73.57309290766534,148.5563866011825,114.1095964413161,103.4456378974,151.7959156235767,64.84597134749392,80.28075734570523,68.0073525436774,156.0801076370721,175.6929139151605,58.69412236331672,138.0000000000003,86.28441342444191,172.490579452908,32.3882694814035,172.8380745090618,146.2497863246307,86.70063436907485
Essen,37.64306044943742,139.4022955334668,147.756556538111,169.4963126442578,88.02272433866159,151.0297983842925,110.6797181058933,103.0048542545448,176.9208862740632,136.5650028374766,71.06335201775944,105.0761628534271,88.99999999999983,106.0188662455885,66.52818951391959,118.532695911297,142.888068081278,16.27882059609971,47.16990566028302,99.53893710503446,35.4682957019364,151.4265498517351,151.9901312585787,28.3019433961698,178.238604123798,0,201.9207765436732,71.44928271158497,58.18075283115542,59.53990258641679,156.0801076370718,41.10960958218892,83.25863318599455,43.93176527297761,37.589892258425,135.2035502492446,125.5746789762968,177.1016657177453,52.47856705360771,140.8580846100073,150.0833101980364,156.0128199860511,32.80243893371346,92.57429448826495,80.62257748298551,31.38470965295042,151.9802618763371,131.8256424221024,140.5844941663198,24.20743687382039,21.18962010041709,201.3256069157622,89.62700485902684,106.4048871058092,102.4207010325549,154.2011673107568,73.0068489937759,123.6850839834781,120.6731121667126
Gelsen-Kirchen,219.6656550305486,86.33075929238666,115.6027681329473,46.09772228646431,164.0731544159495,119.0378091196242,234.1836885865451,135.7129323240789,25.00000000000004,69.00724599634445,191.5880998392122,185.32404053441,196.7866865415438,108.1665382639196,243.2488437793693,151.8222645068897,134.7182244538569,218.1306947680679,157.0891466651977,160.099968769516,231.0367936065596,95.38343671728339,129.5414991421664,181.8378398463862,50.44799302251756,201.9207765436732,0,202.5561650505853,218.0206412246327,165.0484777269999,150.6021248190065,181.7965896269784,161.2451549659709,163.2482771731451,165.4236984231704,142.2251735804882,76.40026177965623,41.34005321718863,151.7959156235767,110.0227249253532,127.094453065427,123.7093367535364,176.5672676347459,155.3640885146886,138.0144919926889,180.3468879687144,114.5862120850496,127.6322843170958,116.2755348299891,182.7840255602223,204.1984329028996,10.19803902718581,179.8693970635363,127.4754878398196,215.7452201092759,80.06247560499251,211.5325034125961,193.0025906561881,132.189258262538
Bochum,44.94441010848846,120.5985074534506,110.6932698947862,160.0499921899404,41.48493702538298,111.8257573191434,43.41658669218484,70.03570517957237,179.3543977715628,133.9589489358586,10.99999999999999,40.22437072223764,19.69771560359222,94.42986815621423,48.54894437575344,69.11584478250985,97.75479527879963,74.43117626371357,66.4830805543786,50.56678751908206,63.15853069855252,123.2274320108959,108.0462863776447,52.32590180780448,163.8841053915845,71.44928271158497,202.5561650505853,0,24.08318915758461,41.59326868617078,103.3924562045028,38.27531841800923,42.29657196511318,58.69412236331669,67.00746227100376,87.66413177577239,132.4386650491463,167.1466422037846,68.88396039717804,108.1572928655299,107.4243920159662,114.1271221051333,52.99999999999994,50.44799302251766,65.30696746902269,50.11985634456664,114.6342008302932,92.30926280715275,104.7520882846732,56.85947590331796,51.00980297942737,205.5261540534439,30.23243291566181,77.64663547121657,31.32091952673164,132.8344834747362,9.000000000000036,56.08029957123981,81.93289937503734
Hagen,24,139.2695228684294,132.8344834747363,177.3696704625681,63.06346010171021,134.3316790634286,53.15072906367324,90.13878188659969,194.0412327316027,149.0134222142422,32.44996147917593,64.20280367709825,43.26661530556795,110.3675676999362,26.24880949681337,92.41753080449617,120.9297316626479,56.5685424949238,69.85699678629193,73.24616030891993,41,143.9618004888796,131.186889588861,48.60041152089148,182.3896926912264,58.18075283115542,218.0206412246327,24.08318915758461,0,53.00943312279428,127.3499116607469,39.56008088970496,62.39390995922599,61.8465843842649,66.88796603276256,111.0180165558725,144.8861622101987,184.6997563615069,73.73601562330312,129.4681427996865,130.3840481040529,137.0583817210754,51.62363799656121,71.58910531638175,80.15609770940696,47.70744176750627,136.8831618571108,114.5294721894762,126.5740889755877,51.73973328110613,37.12142238654117,220.111335464578,53.90732788777414,97.1236325515062,48.50773134253961,152.3450031999736,19.31320791582797,79.17701686727023,103.7545179739177
Dortmund,57.77542730261716,88.60022573334673,89.82761268117949,125.131930377502,30.14962686336273,92.65527507918807,83.09632964216887,44.55333881989096,141.0319112825179,96.04686356149271,32.20248437620917,53.85164807134439,47.01063709417224,57.87054518492117,78.31347265956221,59.23681287847954,83.48652585896704,71.06335201775948,29.15475947422652,41.00000000000004,73.24616030891995,96.56603957913983,92.80086206496138,31.30495168499707,131.0419780070493,59.53990258641679,165.0484777269999,41.59326868617078,53.00943312279428,0,96.66436778875627,20.61552812808831,24.51530134426248,23.34523505985749,34.23448553724737,75.66372975210781,92.22797840135063,132.5745073534124,29.68164415931168,84.02380615039999,91.04943712072034,97.1853898484746,27.5136329843952,33.24154027718935,27.65863337187865,28.17800560721076,94.06912352095132,72.99999999999999,82.80700453464068,35.84689665786986,48.16637831516918,167.107749670684,37.94733192202077,49.40647730814251,67.2086303981861,102.5524256173397,49.76946855251719,72.78049189171529,61.71709649683788
Muenster,144.8102206337661,71.40028011149406,36.06937759374171,105.4229576515465,68.79680225126731,31.89043743820226,109.7314904665025,57.55866572463189,135.9485196682909,101.7889974407832,95.48298277703736,64.89992295835171,85.80209787645062,79.83107164506737,151.4892735476676,37.58989225842479,20.24845673131627,166.3550420035411,118.6001686339437,57.14017850864647,162.8895331198417,55.97320787662478,21.2602916254684,127.9531164137862,100.4987562112078,156.0801076370718,150.6021248190065,103.3924562045028,127.3499116607469,96.66436778875627,0,115.4859298789249,72.94518489934735,116.6919020326599,127.2006289292623,22.2036033111738,114.9347641055557,109.2886087385129,115.5205609404658,44.40720662234814,24.04163056034121,26.92582403567171,124.0846485267211,63.50590523722942,83.02409288875064,124.8118584109696,36.23534186398573,33.95585369269837,38.27531841800795,132.5028301584533,142.0422472365175,158.0031645252703,73.53910524340112,58.99999999999918,94.42986815621464,71.5891053163803,110.2587864979479,58.52349955359911,40.99999999999928
Osnabrueck,38.3275357934736,108.3374358197571,110.3902169578446,143.5862110371327,47.01063709417267,113.1370849898477,81.60882305241263,65.11528238439885,157.3181489847881,113.1370849898476,33.52610922848038,65.03076195155602,51.6623654123577,76.53757247260981,62.28964600958975,77.89736837660179,103.4069630150696,51.03920062069938,30.4138126514911,58.60034129593447,52.83937925449163,117.0469991071963,112.9291813483122,15.13274595042156,150.2165104108067,41.10960958218892,181.7965896269784,38.27531841800923,39.56008088970496,20.61552812808831,115.4859298789249,0,42.54409477236527,22.36067977499788,28.99999999999999,95.13148795220226,107.0186899564744,151.1191582824626,34.17601498127013,104.6374693883601,111.2879148874666,117.5159563633807,14.76482306023338,52.15361924162121,47.01063709417262,12.36931687685299,114.6298390472568,93.38094023943002,103.3924562045027,20.09975124224179,27.58622844826744,183.1338308450954,49.16299421312756,70,68.87670143089019,122.5397894563231,43.8634243989226,84.00000000000016,82.07313811473276
Bielefeld,74.65252842335616,78.31347265956214,71.02112361825881,118.0042372120594,6.324555320336922,73.0068489937759,74.84650960465693,27.89265136196261,138.6542462386204,93.39164844888428,31.40063693621515,33.8378486313765,36.40054944640221,53.85164807134508,88.60022573334676,35.35533905932741,61.55485358604955,93.49331526906079,51.35172830587103,16.49242250247072,91.96738552334735,81.59656855530135,71.42128534267637,55.36244214266561,121.5935853571232,83.25863318599455,161.2451549659709,42.29657196511318,62.39390995922599,24.51530134426248,72.94518489934735,42.54409477236527,0,47.01063709417256,58.00862004909264,52.80151512977638,94.42986815621413,125.015998976131,50.21951811795883,67.11929677819937,70.09279563550025,76.5767588763066,51.92301994298862,9.89949493661168,28.42534080710369,52.20153254455273,75.16648189186454,53.00943312279428,64.49806198638838,60.08327554319919,69.40461079784251,164.7543626129517,20.80865204668515,35.35533905932731,56.79788728465164,90.60905032059425,51.24451190127584,51.47815070493537,41.88078318274385
Hannover,57,95.69221493935649,104.6231331972045,127.5813465989445,53.00943312279435,108.1665382639198,101.9803902718556,60.82762530298227,138.452157801892,95.60334722173694,51.61395160225569,77.12976079309399,68.47627326307959,62.43396511515181,83.54639429682167,80.04998438475798,101.5529418579292,58.52349955359814,8.062257748298572,63.19810123729987,67.9117073853986,107.5174404457249,110.0590750460859,18.68154169226941,135.5175265417724,43.93176527297761,163.2482771731451,58.69412236331669,61.8465843842649,23.34523505985749,116.6919020326599,22.36067977499788,47.01063709417256,0,11.00000000000001,94.92101980067433,87.36704184073078,135.1924554107958,12.16552506059645,97.30878685915256,107.9120011861517,113.5341358358797,13.34166406412634,54.58937625582475,37.01351104664349,17.11724276862369,108.8117640698835,89.55445270895243,97.41663102366049,20.59126028197402,41.00000000000001,163.8841053915846,61.13100686231189,63.24555320336761,87.6584280032444,110.4355015382282,65.29931086925801,96.10411021387192,78.71467461661769
Braunschweig,58.05170109479997,102.3034701268731,113.7409337046254,131.9469590403659,64.00781202322111,117.4776574502575,110.4219181141135,70.77428911688209,140.4635183953471,99.16148445843274,60.9015599143404,87.86353054595456,78.29431652425319,68.88396039717803,86.3307592923866,90.80198235721508,111.6154111222995,53.31041174104737,9.89949493661166,74.16872656315468,66.18912297349165,115.36463929645,119.8665925101735,18.97366596101026,140.6556077801379,37.589892258425,165.4236984231704,67.00746227100376,66.88796603276256,34.23448553724737,127.2006289292623,28.99999999999999,58.00862004909264,11.00000000000001,0,105.3043208990021,89.05054744357277,139.5564401953561,15,106.0188662455885,117.6180258293771,123.0650234632081,15.26433752247375,65.49045732013181,46.14108798023732,19.23538406167133,117.8855377050128,99.28242543370905,106.5316854273883,18.02775637731995,40.04996878900156,165.38742394753,71.80529228406516,72.56031973468698,96.89685237405797,117.1537451385999,72.86288492778746,106.88779163216,88.63972021616493
Kassel,126.5740889755877,57.80138406647373,28.28427124746205,96.15092303249115,49.51767361255978,27.01851217221241,101.8331969448076,35.35533905932733,124.807852317072,86.31338250816054,78.60025445251429,52.88667128870863,72.09022125087387,59.46427498927434,136.2130683891967,18.60107523773824,10.44030650891099,146.1677118928801,96.56603957913993,38.20994634908559,144.3121616496683,47.43416490252572,20.61552812808846,106.9439105325778,93.92017887546871,135.2035502492446,142.2251735804882,87.66413177577239,111.0180165558725,75.66372975210781,22.2036033111738,95.13148795220226,52.80151512977638,94.92101980067433,105.3043208990021,0,97.34988443752781,101.2373448881392,93.39164844888444,32.20248437620962,20.61552812808829,27.20294101747113,102.8591269649904,43.01162633521314,60.82762530298226,103.8315944209662,31.0161248385418,15.55634918610423,26,111.3642671596236,122.2006546627309,148.6068639060796,57.45432968889297,37.12142238654122,84.72307831990031,62.24146527838167,95.38343671728329,53.23532661682492,19.23538406167151
Marburg,144.2220510185596,46.69047011971506,81.27115109311534,49.6789693934968,98.83825170448945,86.33075929238701,169.2601547913742,74.81310045707248,51.41984052872974,18.68154169226928,121.8400590938792,124.5552086425925,130.782261794174,42.20189569201819,169.1892431568863,98.29038610159178,94.82615672903675,141.7603611733548,80.89499366462675,98.73702446397706,154.8709139896837,66.61080993352361,95.63472172804148,105.8017013095725,61.85466837676835,125.5746789762968,76.40026177965623,132.4386650491463,144.8861622101987,92.22797840135063,114.9347641055557,107.0186899564744,94.42986815621413,87.36704184073078,89.05054744357277,97.34988443752781,0,56.58621740318035,75.6637297521078,71.51223671512416,92.47702417357526,93.30058949438595,100.6031808642252,91.41662868428263,67.35725647619563,104.4796630928718,83.2406150866269,82.15229759416339,77.07788269017264,106.5316854273883,128.1327436684316,76.53103945458992,114.9347641055571,67.35725647619567,151.211772028503,56.08029957123998,141.155942134931,137.2770920437933,80.28075734570511
Giessen,189.4465623863363,47.26520919238599,74.30343195303971,7.6157731058639,127.0629765116496,77.69813382572376,195.869854750546,98.12746812182624,31.01612483854165,41.04875150354759,156.1569723067145,146.3283977907219,159.3800489396332,74.7328575661335,210.6015194627047,111.8257573191436,93.47726996441364,192.8367184952077,130.2689525558565,121.807224744676,202.7042180123541,54.1202365109394,88.20430828479954,153.7920674157156,10.77032961426898,177.1016657177453,41.34005321718863,167.1466422037846,184.6997563615069,132.5745073534124,109.2886087385129,151.1191582824626,125.015998976131,135.1924554107958,139.5564401953561,101.2373448881392,56.58621740318035,0,124.8879497789919,69.07966415668199,85.75546629807363,82.41965784932587,148.4082207965583,118.1058846967416,104.9237818609299,151.8222645068898,73.24616030891994,86.97700845625813,75.23961722390689,155.6181223379848,175.8408371226661,48.91829923454002,142.3516771941942,90.04998611882188,177.4964788383137,39.00000000000025,176.1391495380854,152.7776161615311,92.41753080449617
