Augsburg,0,145.8586391205175,144.6802894985285,181.3561826823848,76.8839262903483,146.9416382847762,76.28022088060092,100.2726963812833,194.4968585144372,150.6840818784594,49.6615595763087,84.0733657356319,64.19556913740446,114.348485218512,29.62578305468653,107.7322415253914,135.1615072046079,33.04376889453575,63.81849187961134,87.93799786681373,18.40848000815785,153.3057678223932,145.1022226255127,39.24316437138739,187.7963113454161,37.69961311932799,219.1109345811192,44.64488777360236,23.74501608876986,57.47890523400799,144.1015161253958,38.07387215825736,74.32805360929815,56.74979536467909,57.79504771940599,125.9823963156946,143.7168385437581,188.8001130989089,68.83570743519854,140.0663462317016,144.0599269703709,150.5674792535391,43.99950246973464,84.08476033822276,84.72738085529373,39.93781445649945,148.875224172525,127.0383081512991,138.0338995787786,40.21119730631187,19.13685930730136,220.0941727849925,71.46889818082627,106.1137645585646,71.86140660018728,159.7170777073368,42.33136001828541,100.5269420570948,115.7882916976734
Bielefeld,145.8586391205175,0,35.4501650708625,40.67006813363769,79.65018761881521,40.40073348759268,148.0790018601215,50.78773511392588,66.97899556139066,30.81543728794801,109.218767237652,98.82549677956706,111.7428736737313,33.4502377876868,164.9056062805122,65.15009458213757,51.83970672054912,153.7425055519724,92.27230076882081,74.25939101101537,160.5097161024095,19.8027488323883,50.25753880031096,113.1209236629898,43.09201499601821,138.9818369164885,86.18711908831223,120.1352348713083,138.8174967175094,88.42658515499085,70.89100117071035,108.1301939599569,78.10659991904787,95.48795655828819,102.023522586971,57.46070932365121,46.61665399415092,47.10950682315494,87.01479380507794,26.83543679776656,47.34291202357879,47.09832192966702,107.9585174295621,70.85734786335203,61.22610979613791,110.8139300455535,36.74595040248713,42.11666809496134,33.02493021497747,115.8211175584319,134.2836490498255,91.49732241107655,94.69098715138827,42.93145305667561,129.7817581732787,14.71646499088457,129.078400595044,106.3775245897647,45.66351656686359
Bochum,144.6802894985285,35.4501650708625,0,69.51682187914888,69.24928981238629,5.216244046814376,128.7708097056841,44.9743718657665,99.42975061895599,66.18040545394992,100.0816014877921,79.22865078343172,96.80741477803922,52.16374692971151,158.0395217270927,43.23712860669959,19.13208350858102,159.8159074599016,103.5075255671321,59.84303155311693,161.5038380657646,20.06546363214887,14.87335441404654,118.9984908894215,66.0061685215918,147.0155508586661,115.2292711121092,110.1118647344248,132.2109325228926,89.33196797386314,35.91181183939938,109.8769414839339,70.60806810035756,104.0477616226357,113.0509191858387,28.1357818525604,80.7502580510054,73.98663873372853,99.14781255614072,9.822819548941473,12.04211391442629,12.28208501326433,114.4050883602407,61.08813881387612,67.20549252818471,116.1960714518463,4.25030304237352,18.20622995085121,7.111609414836971,122.8340160532836,137.2883819079152,122.0065501254503,80.78741598867654,41.06696430228619,111.2929755932418,35.51616669309539,118.4250728825425,81.19334116518066,29.01597936515781
Bremen,181.3561826823848,40.67006813363769,69.51682187914888,0,119.7295597156532,73.26690125358587,188.7101242412568,90.99873057975539,31.4257434159277,33.6360737770261,148.4891306310796,139.4924648630899,152.0997573408702,67.19872658473491,202.6144254233488,105.4360337493398,88.29620884060789,184.6677600180175,122.4103311924299,114.848285198919,194.509533666499,49.45730417490141,83.68966802821821,145.6957394707856,13.16796178892838,168.981961580058,46.07681004738589,159.4632485733777,176.8013376682721,124.8634333847116,104.8489773185658,143.2832257561551,117.6786888551291,127.297003586592,131.6173875634995,95.7251554918228,49.65241902696486,7.508348986210524,116.9018956835225,63.72001015010699,81.18920907776064,78.37132891839084,140.4238779115252,111.0209409544915,97.29130839391894,143.8062655072242,68.806489899019,81.1430136407911,69.93058607677318,147.5269042220147,167.8018242667258,52.49076984187155,135.0563479705968,82.96723127705144,170.3970134349804,34.0415008552382,168.4518143645279,146.5384722132156,86.08269899783477
Darmstadt,76.8839262903483,79.65018761881521,69.24928981238629,119.7295597156532,0,70.88527396573093,70.60112982612269,28.86681129193223,141.3491132106042,96.37084575121254,30.95471553085482,27.60352929037329,32.66627775310541,57.21297388607995,88.83296630862638,31.13377611539598,58.29802376749539,97.39565538912987,57.33247532654156,11.41983755603551,94.58532741037227,81.27881806986825,68.29802682020527,60.18823298005779,122.60011912746,87.83343710941601,163.5800741169947,41.3914294063436,62.96210455344659,30.05397205408803,68.30569397873886,46.98028396807053,6.285154182233208,52.85467225859386,63.72553950020917,49.14614144192316,98.40658068955429,126.5417800935215,56.24728580628992,66.32835670654579,67.38643054467774,73.97369670874563,57.22619999970436,8.835244388970237,33.70970004238452,57.13711870170861,73.30515169601658,51.13175325411847,63.11404537300606,65.05422259764751,73.06889020064767,167.3177506255103,16.01059204123719,36.78245340564397,52.39877389076495,91.19445695476621,50.09623690266297,44.99006718893649,40.34208710161221
Essen,146.9416382847762,40.40073348759268,5.216244046814376,73.26690125358587,70.88527396573093,0,128.2437182623953,47.96703294375889,103.5429113467925,71.18651843189804,101.5001235360415,79.05733525710122,97.30539240856467,57.10101825347564,159.4458119516219,43.39251441203704,16.95031585981828,162.9256884778287,107.4258076475755,61.00736392783173,163.9829055106368,23.94649641108422,10.4431938597462,122.2614678648706,69.03982865922274,150.393366475146,118.702572072236,111.3056421245286,133.7760374113579,92.24587100936628,31.65487063182417,112.7116879036804,72.66314886292525,107.6950321199201,116.8938142186231,26.8687815604759,85.92058852921113,77.42067233643547,103.1787529160884,15.02618046069467,7.970887719918258,7.070137464961138,117.7589116895426,62.99839273500109,70.9773075886477,119.4191977140191,4.514256005858216,19.90374058344948,11.41638175802877,126.2033111376999,140.1182329172235,125.7041674907011,81.65279695391591,44.71623011038764,111.0257280691384,39.4586933489505,119.4582688319572,79.79035743435662,31.18967512289087
Freiburg,76.28022088060092,148.0790018601215,128.7708097056841,188.7101242412568,70.60112982612269,128.2437182623953,0,98.18200892365262,211.7385074800706,166.9314491237954,50.83582249359456,49.85959061733654,38.35827030889489,127.8012856294722,61.13675962742267,85.80205818634954,111.7405048438424,109.2037435481092,109.0531432846539,73.88306592179669,91.62520612353424,145.4172384254707,121.3047212382933,94.65826805646037,190.0370934790064,110.2411420184552,233.4755292584079,43.26524338421693,52.89847509122205,82.58110642266702,109.3345240150679,81.13260636890288,74.4662823378043,101.4470658906213,109.7849147157656,101.4608558795868,168.57153671796,195.1615664399302,111.1756581340341,129.4815369842465,121.8935728468675,128.2441988584664,95.88357059497825,78.70648233799864,101.8979138132121,92.72759292627102,132.0026824975765,111.6360862523566,124.5238551192968,99.00146450018093,88.95693190246216,237.5978923465277,54.60851295937032,106.3128960723576,18.35065483800809,157.8149040769447,38.24168661056814,51.07831367169376,103.7515543841067
Giessen,100.2726963812833,50.78773511392588,44.9743718657665,90.99873057975539,28.86681129193223,47.96703294375889,98.18200892365262,0,113.6964179915048,69.44559979529519,58.96273675109205,50.41546507845243,61.10471489003568,32.30208793283508,115.9703333206419,25.90130481124799,40.55603580259205,114.9593961258705,61.32789693280769,24.65777961313426,116.7448136114013,53.59820099050228,48.88310876058865,74.34634495277641,93.74204001969288,102.5587805101801,135.3149661454444,69.75127899154124,89.82111417467243,44.35847610899816,57.31180861790352,64.90604428691748,27.83999799248911,60.51503542883648,70.33228410801814,35.25049290932325,74.38564008587541,97.73993558278669,57.78708151855996,39.79423723327871,47.00907843641738,52.84737133635947,69.93319438817321,20.07078871622577,25.23261933613767,71.48149517679398,49.22270449499454,28.71915251292169,38.07096442548339,78.38389320708093,92.31553344809154,139.4577514052553,44.0704497583151,8.131151026142593,79.83192704800084,62.51094239905746,78.61638823794678,62.39253626572149,17.73801332112494
Hamburg,194.4968585144372,66.97899556139066,99.42975061895599,31.4257434159277,141.3491132106042,103.5429113467925,211.7385074800706,113.6964179915048,0,45.35891616669758,167.814814034769,163.8139649979764,174.0080197070834,84.86306850869595,218.433289367862,131.7295248728999,117.6772632808905,192.6146329195299,131.9939171808099,138.2971240664959,205.5813703650552,79.59765390103111,113.9818719355408,156.5522186574326,41.44019794271686,176.4428091198391,24.94251219703277,178.7074137380903,193.4410669615837,140.7498102062594,135.1948416983255,157.0138282401007,138.2623227274111,138.1892608254165,140.1957091894468,124.2182271489685,51.43059873422434,30.67339144905165,126.5927007179659,92.59633783142615,111.3463482973946,109.0445754987186,151.3741428163959,133.0482368154944,114.1161693407208,155.1659843185197,99.17125872401073,109.0350959546356,98.91102341954952,157.4306786155105,178.9542416398796,26.13051137052359,157.2258308156862,105.5834760547421,193.4093247543721,64.10068151842529,187.6475340943352,172.926570510296,112.2124140069897
Hannover,150.6840818784594,30.81543728794801,66.18040545394992,33.6360737770261,96.37084575121254,71.18651843189804,166.9314491237954,69.44559979529519,45.35891616669758,0,122.4561124302318,119.8560973352315,128.9706631776071,39.53193846638281,173.6742114885444,89.90531838588132,81.59017849136821,151.8756486512572,89.87303436619695,94.09083201343365,162.8564008443515,49.76452994091497,80.89941056534109,113.7774775082497,44.47125894566324,136.0177689297824,69.00492379967264,133.3493425370063,148.4229158726192,95.76947464893067,101.1996905509192,112.8148635195104,93.05815252898365,95.29574640142556,98.81079755940397,85.85941852100525,18.61656602855087,40.95414744165302,84.36560190700314,57.18572456921509,77.95448087046904,77.91338697028939,108.520016080851,88.25916671921249,68.85004316558268,112.0995133304435,67.56045719649977,70.31903618535759,63.13682697598679,115.2386659618214,136.1016882794081,71.48773511512275,112.3303611242104,61.45768422464393,148.6530559543737,37.94134377857583,142.2919994503035,130.5070778455211,70.81748827459815
Heilbronn,49.6615595763087,109.218767237652,100.0816014877921,148.4891306310796,30.95471553085482,101.5001235360415,50.83582249359456,58.96273675109205,167.814814034769,122.4561124302318,0,34.94312175769007,18.14774802739174,82.99052922741913,57.96404310730444,59.75368498560914,87.98634215224934,76.12041135627022,58.59472756400347,40.57711580252636,68.03696769807496,112.104103512764,98.14339227115994,48.13515284182318,152.3106794790019,70.79622048989887,190.9935591297937,10.97817918798978,32.38858060769675,31.83738867085895,95.01635425337599,33.2641195939689,31.17243845818115,51.2505353416839,60.43554680546104,78.22063259156619,121.2741998941631,155.5358233485517,60.42632975033548,97.27260340187524,97.50344064712704,104.1606195095213,47.91177319824091,39.55656897787964,54.18406704070506,45.59269438724745,104.0903758547231,81.90518350381066,94.04004541454864,53.05501348557936,51.67397326683078,193.9420905544818,21.90924131403003,66.41974589679228,35.95203915712489,121.4500703317218,19.97182885068196,52.78294800031544,71.26580223269401
Kaiserslautern,84.0733657356319,98.82549677956706,79.22865078343172,139.4924648630899,27.60352929037329,79.05733525710122,49.85959061733654,50.41546507845243,163.8139649979764,119.8560973352315,34.94312175769007,0,21.16029048016629,82.01035663494025,86.63317521728663,36.0507335965121,63.03659004547673,110.954110905677,82.36752556957617,25.832102312155,102.4775702525707,95.55927831662495,72.97498985060179,79.49311661682185,140.3369487780447,104.6537970007119,184.7523492850457,40.03923962379111,63.95189500990422,53.4501122995731,64.61195580461049,64.6916192068276,33.55304818276581,76.70104359950822,87.31152676079498,52.65728310712939,123.9938094488331,145.7661239757593,82.13246168945281,79.62834224895506,73.20350290613385,79.74935675997045,77.85780384740728,33.13631033365011,61.20657204660159,76.60021540847681,82.62265464112257,61.83853591726083,74.74252791357269,84.55253812779503,86.38216331382533,189.3671584051216,16.10460516150722,58.4135666654697,32.07522097710275,108.065722857652,45.72189789433842,19.11494434291514,53.96406648693518
Karlsruhe,64.19556913740446,111.7428736737313,96.80741477803922,152.0997573408702,32.66627775310541,97.30539240856467,38.35827030889489,61.10471489003568,174.0080197070834,128.9706631776071,18.14774802739174,21.16029048016629,0,89.65500780788336,65.49961865027862,53.95388659491977,82.10271860464221,92.97817662757811,74.97994262092057,37.96793305871467,82.49662175313219,111.404796610026,92.23724081505293,66.24005892158006,154.4097063097945,88.62047310434269,196.2111894304005,19.56713346477836,43.06469396415029,46.60646743341448,85.45885239794072,51.3153179075348,36.14954664091983,68.05386744549503,77.75679358960747,71.81254385506924,130.2195604128891,158.7990273331764,76.14355849295582,95.77607890006743,92.13486671879673,98.78775282056408,65.82128236824892,41.15762604954091,63.60756982077768,63.65206563969309,100.5031080748615,78.78965542460384,91.5723484110831,71.18057575131212,68.92300863283344,199.9837281006184,17.05250805602741,69.1701717673153,20.76815770794816,122.5572911139875,24.56537768065111,36.33583737945256,69.39405330283508
Kassel,114.348485218512,33.4502377876868,52.16374692971151,67.19872658473491,57.21297388607995,57.10101825347564,127.8012856294722,32.30208793283508,84.86306850869595,39.53193846638281,82.99052922741913,82.01035663494025,89.65500780788336,0,135.530677913184,56.55153307172178,59.27289008552304,120.4528057260299,58.82212476890027,56.22830724292128,128.1537177070429,47.81219611065685,63.4342734348692,80.08749290790475,73.55497812432495,105.5674253337628,108.0678500549977,93.91301609182266,109.8706288555962,57.67289369922154,79.30270080568877,76.29860809499527,53.61020465451547,62.1999694369308,68.57512192894215,59.0728778466367,42.12118483159541,74.58076591171553,53.57237936139685,42.737519761296,60.63415617820214,63.95944037845717,74.87398143277927,49.46120091532224,30.13502517690618,77.90420942177235,55.65363965238492,45.51017685082181,45.82773054683291,82.58434557061149,101.6526894651227,110.9790231277966,73.22247731556672,25.29102084672403,109.6104344541662,48.14931769064991,102.8767201737544,94.69458757502426,40.33861877222449
Kempten,29.62578305468653,164.9056062805122,158.0395217270927,202.6144254233488,88.83296630862638,159.4458119516219,61.13675962742267,115.9703333206419,218.433289367862,173.6742114885444,57.96404310730444,86.63317521728663,65.49961865027862,135.530677913184,0,117.2216288519623,145.6087394103649,58.27075297817858,90.86686768821792,98.46185737121887,35.8772653265878,169.5159638191562,155.7964787611963,67.22056887417988,207.7624551869635,66.52771923386122,242.6380763032295,48.36523468581351,26.16322343529401,77.9761452169619,150.8023106859292,62.01965262197887,88.25777626996262,83.25758032307439,86.01767425907823,135.632132512413,168.6366103545816,209.9126326476432,95.45655411262479,155.0019530051142,155.2825463102018,161.9557290859581,71.44588357192001,97.25665815232094,105.3967929456665,67.29542547099632,162.0540540499012,139.8684505151043,151.9459629582747,68.97761569253673,48.72535645368166,244.3645805511901,78.47495371154193,122.9204903068572,64.06122246315219,177.9197220932877,41.07121957810791,99.15807127486597,129.1750479276624
Koblenz,107.7322415253914,65.15009458213757,43.23712860669959,105.4360337493398,31.13377611539598,43.39251441203704,85.80205818634954,25.90130481124799,131.7295248728999,89.90531838588132,59.75368498560914,36.0507335965121,53.95388659491977,56.55153307172178,117.2216288519623,0,28.41096043359122,128.2986122465946,82.27712212080536,19.82505933090738,125.598933197524,59.751626066548,38.60390189296058,89.94058104648995,105.2003253898612,118.055694267249,151.2826931920894,68.85865581406962,92.108929891062,58.91041435904164,37.37724163707809,77.60160923669198,35.14630441192112,79.64618744294295,90.26786793558981,18.46721170481248,97.74464542079843,111.3121562020757,79.69347994363585,43.79474453871493,38.27509725220644,44.95136440557518,86.40093762328954,25.8556700908456,48.87423311987698,86.90111203551652,46.74640127711668,25.83977179178441,38.72186711659803,94.59557645232455,104.1137259072133,156.6168238452863,38.79901793091588,31.3696614594008,68.12484516372679,72.90494746595505,76.64634340098846,41.2374389481102,19.5250521204414
Koeln,135.1615072046079,51.83970672054912,19.13208350858102,88.29620884060789,58.29802376749539,16.95031585981828,111.7405048438424,40.55603580259205,117.6772632808905,81.59017849136821,87.98634215224934,63.03659004547673,82.10271860464221,59.27289008552304,145.6087394103649,28.41096043359122,0,153.6453830916838,101.8757631661503,47.5371967917258,152.7227527131222,39.00859970729764,10.1929891047611,113.8187461688672,85.13183707777877,142.1546081146909,134.1710043540241,97.25314910299107,120.3730702756548,82.95880712336798,20.28650278834122,102.885006951734,61.1381553084615,100.9380756592287,110.8742672357558,10.37945970707374,94.17423884596295,92.98458326753426,98.23134649190801,25.17108506650899,10.17904275562158,16.72840844172559,109.70300894147,51.33815283350081,65.55606018610098,110.8590333115102,21.20615026471369,13.84366543855941,18.87059832082898,118.1210048961156,130.0433617881008,140.762794276858,67.20989562386839,40.21040916616062,94.78573883877395,54.25848102776125,105.052525794927,62.87214522241401,22.92700086256222
Landshut,33.04376889453575,153.7425055519724,159.8159074599016,184.6677600180175,97.39565538912987,162.9256884778287,109.2037435481092,114.9593961258705,192.6146329195299,151.8756486512572,76.12041135627022,110.954110905677,92.97817662757811,120.4528057260299,58.27075297817858,128.2986122465946,153.6453830916838,0,62.30136943656719,108.8112795911398,23.26931272370539,164.7711426030454,162.9996289818178,41.07267704206095,193.0171082564351,16.24301293177306,217.5571064342108,74.14549512698504,56.36553903656327,70.81198555617701,165.6404737116089,50.81591157689866,93.1915892304289,58.26118155546459,53.07759495258361,145.5701289914245,141.2245177088597,192.1684333533183,67.79590656078058,153.5732281103596,161.4670524986118,167.594666972643,46.02290211944099,102.7789487075741,94.01060602530431,43.73089906067302,164.0644044453159,143.4429907163313,152.8009907328391,37.93896661028965,24.68474847929676,217.0447504562961,96.40178918019028,119.0513226097921,103.5760092757989,168.3178730323335,73.79683860958339,128.8387204183777,132.136546261166
Lichtenfels,63.81849187961134,92.27230076882081,103.5075255671321,122.4103311924299,57.33247532654156,107.4258076475755,109.0531432846539,61.32789693280769,131.9939171808099,89.87303436619695,58.59472756400347,82.36752556957617,74.97994262092057,58.82212476890027,90.86686768821792,82.27712212080536,101.8757631661503,62.30136943656719,0,66.60923946199998,73.59638858070313,105.068737962884,109.8716892599026,24.78169707146283,130.7408436623896,46.91573168884302,156.8475991877305,66.01986481146399,69.44632918260874,29.0657393714772,117.9752178846769,30.29403835205036,51.1419111007552,7.988696665167131,9.800601487108036,96.08245320385241,80.69624345037239,129.9153747429179,5.51276132575729,95.875242548581,107.7706312357018,113.1299544234412,19.82478501280621,57.74515581436987,36.55550942800277,23.88751893616467,107.6434477643844,89.50042930545327,96.40409003268041,25.4672574794953,47.06719430759718,157.1734613138684,66.57486486460506,62.7999548614188,94.46595985089404,106.9660265586857,72.82605276897188,101.1805981538118,78.98400494926945
Mainz,87.93799786681373,74.25939101101537,59.84303155311693,114.848285198919,11.41983755603551,61.00736392783173,73.88306592179669,24.65777961313426,138.2971240664959,94.09083201343365,40.57711580252636,25.832102312155,37.96793305871467,56.22830724292128,98.46185737121887,19.82505933090738,47.5371967917258,108.8112795911398,66.60923946199998,0,105.7756434773127,73.50204276611403,57.64973237345951,71.29360545805129,116.6197118401325,99.10612663265944,159.6523927510263,50.31006827257708,72.94677695227405,40.6914219306634,56.89061878944587,58.33080593902339,16.29289308279766,62.83227041366813,73.67426245650887,38.06854750931714,98.28025397427143,121.3675600799167,64.90800514395399,58.00283684705823,56.93934672956062,63.5897769358558,68.12816286805689,9.306374713950985,38.13930441972494,68.24086988373882,63.75827055537034,41.64008008323408,54.14170398759152,76.09872209819045,84.48656157624292,163.9892446712505,21.20752545547232,32.72942023271513,55.55403054276297,84.64450666177072,58.58353460291687,39.77485480224875,31.59817997921386
Muenchen,18.40848000815785,160.5097161024095,161.5038380657646,194.509533666499,94.58532741037227,163.9829055106368,91.62520612353424,116.7448136114013,205.5813703650552,162.8564008443515,68.03696769807496,102.4775702525707,82.49662175313219,128.1537177070429,35.8772653265878,125.598933197524,152.7227527131222,23.26931272370539,73.59638858070313,105.7756434773127,0,169.142199015874,162.5703156167729,49.11451623219072,201.6856001202094,35.37601645121482,230.4149246213978,62.93010014458185,40.84723603735095,72.9342731363747,162.2041521249567,52.55003599278805,91.648998760239,67.58640227224319,65.85842842507883,143.7313358095691,154.2874814403353,202.0025301120706,78.98907772461023,156.4383266052932,161.4198728516305,167.8618347382453,54.35329836271769,101.4499770285399,99.32945510478615,50.77096716432857,165.7267636767555,144.1084134835478,154.7373649766432,48.2324613234867,26.75580160213682,230.7486937969992,89.79577776681505,122.1274931802069,89.06045251448018,174.6743357537153,60.01029488203112,118.8047108255051,132.7933080762435
Muenster,153.3057678223932,19.8027488323883,20.06546363214887,49.45730417490141,81.27881806986825,23.94649641108422,145.4172384254707,53.59820099050228,79.59765390103111,49.76452994091497,112.104103512764,95.55927831662495,111.404796610026,47.81219611065685,169.5159638191562,59.751626066548,39.00859970729764,164.7711426030454,105.068737962884,73.50204276611403,169.142199015874,0,34.38809347805299,123.7138345600523,46.3405178407595,150.8152139058875,95.18741902194243,122.6681688525206,143.3850690842906,96.20950597124219,55.60106508719414,116.659729690164,81.26627608548826,107.1064746349774,114.8590040434626,47.17453536362702,66.32511059468369,53.97683296786381,100.1335531879751,15.95698963513807,31.79298432185064,29.67146732552645,118.7586089115173,72.55999829264243,70.76844218815106,121.1442320468065,19.58791424264646,34.00487078088059,21.47354457867602,126.9779913295675,143.7101195368387,101.9445332898933,94.69727881303004,47.20242312867944,127.5066694898922,15.51800337153203,131.3534225102541,99.62577072219669,42.03601736041477
Neuss,145.1022226255127,50.25753880031096,14.87335441404654,83.68966802821821,68.29802682020527,10.4431938597462,121.3047212382933,48.88310876058865,113.9818719355408,80.89941056534109,98.14339227115994,72.97498985060179,92.23724081505293,63.4342734348692,155.7964787611963,38.60390189296058,10.1929891047611,162.9996289818178,109.8716892599026,57.64973237345951,162.5703156167729,34.38809347805299,0,122.8727508079205,79.21730311279613,151.1825061362901,129.0393361774889,107.4432357521765,130.5318397165668,92.20822245259482,21.21327034010655,112.3340294595679,70.92648672807168,109.3879588993836,119.0739068675069,20.42902159754298,94.99093712038083,87.76056693349209,105.9766937908155,23.8326669301313,2.982832542139299,7.001350174434017,118.6242135522004,61.12261810811966,73.34301419927641,119.9451800225927,14.88358667571543,20.37786137349325,18.45850740023884,127.0657876306683,139.5940879699752,136.1069729548894,77.40287147794432,47.32513840988869,104.5660532513803,49.90167627220013,115.2437971027152,71.77824495427075,31.17829253981492
Nuernburg,39.24316437138739,113.1209236629898,118.9984908894215,145.6957394707856,60.18823298005779,122.2614678648706,94.65826805646037,74.34634495277641,156.5522186574326,113.7774775082497,48.13515284182318,79.49311661682185,66.24005892158006,80.08749290790475,67.22056887417988,89.94058104648995,113.8187461688672,41.07267704206095,24.78169707146283,71.29360545805129,49.11451623219072,123.7138345600523,122.8727508079205,0,153.3130542732688,28.33674563072865,181.352215978497,51.94746820608553,48.33905471474705,31.08733049817707,127.2170945347182,14.99262728386362,55.06208986765443,18.48218217260336,18.79743228283159,106.3376333161902,105.3620219444316,153.2002139569368,30.02955728190475,112.5645065256608,121.1901127765151,127.1665079323362,5.272114496792098,64.08593094072516,52.94636007437618,3.052835441702419,123.2407316157172,103.0041599138552,111.9489707541801,5.059436294506635,22.40583805903579,181.8526021993965,63.55455097706033,78.09186862638647,82.89320263894771,127.6001468484185,56.55321386876248,98.51834749690995,91.78566906493765
Oldenburg,187.7963113454161,43.09201499601821,66.0061685215918,13.16796178892838,122.60011912746,69.03982865922274,190.0370934790064,93.74204001969288,41.44019794271686,44.47125894566324,152.3106794790019,140.3369487780447,154.4097063097945,73.55497812432495,207.7624551869635,105.2003253898612,85.13183707777877,193.0171082564351,130.7408436623896,116.6197118401325,201.6856001202094,46.3405178407595,79.21730311279613,153.3130542732688,0,177.5905215532257,50.37706564896309,163.2246814185233,181.730817678485,130.6619707117524,99.98079909671091,149.7975054748754,121.1909097763857,135.1014496356229,140.17921245814,93.51460025677207,61.65587910637377,10.76762067814165,125.2690180131388,61.88250532757162,76.99816809435195,73.2550130099654,148.0590617160297,113.7803604437135,103.1348254368857,151.2542584935872,64.52717827854501,79.90086869558334,67.74327298440329,155.472443111574,175.1210555830643,58.37847640275567,137.3849665188234,85.97968857051322,171.857709311969,32.308859770267,172.1637042266903,145.7184464726519,86.3879125214544
Regensburg,37.69961311932799,138.9818369164885,147.0155508586661,168.981961580058,87.83343710941601,150.393366475146,110.2411420184552,102.5587805101801,176.4428091198391,136.0177689297824,70.79622048989887,104.6537970007119,88.62047310434269,105.5674253337628,66.52771923386122,118.055694267249,142.1546081146909,16.24301293177306,46.91573168884302,99.10612663265944,35.37601645121482,150.8152139058875,151.1825061362901,28.33674563072865,177.5905215532257,0,201.3848781736392,71.17535841981402,57.99426960404416,59.35802311358943,155.3930224725016,40.96889096813428,83.00605803553833,43.72677683713511,37.41464743821273,134.6385640013582,125.0768615992954,176.4726997308237,52.34765728456868,140.2966316341987,149.472823432204,155.4038021203647,32.63579737136189,92.22897438605453,80.31942016918899,31.31342290064227,151.2473105285931,131.253579554779,139.9384517378579,24.19013545297728,21.28882876254078,200.8189433583809,89.24334513784616,105.9929650037601,102.0159985600005,153.633566049902,72.80849740919463,123.2613580539745,120.0680638887194
Rendsburg,219.1109345811192,86.18711908831223,115.2292711121092,46.07681004738589,163.5800741169947,118.702572072236,233.4755292584079,135.3149661454444,24.94251219703277,69.00492379967264,190.9935591297937,184.7523492850457,196.2111894304005,108.0678500549977,242.6380763032295,151.2826931920894,134.1710043540241,217.5571064342108,156.8475991877305,159.6523927510263,230.4149246213978,95.18741902194243,129.0393361774889,181.352215978497,50.37706564896309,201.3848781736392,0,201.9405814514681,217.4277570832597,164.7699410810567,150.0245081892466,181.4794530453528,160.8972181632333,162.9550529625303,165.1089272731396,141.7810498887217,76.36232036129789,41.28199236919251,151.4298659050378,109.7721029019616,126.6691059198604,123.3322815864906,176.1585080082268,155.0688365113667,137.7937652000126,179.9197812693399,114.1990428010682,127.2109301434684,115.9568228136462,182.2983342096878,203.7579001453641,9.914103361062157,179.2671968552955,127.1893704193795,215.1256430752684,79.95996156341879,210.9166360270745,192.4636822263736,131.8355903313917
Stuttgart,44.64488777360236,120.1352348713083,110.1118647344248,159.4632485733777,41.3914294063436,111.3056421245286,43.26524338421693,69.75127899154124,178.7074137380903,133.3493425370063,10.97817918798978,40.03923962379111,19.56713346477836,93.91301609182266,48.36523468581351,68.85865581406962,97.25314910299107,74.14549512698504,66.01986481146399,50.31006827257708,62.93010014458185,122.6681688525206,107.4432357521765,51.94746820608553,163.2246814185233,71.17535841981402,201.9405814514681,0,24.02188008423781,41.21165268820852,102.9154134182152,37.95912963735987,42.04172596526018,58.30548632238115,66.52245396608916,87.26751642381267,131.8526403280726,166.5035074865289,68.4760913415782,107.6681312741693,106.9663777112977,113.6441360656105,52.78211221617384,50.12674112198283,64.90164655457957,49.81243224537867,114.0571947872369,91.90656962576747,104.2327458975254,56.53867255581847,50.67335640453433,204.8369985735579,30.12136406972945,77.29087863714109,31.20056336818035,132.2612270540888,8.993849116581449,55.88455718682711,81.48927858314391
Ulm,23.74501608876986,138.8174967175094,132.2109325228926,176.8013376682721,62.96210455344659,133.7760374113579,52.89847509122205,89.82111417467243,193.4410669615837,148.4229158726192,32.38858060769675,63.95189500990422,43.06469396415029,109.8706288555962,26.16322343529401,92.108929891062,120.3730702756548,56.36553903656327,69.44632918260874,72.94677695227405,40.84723603735095,143.3850690842906,130.5318397165668,48.33905471474705,181.730817678485,57.99426960404416,217.4277570832597,24.02188008423781,0,52.69143980109416,126.816042126405,39.26606228551061,62.15095389871689,61.50862266205761,66.47819529080776,110.5747013789518,144.329069954512,184.0599779790095,73.41953235502002,128.9567172488888,129.8835000718844,136.5364746053328,51.44894977728979,71.26190490233247,79.78649268102407,47.47541932633095,136.2645911291112,114.0851297311159,126.0199892576495,51.51552364856901,36.82626282302704,219.4719189061553,53.73683375254436,96.75798083490446,48.27805429566153,151.7697661755815,19.31118799311812,78.89788179063487,103.2699368918251
Wuerzburg,57.47890523400799,88.42658515499085,89.33196797386314,124.8634333847116,30.05397205408803,92.24587100936628,82.58110642266702,44.35847610899816,140.7498102062594,95.76947464893067,31.83738867085895,53.4501122995731,46.60646743341448,57.67289369922154,77.9761452169619,58.91041435904164,82.95880712336798,70.81198555617701,29.0657393714772,40.6914219306634,72.9342731363747,96.20950597124219,92.20822245259482,31.08733049817707,130.6619707117524,59.35802311358943,164.7699410810567,41.21165268820852,52.69143980109416,0,96.14106103116836,20.59148599450896,24.40724721642169,23.31350336277989,34.07391290713216,75.28171825095345,92.00062109086852,132.2245071285748,29.6122294683646,83.70597274226577,90.65541761509317,96.79440713329147,27.52197642011061,33.06253560043322,27.59062509893859,28.06811063517052,93.58074263545409,72.6571051013626,82.40366599794997,35.6866728047591,47.97232939292307,166.7866243884453,37.5478277454736,49.24663555728399,66.76516646543791,102.2382181262285,49.41701049739648,72.39987840325169,61.33554825397461
Aachen,144.1015161253958,70.89100117071035,35.91181183939938,104.8489773185658,68.30569397873886,31.65487063182417,109.3345240150679,57.31180861790352,135.1948416983255,101.1996905509192,95.01635425337599,64.61195580461049,85.45885239794072,79.30270080568877,150.8023106859292,37.37724163707809,20.28650278834122,165.6404737116089,117.9752178846769,56.89061878944587,162.2041521249567,55.60106508719414,21.21327034010655,127.2170945347182,99.98079909671091,155.3930224725016,150.0245081892466,102.9154134182152,126.816042126405,96.14106103116836,0,114.9761530679987,72.52278729228652,116.1051815578245,126.4878279349769,22.06139036554965,114.3142614863493,108.7727801548103,114.8133571518614,44.08585391033136,23.89012259842733,26.72584318058372,123.5520828381876,63.16416781694084,82.50768269806186,124.185879040442,36.06407519575703,33.8100948620674,38.06327398719716,131.8141682296679,141.3740671227428,157.2174334187461,73.18143739574241,58.64212610091138,94.09509342436924,71.11311460723917,109.7312053874072,58.32055129872124,40.86520317843933
Ansbach,38.07387215825736,108.1301939599569,109.8769414839339,143.2832257561551,46.98028396807053,112.7116879036804,81.13260636890288,64.90604428691748,157.0138282401007,112.8148635195104,33.2641195939689,64.6916192068276,51.3153179075348,76.29860809499527,62.01965262197887,77.60160923669198,102.885006951734,50.81591157689866,30.29403835205036,58.33080593902339,52.55003599278805,116.659729690164,112.3340294595679,14.99262728386362,149.7975054748754,40.96889096813428,181.4794530453528,37.95912963735987,39.26606228551061,20.59148599450896,114.9761530679987,0,42.45626655788592,22.31455916774762,28.84968966478813,94.7553354894236,106.7438625109307,150.7262585452135,34.15392675938722,104.2946055855377,110.8857810456069,117.1127002592775,14.85598623590504,51.97756955845628,46.90428034269385,12.33678003843548,114.1237363552467,93.02958879249582,102.9694432335208,20.01418262724028,27.41360440826264,182.7931739335491,48.86586141374587,69.81190186078236,68.47359045126211,122.191396457443,43.58436009914676,83.65956230396279,81.68415500261898
Aschaffenburg,74.32805360929815,78.10659991904787,70.60806810035756,117.6786888551291,6.285154182233208,72.66314886292525,74.4662823378043,27.83999799248911,138.2623227274111,93.05815252898365,31.17243845818115,33.55304818276581,36.14954664091983,53.61020465451547,88.25777626996262,35.14630441192112,61.1381553084615,93.1915892304289,51.1419111007552,16.29289308279766,91.648998760239,81.26627608548826,70.92648672807168,55.06208986765443,121.1909097763857,83.00605803553833,160.8972181632333,42.04172596526018,62.15095389871689,24.40724721642169,72.52278729228652,42.45626655788592,0,46.85483236621391,57.72476919301624,52.51635695566476,94.1233967817174,124.6370071384679,49.97884533731722,66.84601239799751,69.78141814438426,76.25622876777834,51.8379341449095,9.804980917859591,28.29026052677866,52.01075410249631,74.75733704758237,52.76505274633512,64.166860244213,59.83691356166614,69.15009568021435,164.3188995166006,20.51151931359402,35.25228558046391,56.49851733165237,90.28479711632976,50.97279652021783,51.22327394149569,41.60371519441594
Bamberg,56.74979536467909,95.48795655828819,104.0477616226357,127.297003586592,52.85467225859386,107.6950321199201,101.4470658906213,60.51503542883648,138.1892608254165,95.29574640142556,51.2505353416839,76.70104359950822,68.05386744549503,62.1999694369308,83.25758032307439,79.64618744294295,100.9380756592287,58.26118155546459,7.988696665167131,62.83227041366813,67.58640227224319,107.1064746349774,109.3879588993836,18.48218217260336,135.1014496356229,43.72677683713511,162.9550529625303,58.30548632238115,61.50862266205761,23.31350336277989,116.1051815578245,22.31455916774762,46.85483236621391,0,10.87201212420507,94.47297899873269,87.11609290719153,134.8039257103165,12.20654118909523,96.9305974389776,107.4479931836594,113.0818960987477,13.23318196614711,54.36625854501744,36.90291772924861,16.98319688143614,108.2456452493071,89.12467638960115,96.939713500099,20.40187743426275,40.84968611325696,163.5875742793658,60.71098972087881,63.00394596096348,87.19440868074433,110.0834931999623,64.95444195722719,95.69348792307785,78.24990629240263
Bayreuth,57.79504771940599,102.023522586971,113.0509191858387,131.6173875634995,63.72553950020917,116.8938142186231,109.7849147157656,70.33228410801814,140.1957091894468,98.81079755940397,60.43554680546104,87.31152676079498,77.75679358960747,68.57512192894215,86.01767425907823,90.26786793558981,110.8742672357558,53.07759495258361,9.800601487108036,73.67426245650887,65.85842842507883,114.8590040434626,119.0739068675069,18.79743228283159,140.17921245814,37.41464743821273,165.1089272731396,66.52245396608916,66.47819529080776,34.07391290713216,126.4878279349769,28.84968966478813,57.72476919301624,10.87201212420507,0,104.7314647258649,88.77651661421507,139.1141867372266,15.0294694700073,105.5351617907171,117.0350869063354,122.4979670843356,15.02954452159398,65.14096816335545,45.92452100050358,19.05831379965771,117.2054820346679,98.72985660883937,105.9418067568565,17.83190693236313,39.90886213985471,165.0946469266363,71.26563368663744,72.20206999477546,96.32117698552983,116.724080990376,72.43228693772733,106.3517912249516,88.05244018643199
Bonn,125.9823963156946,57.46070932365121,28.1357818525604,95.7251554918228,49.14614144192316,26.8687815604759,101.4608558795868,35.25049290932325,124.2182271489685,85.85941852100525,78.22063259156619,52.65728310712939,71.81254385506924,59.0728778466367,135.632132512413,18.46721170481248,10.37945970707374,145.5701289914245,96.08245320385241,38.06854750931714,143.7313358095691,47.17453536362702,20.42902159754298,106.3376333161902,93.51460025677207,134.6385640013582,141.7810498887217,87.26751642381267,110.5747013789518,75.28171825095345,22.06139036554965,94.7553354894236,52.51635695566476,94.47297899873269,104.7314647258649,0,96.87088441962098,100.8366906436891,92.82424286821964,32.0089563800484,20.54998493856204,27.10175557946914,102.4543074377418,42.8149188671749,60.45347095184439,103.334954073819,30.85735590635846,15.54970293205454,25.86719380378803,110.8034782846297,121.6599693496119,147.9831874332036,57.1656472051417,36.90793819329613,84.43012762565506,61.89964384399173,94.94299900835134,53.08105083357067,19.23737797265473
Braunschweig,143.7168385437581,46.61665399415092,80.7502580510054,49.65241902696486,98.40658068955429,85.92058852921113,168.57153671796,74.38564008587541,51.43059873422434,18.61656602855087,121.2741998941631,123.9938094488331,130.2195604128891,42.12118483159541,168.6366103545816,97.74464542079843,94.17423884596295,141.2245177088597,80.69624345037239,98.28025397427143,154.2874814403353,66.32511059468369,94.99093712038083,105.3620219444316,61.65587910637377,125.0768615992954,76.36232036129789,131.8526403280726,144.329069954512,92.00062109086852,114.3142614863493,106.7438625109307,94.1233967817174,87.11609290719153,88.77651661421507,96.87088441962098,0,56.41255594046984,75.34332440666387,71.20618464188739,92.00858909731248,92.88252820774532,100.2292540784007,91.1410877191673,67.18169689534307,104.0945172959012,82.72176288421008,81.67547540471092,76.65521634880285,106.0864052249305,127.7363501751828,76.4905805897224,114.3426978000667,67.06949211112139,150.6081176679359,55.91243482861289,140.5837969757085,136.7580274343832,79.8379527312584
Bremen,188.8001130989089,47.10950682315494,73.98663873372853,7.508348986210524,126.5417800935215,77.42067233643547,195.1615664399302,97.73993558278669,30.67339144905165,40.95414744165302,155.5358233485517,145.7661239757593,158.7990273331764,74.58076591171553,209.9126326476432,111.3121562020757,92.98458326753426,192.1684333533183,129.9153747429179,121.3675600799167,202.0025301120706,53.97683296786381,87.76056693349209,153.2002139569368,10.76762067814165,176.4726997308237,41.28199236919251,166.5035074865289,184.0599779790095,132.2245071285748,108.7727801548103,150.7262585452135,124.6370071384679,134.8039257103165,139.1141867372266,100.8366906436891,56.41255594046984,0,124.4065428382533,68.87186997897174,85.38756956662498,82.10618492032771,147.9284438090388,117.7961667972384,104.6414294839992,151.3058702317188,72.91708025104178,86.59688353243992,74.97062577389714,155.0352510759741,175.2987834900232,48.6256832069564,141.7472873334125,89.75941873791628,176.8769929505289,38.94017043635241,175.4861539712049,152.2607722395357,92.10041564812451
