0,0,39.34836635794615,36.64698217503682,37.46841680891144,38.80340573749842,34.87405877107632,32.5040863503456,32.01258696770871,31.57591302255535,23.37892817339268,19.5052722891996,44.10841648728914,28.59930004189541,22.84329329319493,32.41363485229169,39.65876105887855,28.77961424136357,26.18027148412887,30.4337443539652,27.9830552235915,37.59847910505608,26.7195635571706,32.64490623421053,28.54683563902026,38.82984081351814,23.57849258946811,38.38726415277392,25.55844895898258,28.04311670326359,22.96155393838104,28.8270870267153,26.88041067707309,26.20758470179844,33.65418588915265,35.25375684858585,35.05093050767957,29.76614048255657,30.68150589552227,23.27229118543093,34.25128869625724,32.95285315478379,38.85520621885497,35.88256782545021,36.69858690177898,41.90409794071778,27.0969118559886,29.26537475417417,30.32159247056445,18.26419624727809,25.87866731860952,27.86681195713528,27.36935643398505,30.10455785275039,38.19236309576659,30.09870705610835,32.50508594539355,21.16506759775697,31.50058076052609,31.08083486729918,34.0770747236061,34.76276302530854,21.5623382681494,34.98241069778609,28.97587231898051,34.06482909776547,43.4009427540046,37.98231512801888,22.23390521691287,33.33056873562137,20.16880464514209,39.8869195102833,23.83081543456574,19.17264002285694,28.08716528490562,34.13736203155037,24.15314153943999,25.51459574467663,20.59505007732227,41.36687882729503,36.0311477453802,29.22931195970251,37.39447024573199,32.6859466798084,27.38900544151224,36.9474360410838,26.77175847144927,31.83817147435732,31.09898527266434,34.22001812682142,35.64360410095982,16.56891126109942,34.44597197258942,27.28740891815287,37.38771986045815,34.11154676291071,32.04737053752721,32.61077685985148,37.56132417162152,36.95534285999445,28.6804334421082
89,39.34836635794615,0,21.43835495328464,32.09779843721698,26.76169574569342,32.39344513634593,30.38550034190288,42.28182931832657,39.85114814042235,38.76951874087215,31.70437096229481,33.43718352409489,41.06739305043759,28.49366171926595,30.95697000233818,35.54243779758526,22.24082482884466,44.00042819528657,36.53371173725404,38.10586985115488,21.11229659662651,30.16430362339977,30.38465273129621,30.08153096983538,34.55925633207706,44.70785641657963,32.16675374228493,32.83184614240441,36.86861590228607,25.52404367981035,39.76548096647778,37.70756302537734,39.56755788917337,25.67663439977752,36.17475506747413,35.43903580660027,35.20548177174533,19.31721948471416,38.41283058269814,31.56072067806836,26.34292889873837,27.69451706177837,24.11892834575106,38.31219175792823,22.77343565875395,39.62187615441542,35.54936919140695,31.11247624833259,42.53426825299709,44.50904715865762,25.69229278226346,30.77049683881684,31.12015197584579,26.86312765842103,35.02467295718142,21.01170078187586,36.8094788102664,36.7074991126143,27.40136858677798,28.88438925470744,24.47206912789554,42.14311107804564,20.03045929693064,24.95691014984609,38.85645127369676,21.26013139858114,33.21608510408614,31.71635196866813,26.39355309696193,39.16801981205914,30.72588602177157,39.29088025311344,33.64940361830257,35.50757147161838,28.88862230935918,31.22868508894985,32.68572163259166,40.4334044677255,25.14693178585564,31.96594258105549,30.20387480052887,36.82645796260397,38.96137035471781,39.27268295593888,30.47018437937645,37.0877038083994,27.1081288045583,30.90629234748178,41.01081956509651,34.51644946327144,35.1806237103471,36.21805606777331,34.96583013554248,36.27973416769105,26.92115226467969,21.79881011896252,36.07919716605794,29.93196312854449,20.05908708621892,34.36284887820796
98,36.64698217503682,21.43835495328464,0,34.75094530585443,25.66322429361791,31.67505576825198,33.54322468927032,38.32249468810515,35.27823719776163,30.1033861451887,29.87769748639346,27.51869478710691,33.7285524548187,32.82857470226415,18.86518757988659,38.88128045778725,33.40457945328424,41.87348415065407,34.85615307911385,34.53738330103258,20.70137270077864,32.0155633089605,32.64992523697889,36.98143738172924,34.65963161903755,36.06791905795291,36.35209284073551,34.65954875416706,30.90164336392174,21.8872840432581,37.54237427219271,39.55188045917361,36.80927405646032,27.62801742894574,36.54731062739182,22.33665947018813,37.36664373772135,23.55158949495812,41.79076719168621,31.99125338059324,33.28684270412856,23.02863045211691,35.3946863827519,31.73591728136556,29.86651404018767,39.61477189747014,40.38017133192824,19.01373322169935,42.62117321358176,40.59767256728473,36.22133483845445,27.73030839056413,28.2896246185319,31.43679602610901,42.81286026062643,25.80974933469865,31.93642585688972,25.91246910055429,38.14463805568052,20.61722624629873,31.66254858449962,35.35517542125396,23.60692901259711,29.03409626952197,29.96495316790527,24.63341797798753,37.74210800205857,28.95020865412878,33.84269967951356,35.49311178780579,24.99866599112487,27.82813293811487,29.27281988969379,34.68011686763906,33.19920963237908,29.43378016647807,32.04064116468578,36.31624305862264,29.53402047513752,29.30541015712579,29.91807840991184,39.6706373247868,31.54886708029903,33.21492985233329,28.22621102515067,27.30277503562722,19.43796517550713,29.19434770944899,33.85405347008173,20.63954834897816,40.28174604185755,38.42697336415678,33.6820666001075,26.69911466054743,30.29724422208669,18.18747072569614,39.3568807995504,23.77169308630324,28.92583560497139,27.60325444355978
27,37.46841680891144,32.09779843721698,34.75094530585443,0,30.56675089111582,24.43002789832876,29.61857771358246,34.13256805592184,34.01184371207411,32.65667461766437,35.06976598164806,21.50174465374265,36.99840893792725,33.7216374382439,29.65670727922092,21.99263473554829,33.74773565775306,33.3481490986812,22.63858717462947,18.9844607595847,32.02727555434058,40.42651254389532,29.43178843616982,29.3016235441416,33.14529197987572,32.5532048353741,25.03139326253653,34.81390025315677,26.97671671337879,40.27073118470072,39.43706502313282,31.1759960068285,36.38829010058859,35.26668748468598,21.03368667554289,36.0770122549753,26.38161462476161,29.0677558345714,29.60282046632945,31.02004129344382,38.66937179209218,31.55613250568294,30.42590428487405,29.71241393559047,22.0171336366177,23.81823391339883,34.65499806769353,37.67165373196998,36.59153701803299,24.54255302819397,31.99548129303504,30.79028207544122,29.57308038736126,20.36335681345223,24.26515525873993,38.38613497673065,41.44185883369472,27.28746487954706,25.81857002047331,27.7695792282566,22.5170181187875,32.30165391976518,26.31463552792782,38.52541031142982,34.61923380809863,28.29916300140681,30.2615767223519,32.07642866307341,19.98827501161359,40.24011930718689,35.80525882619674,41.928539308295,35.11207029320841,31.12565970482082,34.20803954118211,41.30213510402815,21.05621320300042,38.05875524880652,28.4628703121082,29.6218659768645,38.00279227777467,21.03228917812335,23.4243743519009,30.09781991123194,39.88059196967667,39.89403315772952,29.05519883750422,43.21288776361903,27.85317483498134,39.15862964826677,31.31577688012695,21.43564087061499,38.92224911616364,27.10348458578848,27.55333470277911,38.79300560012236,38.45712478564059,28.81996966928598,33.09451315250799,37.74513811338767
39,38.80340573749842,26.76169574569342,25.66322429361791,30.56675089111582,0,19.01894356931325,24.62985288428897,36.94123168101018,29.29670571885545,33.13550202819204,40.72274697392687,31.55402737143157,37.40949482949935,32.59823792427566,18.96662840786995,34.96673329208235,34.14967564420748,40.68328138199274,30.44164328627605,37.10958991714097,18.25171209310169,39.54936825118254,37.28175408411671,35.42505871281041,32.71534556120771,31.87783755482774,37.74359510346434,33.67436282174582,42.60117749415526,33.90063551799809,30.04765781289526,37.70138303071167,44.21663804426725,36.12590397927772,28.99273077273043,23.23863460549464,40.16466852171241,31.03106044861845,31.2943225907063,41.50777817747133,34.48801995039293,19.24929711999534,32.32409527710184,23.07285089050986,23.73982547684635,43.44398505729374,43.05589495233028,33.68170945324167,36.96904596151996,38.47786121176723,35.28792136706493,33.53773099120048,33.23690582197288,26.29885751550702,36.34247089673269,22.83092234074098,29.20192648197539,28.90539225397537,25.98971665123841,33.45156853021543,37.60943949998321,33.16963418322689,29.06075282407517,22.20080137705454,39.08996900495711,27.87310278791518,28.86005320970102,24.35499116419724,37.0101828318818,43.43041670756209,34.55617972138943,38.49102460481297,39.14367687049459,21.7702707389804,22.39943865899744,28.06576731395925,31.43371415525867,32.00894962296209,28.43242272388267,27.16347937062261,33.29242582818309,23.65652888004139,32.95954435109253,37.57950836820599,28.50436395446921,37.54373640858511,24.32287513545101,33.0003575575778,33.96849861588776,28.08990603006301,39.80300432546458,32.79153205001398,38.63208928123475,38.28522964807944,25.50042566357289,32.93584145738902,29.6002164991722,36.2770267107088,39.80002595805624,43.26187819446341
21,34.87405877107632,32.39344513634593,31.67505576825198,24.43002789832876,19.01894356931325,0,34.06876025946135,33.9459092585867,21.44334395914879,23.25723914160573,39.26023515323492,28.13401002598307,39.62698912398416,37.71969191861999,23.66762016579261,36.15807284831863,32.01558802880085,37.43169698781784,32.05031399626261,30.77910690132159,24.07095549476011,40.89126790962117,42.10643976045988,23.86840253315572,26.67929228888775,27.49610109859383,33.93437793681168,31.39122654288937,38.55071229778147,35.14990505227863,33.11400065037786,26.67146221937186,44.60959356639552,30.68579234852832,24.36479736412172,25.07845339820964,31.33984383740782,33.25382953396112,22.12944430510966,35.97606499772431,41.8318924547015,26.36602549702964,31.16702595940151,28.69184607418126,21.70340652754807,37.22307717821294,41.37444784949052,30.30661620024791,34.13821447111832,28.4063032709657,35.0395384189581,23.36076690694754,35.34375508628887,17.00447853369559,33.31104119428787,34.11454436637701,31.67602960874073,32.59165388883453,26.73124706444144,29.70099594673299,32.51232251844846,32.77350176411596,35.22258569246418,24.45049076200208,39.03094992165292,32.06406149010216,30.94329072869538,24.90346375831722,30.66671014704448,39.20460497675762,36.45033071241633,36.97743904717003,38.90157138080927,26.82900317945053,20.37880990025819,34.78155373572723,24.489625515985,25.43731834237196,36.87812757601664,34.3515422230806,31.07602576262065,23.29851371314678,21.13106434893097,28.37751558285047,36.87401043314457,42.32527898052594,22.28572055237327,34.06178362581235,28.77228597594066,35.41696000871192,36.29237161203903,30.72119494069154,40.1193612162597,36.56355612914673,25.40351014836484,38.30845173367125,30.17408772182445,39.60947740611823,41.17363827958482,39.43993601798038
80,32.5040863503456,30.38550034190288,33.54322468927032,29.61857771358246,24.62985288428897,34.06876025946135,0,33.97316407682654,37.41033163528464,39.95363108160456,33.20527185378849,37.93449640261652,28.75910759725551,16.79167458343598,28.31819887587447,23.87766475333805,32.40511164384829,31.62109541432606,19.90883690040608,32.21533960643396,29.66424934264009,32.85821575373753,20.40132365916094,39.55743906759017,40.23430925814269,32.05064489866562,34.67495306983723,32.74865121067749,36.51207301369057,35.11344923095942,27.00594923581023,39.21900097132967,30.72640754303323,41.92134664583399,30.07872778746642,35.0157964561782,37.9623350610394,28.7028495981442,31.15911575592012,40.64471067320518,21.50965659691331,28.73723733957983,31.23832355910482,23.15319892911927,31.89247487352145,33.97094996393287,31.9399337032202,41.61498820558896,28.21188402755279,35.59427012400783,27.46467278807457,41.44605510404428,26.54406283718088,35.88799067037246,24.51412588056928,19.91347959981244,29.15799451632718,24.86804566550001,19.86552164699284,38.62719614217166,35.98958805078601,25.69220228004638,21.98506469484376,31.32162381250016,36.11950861777378,31.68005792864438,25.31687260410466,26.59550868782538,34.60106773269606,39.24478608779142,36.80027460569473,39.04444277743667,31.68688032842716,17.00954015565344,32.43956219720052,24.83572534528953,31.30022955381461,36.56915361368699,19.67195958773882,20.52626690823344,36.59641374738055,21.76439586196997,39.68332448370779,40.44868706182136,26.92286474468663,29.05174222799997,34.16700950215293,37.29390456043062,35.50845801237838,30.94420876308261,27.79796492825171,25.45851981841706,31.84877524178089,36.69521883000937,28.16668354313206,32.26697432451579,29.89848223661588,30.233825770513,34.02041562514736,42.37016924340444
78,32.01258696770871,42.28182931832657,38.32249468810515,34.13256805592184,36.94123168101018,33.9459092585867,33.97316407682654,0,19.8148014558736,33.52198721950346,35.99451125381812,29.97416994203418,16.06591369282046,37.95184773595088,36.84022319231575,24.75537099314128,34.64240675420245,19.04993323102935,33.72514753524442,34.27817018701836,33.12821033460187,29.88777343209015,34.60297052567302,36.69228453430828,23.55946160125973,26.84699824669483,23.94170225162774,36.88938320015899,36.83945110359285,40.61055854260386,23.09681762483579,24.3449340009882,24.29435706041145,31.60200724189946,32.88475071178723,25.99516068981242,21.37891211921167,42.491230650967,29.28231552572189,28.2762435718074,31.67194212917353,33.60133088742918,30.95297891593328,22.76025157488024,31.77675897307348,27.94037709229075,22.6618460157854,31.39853896898068,24.1189666549281,21.86890100662204,35.0094263921717,38.88130650558526,34.34830170650521,35.97547992417329,28.25704384117303,35.95593748317724,29.49362820884576,34.39402613436088,37.8829674800486,37.20663835177402,37.96376385357349,27.10456566329488,41.64045337573134,39.46987209836899,26.15591132199008,34.16750973628818,19.90376326431351,40.15388688471163,38.47778419899312,23.93489060441799,22.5963286272857,26.37102303137414,38.10372007333721,32.27853245103722,29.0031379062362,34.44892212414784,40.18611929399555,30.4169793681592,30.77523392177852,30.62326845304586,30.34385999044717,28.58080789489079,25.67916627321127,28.38178361224754,23.57106139534006,29.27567215068109,38.44334665849117,27.14832299472596,19.96563070301882,29.48728637787723,33.74608372603944,27.63386848256964,30.45089651695172,26.502845922113,33.46173836949467,37.7909349979282,21.54956849575177,31.47745771437956,36.00697069281195,29.3974806904946
67,31.57591302255535,39.85114814042235,35.27823719776163,34.01184371207411,29.29670571885545,21.44334395914879,37.41033163528464,19.8148014558736,0,22.83489597786143,36.97377122839288,30.64117125675002,28.26500466854553,40.58293701786811,32.01564573449889,34.91147783908298,31.60556290309818,31.76743234484361,38.55617460446562,33.98917343561342,25.16207349529044,32.593118370371,43.95450643267444,28.75105585828182,23.72455874977709,26.04916073999584,32.97562377553835,37.5621817623485,40.53032386363068,36.42003468416362,28.15212301247471,18.16700857469091,36.21016590039439,29.25706088561414,34.43470098897607,20.65601665668288,26.16266656660999,42.57797442474943,24.32045169892405,29.64412704679421,38.76009047055111,33.37417040140802,33.82661209089162,27.0166624065188,27.3887712771468,36.54189039408448,34.42539705021107,26.49282481931962,25.45245443880806,24.74502518117351,38.6835205464131,31.13118183847307,33.705561642824,30.95253804446312,34.71694827060104,34.89379364533456,23.72971459978796,35.7541968354406,35.3774658693555,36.49048825971317,39.95045500571518,27.54713744635459,42.02621827963356,30.69958849956354,36.29014262792814,37.53363529241705,24.92154141779888,34.26023869907441,36.31510996298518,30.27248056094897,29.29445585515644,25.51162731542324,41.24349271333516,28.07853990632915,22.11527303788417,35.07306926129955,35.15731197367019,24.70249782031542,37.24738090920606,37.87874517548302,22.53352567029883,29.15013391345387,20.48467395951036,29.192012942214,29.50819225463671,37.68415221473729,28.4621438472123,26.81426250238071,18.58199470146769,28.83900082486015,36.03771203182507,28.76947310830884,38.83214197258236,33.5570722392319,25.98212704703753,40.28489193476235,20.51344389545551,37.64836290962786,40.75669934949509,33.81894899186905
60,23.37892817339268,38.76951874087215,30.1033861451887,32.65667461766437,33.13550202819204,23.25723914160573,39.95363108160456,33.52198721950346,22.83489597786143,0,27.13006188207889,33.55823172518892,34.01082085592488,36.54716864753355,25.02624224971396,42.57452526321312,33.32755259018714,36.19707967345918,35.59778159902938,24.11849903978903,30.37734781344796,34.4759265113609,42.41532667301234,25.77184498076855,35.03367672721928,23.08729578283828,39.9063935050074,33.90270805621932,28.45176975141435,26.09837225683241,37.03190466800417,24.29263638345284,36.79391043249301,30.64265063995128,34.93574971181394,25.92289493321564,30.39984475617126,34.37400602955353,27.7220701543179,30.71199495969812,44.00995209255483,36.25624051152312,40.59079331399273,35.31257713652425,35.27164047481939,33.37431280062984,40.37657301333491,21.09182858918901,30.12175560308334,24.61071894940862,39.2893737194833,18.10214090664762,29.39663256535674,31.45125988653703,39.41516042339899,38.15287053802616,25.56030624702169,28.92376657887786,36.83950504902562,27.44704745687231,35.60399875450162,24.77967688525835,36.37075902776031,30.08026070976508,36.19522990728903,41.64015576492695,39.99999792748121,24.16847303084451,31.00330088754721,29.79751626639392,37.26032055086313,22.31312744827054,30.02124702891957,30.43597631635846,32.94836700708507,34.81923251655019,21.69825685423335,23.06742469496819,43.74876619202485,40.41174292812066,25.81889572988518,37.38553960110718,18.62049358484429,24.27365516304481,40.31200996236513,35.19666157902198,18.05308630871557,34.05164556232528,25.07668058168885,31.09864832242947,32.00886145560499,33.64065687684475,38.92462104064312,32.34238918032854,28.88156477239951,36.45948814228294,36.72725791395501,36.21782152685223,40.91032583081016,29.34680321536577
26,19.5052722891996,31.70437096229481,29.87769748639346,35.06976598164806,40.72274697392687,39.26023515323492,33.20527185378849,35.99451125381812,36.97377122839288,27.13006188207889,0,39.54237079772007,29.15710375872934,22.28430192985298,33.91912795648068,36.97467736127786,24.5289536043264,34.85306429588253,34.1798416197691,24.09385558621058,33.14528167196438,18.62107222195912,27.73615163963709,29.77925918692607,42.39511075851631,35.14723955288118,36.99799134359897,34.47280674371693,20.51381829188045,18.51429013756622,39.47537422984146,29.80526688406669,21.19907072600069,31.25413787722576,41.22163168251257,37.94694824057278,29.34037110248271,26.52163059111255,34.93430123629481,24.37589253087893,29.66329503573063,41.29274630319147,36.71958398123444,40.59283602510099,38.27415206641804,27.06934002050025,28.31446042135142,27.98318377553145,28.42036699528276,32.65610358658877,29.97222198185547,29.0239824760171,19.09350282535461,39.48652883430908,33.55460280018522,30.76864559016971,27.54999685265313,29.87635705412661,33.70054843731614,31.22392059739543,30.12578424451843,26.00703978683188,24.75108480547938,33.96438669147486,35.18680738225962,39.90260541045473,38.66974419971666,29.19146746078992,24.30745296310832,24.84974537541121,35.47903615954774,23.34396009621075,19.44099052384301,32.47476938085504,39.94888953291137,31.61904383197405,25.72012637645548,35.16261440849679,35.35781629201796,38.01118776202367,24.7597210179256,42.21387987986449,34.28128231365485,33.60620609668505,36.45046823031997,26.65505265098764,26.8794000140287,34.46564088416014,32.72740459573519,31.87938803181494,19.59612571073255,31.0291089161921,32.57618928395456,31.00841627862724,28.69862584916919,28.01801153507298,38.54373966190518,25.96106402406415,25.01155568854004,23.68435484869122
81,44.10841648728914,33.43718352409489,27.51869478710691,21.50174465374265,31.55402737143157,28.13401002598307,37.93449640261652,29.97416994203418,30.64117125675002,33.55823172518892,39.54237079772007,0,33.62782341865519,43.35424818661976,28.81236008301959,26.82633648982829,39.16647876959907,36.70063004997739,32.98462205937636,29.26809321950842,28.18829914414678,40.65697508278743,35.54164499747625,36.98798968952465,26.76412859171313,35.27369424241755,24.17328288874774,40.84741999249558,31.08684305204896,41.513571238703,40.27759411525876,34.5006120864682,37.64384743188096,30.65701689038941,28.95141183862945,26.21729575369059,27.9427118519503,35.31826951564022,39.74294425761907,27.60731812859396,41.19096953738868,27.42025379956972,34.06589390050237,26.99721757060244,21.48562229388535,31.83763537486474,37.86816928605779,29.17160779864522,43.63479773811787,30.10543274486338,40.4795595471956,33.06932170673131,33.26981249751379,24.72812290282573,36.89525410464098,40.29859603609047,42.7145988160855,29.12885307530479,40.00485206698725,23.93787413317977,29.06292167543924,37.12971816995172,32.9349134011833,42.26685114066755,28.11601634170728,22.67567452557835,31.0225593475632,40.18038100281981,30.75463093216214,39.13702610447547,22.79362529583795,36.51436779119615,40.16834273935535,38.79128488521211,34.72402300071987,43.70425799101637,33.99146639146301,40.88655964660714,28.28055796583551,30.37585103124695,36.64833157356814,30.54580341190374,19.28105962768386,29.30322515067965,33.92423816301798,37.28278773436849,28.97454064363295,38.14625676646885,23.1029065364295,30.93111734324536,43.34510004067061,30.00209934419122,39.77926722235755,16.55224694975038,31.71552036055272,36.0118475777405,39.37813054758796,23.71704503572159,33.21741923680206,31.89681081057748
41,28.59930004189541,41.06739305043759,33.7285524548187,36.99840893792725,37.40949482949935,39.62698912398416,28.75910759725551,16.06591369282046,28.26500466854553,34.01082085592488,29.15710375872934,33.62782341865519,0,31.14487294284953,33.33000847451549,26.41039035177085,36.2806520550828,22.30499306291092,30.75974993694524,31.84031558913354,33.18743035578075,25.31274120558216,27.78596964983036,42.13242719289195,34.5608754422442,26.77030205101769,31.2836458696644,38.33340631533755,31.86406874210899,35.54130644507597,25.21428153324987,32.32321191163801,15.2298748171242,36.56858837170665,37.39749408045233,26.97855778172415,29.42112412251297,39.21972026003179,35.49750417699773,30.43874249859515,27.06480958667768,34.56018388588009,36.85052548860146,22.5930179224653,37.45457454379894,28.83845071415107,24.71420336473521,31.22392154840776,24.05426635242352,27.25918270321707,36.27551152940671,41.16451402521542,26.88011361940387,42.38856004024689,32.16028736951989,31.46989174563827,25.35977266108797,26.5495848682041,39.09243754921265,36.92622186809091,40.24438801682001,20.19318125544754,35.33308896380488,40.3165341547337,24.53057426443279,36.31767659399944,26.16083517946125,37.18737908279665,39.42963768425699,24.37376677827017,24.33794070144534,21.04389066431667,31.65563841600454,29.02766069010313,36.3074513912818,30.24304215376923,38.95188968627783,33.95926985573673,27.84947038493035,27.85010346232701,30.61503722502846,33.40287943539611,31.43929052353507,32.9131032528237,21.58477202946843,18.04728160663855,36.27885720571096,29.96917574273347,22.53258682336312,21.37711615637664,31.87048653910994,28.07750228782357,28.82766201377789,24.25369332086022,33.36692888053074,33.06047342996076,28.34214839805318,24.20548625345018,34.11942422513665,28.22286771806274
44,22.84329329319493,28.49366171926595,32.82857470226415,33.7216374382439,32.59823792427566,37.71969191861999,16.79167458343598,37.95184773595088,40.58293701786811,36.54716864753355,22.28430192985298,43.35424818661976,31.14487294284953,0,30.91487911885155,32.25200661049577,26.51497351031433,31.94236214753303,23.92420647391558,30.57670335684446,33.43372702025133,26.56273009326874,19.01083279490629,34.43151780129671,42.88470058056638,33.54659196347515,36.87010387232149,27.32071631422965,30.63429446698359,24.85854103375651,30.61966217815562,37.11462981716107,27.00617769895531,37.98309452687215,34.11432138758354,39.17909048135467,36.04988300437288,21.6364262127596,30.41509511229247,37.73323000144246,20.37334872745997,34.19001998690667,31.20179274386615,34.08201034957493,37.31459790214996,30.66620545408392,28.92331961317099,38.12674813954396,26.48382692596255,36.22794671621131,21.12135482816238,35.69028725620828,25.41911796541352,37.62416610694477,25.57279598618753,20.53247784758002,27.18144409657934,28.25257096034774,21.04127719866904,35.876858023362,31.68440265224135,26.66041884330764,20.39340977709472,28.07263531500089,36.3953641992011,35.82238301926987,33.64329430565255,22.24544599485823,30.6637299309612,32.55998382964081,39.46366827563853,35.04722232533127,20.81993512612616,23.52169946378825,35.08755114640249,20.92870109375879,26.99310619499585,33.67115325236795,28.46907461200292,27.41765939054757,33.68752686907002,32.65785146727356,41.26135224616208,37.89958595941196,32.10104779275402,26.19051882269648,33.00768091989054,35.15881954142584,39.76866298410194,34.62995352847189,17.87314367261631,31.00451090902338,27.33266149995327,38.42152721599231,30.5696765856893,26.67987786626405,33.87091067254421,31.612372834958,29.41754434069875,36.2691070862907
43,32.41363485229169,30.95697000233818,18.86518757988659,29.65670727922092,18.96662840786995,23.66762016579261,28.31819887587447,36.84022319231575,32.01564573449889,25.02624224971396,33.91912795648068,28.81236008301959,33.33000847451549,30.91487911885155,0,37.50896590277738,38.71359511895217,36.61702976458805,24.32191141340136,29.18059931855293,26.29682933555901,39.66792651239011,33.18179501335366,37.17181574008958,35.49281110131121,23.13130741488169,38.46804044999287,29.75791716117655,30.50158810682381,27.96793791018549,31.58055566139679,39.21412959474747,39.20554261606019,35.59810838782783,26.72325552435312,19.66152421116829,38.93135768038385,25.35521939057848,34.0346041753328,39.83950929531367,38.18778436544439,19.11652111608935,37.95347357824294,23.41259253327529,32.46420806958979,37.01297378114407,43.34283089753811,26.34028500337859,37.58127668242496,33.00339031242115,36.87593570934715,26.60252551869827,30.38427510610952,28.54528788023675,39.10603833485266,29.39972221360556,29.42068596309806,16.56751691089703,33.32586948485899,22.22610241915293,34.5109906704736,27.53145116324255,26.70905006633421,27.80884670734114,29.68793874100069,29.84565119629641,37.62629481695633,18.2023238164229,36.34560404919156,37.70985422222674,33.70734204759284,31.15566768214656,27.82707627101687,26.09624311280104,31.63655706216876,26.66032443975135,24.4030274337453,28.34090559108421,33.25511541119401,24.34259657327648,35.79500363441555,30.47005491836098,26.94692038950654,28.70208428302398,32.8541365449659,28.08213668039299,19.74414632426826,34.51536756856067,31.72831170378728,24.28857686023724,37.94161234116777,35.70954092860003,33.48070104472974,29.78448486662553,31.69403567712315,27.29288755721957,38.32077863888205,30.73479221147196,39.74536111176423,35.10745283204506
72,39.65876105887855,35.54243779758526,38.88128045778725,21.99263473554829,34.96673329208235,36.15807284831863,23.87766475333805,24.75537099314128,34.91147783908298,42.57452526321312,36.97467736127786,26.82633648982829,26.41039035177085,32.25200661049577,37.50896590277738,0,34.36501910607236,27.02271763686312,25.47074008861071,29.62057749799106,33.50907330970539,34.45480870349004,22.7917057777581,38.96270527527535,33.05280479882645,36.17965143312818,20.1860417341519,39.44127038631076,34.09949162403851,44.6657841240559,33.16618943859608,33.82699206577418,26.66594111974305,38.39042284492652,29.02445189941692,37.18040608155786,26.52850863355124,36.41816725272448,34.15045030374289,31.02330068917233,27.67511932831426,33.59076510553351,28.21650393107589,24.35271431307355,25.77269004125566,25.08000414325997,24.12454050936646,42.0132399389304,32.34095781928355,28.69988010803537,31.20624064536976,43.57985457411854,29.8094975945684,33.13230499370651,19.77143025267175,34.28761230472362,39.73723774670449,31.02217886155118,29.35836097137604,37.81514204729437,31.21540490585397,31.51078528785055,30.01685802852652,43.2287138539413,31.73774369636027,27.83405914556944,18.16606594908053,40.77941845283474,30.33368311947283,37.53226006536237,29.1561859935161,40.78337006174419,38.86413669730786,30.93559147409529,35.2548174312784,39.32790326155185,36.32053741613512,42.58149765908608,16.70725614388135,25.04614113479781,38.0166770813957,20.85330377084058,32.91153209887323,37.13405471744148,29.1239228700089,34.39018924461193,39.3928991538682,39.78790157833166,27.41693949425401,35.52965160111182,32.01627172167851,18.5195416312726,35.04500820780482,26.64701129488709,30.28832549713577,38.7812532627153,31.19840581272476,24.78120059933955,29.72349740819224,38.20428750666588
73,28.77961424136357,22.24082482884466,33.40457945328424,33.74773565775306,34.14967564420748,32.01558802880085,32.40511164384829,34.64240675420245,31.60556290309818,33.32755259018714,24.5289536043264,39.16647876959907,36.2806520550828,26.51497351031433,38.71359511895217,34.36501910607236,0,37.44311125050835,39.24865857872148,34.8742073179155,24.99099930670648,18.53575373015258,33.78123724591924,17.97934020575419,32.54758537730078,41.374420609392,30.58169936235631,32.38383234807351,36.84623785444069,24.80315623566101,36.08730605152585,22.073389590151,32.245987959798,22.54442899799068,38.80380809168537,38.22248714767459,25.05381801328707,28.78087299884357,27.47096561928768,23.53179924277746,24.19012384353623,37.86185591867805,21.6416435822688,40.79916197159401,25.52096177682477,33.82789390834465,24.6784177400331,31.37619876941549,28.60857212384749,36.80434049537857,21.17179009844646,29.55545071044954,28.55083051303037,30.52688757571183,26.97477921738714,24.07166386556126,28.74646716572087,41.28668520221612,23.27567251516132,36.25136728271134,27.09258112310553,36.05136532852198,29.18454639037412,23.69361774227606,41.69463133282399,33.45843395570591,27.80381143897582,32.54356866735599,21.72513995546628,29.5582503072572,33.28715641921041,33.19549447384762,33.52329872481073,31.86371676502302,25.36580159386888,31.28600257954296,31.52003810021911,34.05501233181337,31.25023173282345,39.03826199205166,18.52813125103152,35.90555032214655,36.34439905963374,36.92280121387409,31.46964778318091,38.30089809335903,29.90279242641993,26.89255256209684,35.77917616888802,37.52317602350092,22.33443384974382,29.69029569498336,34.51500220667202,39.13931126518508,21.82919052731875,30.54453612391737,25.85451866316637,34.60793965721433,21.02876665960189,31.28972484086717
63,26.18027148412887,44.00042819528657,41.87348415065407,33.3481490986812,40.68328138199274,37.43169698781784,31.62109541432606,19.04993323102935,31.76743234484361,36.19707967345918,34.85306429588253,36.70063004997739,22.30499306291092,31.94236214753303,36.61702976458805,27.02271763686312,37.44311125050835,0,24.34016516714476,32.73417347695891,42.26283589874395,35.13115106366877,27.73463816409987,37.41781897611295,29.01331986651988,22.53668764283365,24.40747266275473,26.48515109197717,31.97445355713594,40.04066691616123,20.16603930763706,30.80651722333587,23.96882833802662,35.30478311989725,25.34653474306048,33.75767487646205,23.83964507137813,36.59549578541113,25.99793729277373,36.09867237383104,31.95707820327315,33.17834860309684,29.89279189899275,26.5161338683364,39.15957537264187,19.28049828661897,21.35061719171391,36.57598621208707,24.37313583395361,19.29179635795515,27.70663044204261,37.30639007902249,38.88312089695714,35.61282876324186,21.86711456912494,38.36912071203356,34.08288971218292,33.10112103682761,34.99951701480825,34.718697282013,33.39170061155685,28.16769983366999,40.90470496731784,39.87395164924767,21.57063498953819,35.45890533445247,29.31426919854727,35.30812459075514,39.21888849464604,21.5012432559697,32.24571104586018,32.73332583765205,29.02682820877693,34.28619031840612,33.03756693414781,30.02581360318296,36.08702813936208,26.53964555993866,34.96765102341243,25.29875870893223,39.93198803944145,28.62163204241544,30.53582345790822,23.12955365873779,31.5522498003043,25.72632732794668,43.11735348779824,31.81568655894581,32.00321579164304,38.40783267572315,27.41905800003975,33.4482108765949,20.1495268685074,30.41057652162532,41.397207930338,35.37696292824284,29.74498183489699,35.76370323440599,37.84617047360236,30.27734901372856
52,30.4337443539652,36.53371173725404,34.85615307911385,22.63858717462947,30.44164328627605,32.05031399626261,19.90883690040608,33.72514753524442,38.55617460446562,35.59778159902938,34.1798416197691,32.98462205937636,30.75974993694524,23.92420647391558,24.32191141340136,25.47074008861071,39.24865857872148,24.34016516714476,0,24.74931870156739,38.00237565594883,40.78694836720167,19.99610924066064,38.72186733608342,37.71180207808494,23.09016249863082,30.96168357480795,26.11487317613962,26.75677339708821,37.52098650879307,28.55287096606142,39.38112798597027,31.81567373193321,41.16991197523765,17.4819449651701,34.42369032728732,34.22725115891269,25.60516504519807,29.3942524811564,41.33622953370562,33.42372415895306,26.49570956087988,33.35172283709101,22.93389800171464,35.54977345206608,23.79841669644307,33.933864015414,39.60748485083871,32.16220225277716,25.97063513484359,28.58418750246055,35.16019183019849,32.4644611400411,30.54633222995909,23.976095974529,33.84696303563805,36.4486807809347,19.20694799264234,26.52120544014587,29.35387918092744,29.72293164960722,26.04814059531683,26.87065453698223,36.76239584588123,27.13213135987616,31.09727475172257,33.59114399156442,24.34681809461974,33.89517619114541,36.3632953633238,38.19297410903327,39.60957120256356,24.99375555398346,26.47505956153435,36.08514061528669,29.24172109186879,24.27244761236777,32.12559730979701,29.23077312278779,16.65262676850125,43.49717042754617,21.70243142739044,31.88491305418525,29.00968773974975,35.88453484066059,27.63442453718016,35.04654367899164,40.87721799624217,34.74842171993046,36.3996543670423,28.53400942051772,29.925770037549,27.56511875820237,30.42133945537318,36.63653015487515,32.91801766049265,38.17966878535633,31.16735503777228,38.02278334670717,38.228367077217
55,27.9830552235915,38.10586985115488,34.53738330103258,18.9844607595847,37.10958991714097,30.77910690132159,32.21533960643396,34.27817018701836,33.98917343561342,24.11849903978903,24.09385558621058,29.26809321950842,31.84031558913354,30.57670335684446,29.18059931855293,29.62057749799106,34.8742073179155,32.73417347695891,24.74931870156739,0,35.32377659751836,35.54160406287352,30.01951234356375,31.00882501268221,40.98779985891,27.79167545077548,34.12148594310461,37.2553135118799,16.24641172120901,34.40552639558258,41.36041584536319,29.74076777507956,29.02211213298006,38.15175358673884,30.87737207623241,36.62407625471406,28.127669923373,30.91385877044392,31.38679746667087,28.83332877549132,40.39057178115601,39.11556735304643,39.72401118002126,33.5996536456171,33.68218057557951,20.83611369529826,35.08769753402964,34.2960269461144,30.9724957772971,20.6013691978591,36.39015887748599,29.23894252702247,21.12367960479978,32.46528720588743,30.10843749769651,40.01371054951909,35.53696521564682,21.24437974595033,31.88820052096273,28.88990582901381,29.12470149361872,21.84347755780323,26.35274576463896,40.50696490012281,34.66864872347782,39.07014343544447,37.17650887801604,29.00522023007894,21.05109920233765,35.07040588222631,38.93126098300856,32.96171690343589,27.78097809117151,29.30030737660504,41.20929796822377,40.39860362658743,15.62227009288365,36.18234018037378,35.24193118502307,35.24118353987791,34.26679897234298,31.35181092088358,22.90660437597258,29.49711670151951,42.62662861022145,34.32344707964388,25.22857779745886,44.42207099402184,24.01713437806472,35.27721834977869,25.70488276271886,21.73034679742812,39.43756541226312,25.48999866085877,27.85254798999126,39.017675332396,41.8246517200203,26.33148656708124,35.22868611666802,33.10249822263224
92,37.59847910505608,21.11229659662651,20.70137270077864,32.02727555434058,18.25171209310169,24.07095549476011,29.66424934264009,33.12821033460187,25.16207349529044,30.37734781344796,33.14528167196438,28.18829914414678,33.18743035578075,33.43372702025133,26.29682933555901,33.50907330970539,24.99099930670648,42.26283589874395,38.00237565594883,35.32377659751836,0,27.89355012270808,37.23373577205641,30.74120696141049,30.96804513969789,37.5802846201579,34.64866602994202,38.99668057793172,39.60912320766194,28.38344237076406,35.08275216846835,30.53856718623357,37.89139633339631,27.95623107061073,37.64100849992936,23.35407053092149,33.9735103991957,32.29780664709176,34.62296855699302,28.69909938716347,30.0043688940563,27.53030343077386,30.69969968859744,29.26136553105409,18.04278681385999,41.8231960883661,37.23677435035427,26.1516705761338,35.33816211110673,38.82681466908538,35.35727958218144,32.07208465201992,25.05845318429387,29.22127031114736,37.32051679501374,20.45091747287642,26.07849696859429,32.1416581186996,29.89669922677691,33.04161765450331,35.33724215779488,32.96053506367962,26.54397265279269,24.2168199387247,39.26684594808559,27.61478935301246,25.32320983414989,31.35714305269528,30.25414623007868,38.27168763175086,26.19449716052713,30.5172696250808,39.24973562640298,26.02516084308489,23.8570418813218,31.95045188915041,33.47532830084339,36.00186443145363,25.01783407911295,33.84576171143743,19.39067061293922,31.52931507733989,30.920744159504,38.55969374575266,23.92393171735216,36.34365255088908,18.88852364500316,27.80008202914342,27.59193060816138,21.81872370911198,37.54113123255502,28.35280553416373,40.05723343278829,33.1753114856084,15.35788270722898,30.41389944324279,26.85774394875026,28.60131838478181,29.73951182303833,35.47396397758728
70,26.7195635571706,30.16430362339977,32.0155633089605,40.42651254389532,39.54936825118254,40.89126790962117,32.85821575373753,29.88777343209015,32.593118370371,34.4759265113609,18.62107222195912,40.65697508278743,25.31274120558216,26.56273009326874,39.66792651239011,34.45480870349004,18.53575373015258,35.13115106366877,40.78694836720167,35.54160406287352,27.89355012270808,0,31.15579192532284,31.7550076070221,37.38694999445973,40.25536847950367,34.08584633443082,38.30500652937021,34.47860079465377,24.00695689220944,35.01093661638176,27.1566251097504,20.58932734593689,27.90717686002933,45.21507851204829,36.07666835819087,28.13280380926128,34.14289052832093,35.70117350870395,21.80218457717054,20.29865833525649,40.87985426347409,31.40674409059959,38.94611727250067,34.35431367579264,33.94723489556395,21.74483393946746,29.07794000085392,26.24874679536203,37.47272504624495,29.30311240862504,36.63267707094317,23.46275799392641,41.60486540449807,33.00406260443108,24.30337176647076,23.96520299804733,37.88618545751726,34.26439490487829,38.71281589196313,35.3509875310554,30.66433084262076,30.71045320507479,32.32251076536804,37.3293354881589,37.60399681300704,29.37978651262158,36.97946715526367,30.37557686124875,23.88686488709916,28.45805384450408,22.88654158577505,31.33158404588166,32.73843017924103,34.00185640430651,30.37276247390406,37.72787249999509,37.15459357121091,30.1705071606554,38.65792849301435,16.84966774579933,41.54844109274774,38.35732562215887,39.02022325162568,25.76498916124419,28.72909336219034,32.59781253590935,25.69149746755512,32.20351321113291,28.94584015072627,25.14675195067863,30.63749233691306,32.73374741683918,34.32766675909551,26.15566633868818,28.84956074133964,27.84088423940301,27.91548831126233,21.35669547665151,25.88181031093129
