,0,89,98,27,39,21,80,78,67,60,26,81,41,44,43,72,73,63,52,55,92,70,10,93,85,13,94,42,49,25,22,45,28,34,90,1,96,91,56,16,61,38,77,14,12,7,57,6,18,86,65,75,31,99,29,83,84,71,95,11,47,48,76,88,30,58,15,69,19,62,23,53,50,33,68,54,51,79,97,40,46,20,24,5,9,66,37,87,4,35,8,64,82,17,74,3,2,32,36,59
0,0,35.644,36.955,25.558,34.251,26.720,29.229,41.367,22.234,34.763,38.387,37.394,38.855,41.904,36.699,19.173,28.087,28.976,30.105,32.505,27.287,39.887,19.505,37.388,26.772,22.843,34.112,35.883,25.879,23.578,32.645,27.097,28.043,35.254,16.569,39.348,32.611,34.446,21.165,28.780,21.562,23.272,20.595,32.414,28.599,32.013,31.501,32.504,30.434,31.838,43.401,24.153,26.880,28.680,22.962,27.389,36.947,23.831,32.047,44.108,30.322,18.264,25.515,34.220,28.827,31.081,39.659,20.169,27.983,34.982,28.547,38.192,27.867,33.654,33.331,30.099,27.369,36.031,37.561,32.953,29.265,37.598,38.830,34.874,23.379,37.982,30.682,31.099,38.803,35.051,31.576,34.065,32.686,26.180,34.137,37.468,36.647,26.208,29.766,34.077
89,35.644,0,35.946,42.471,33.370,28.946,27.053,28.301,34.134,43.245,39.613,37.569,29.966,34.200,24.245,35.570,28.074,35.196,24.163,26.373,37.300,24.287,31.879,26.945,23.893,34.630,28.363,41.395,37.729,31.936,35.033,41.201,36.020,41.659,40.913,34.516,33.268,32.857,23.648,37.523,25.667,41.760,37.149,24.289,21.377,29.487,23.747,30.944,36.400,25.380,34.252,30.693,38.052,32.277,30.292,38.151,21.536,20.925,29.890,30.931,25.169,34.950,38.478,24.829,32.817,41.222,35.530,34.943,35.277,30.817,43.495,41.254,42.610,36.323,40.574,43.168,38.646,31.071,23.302,32.095,38.718,21.819,37.564,35.417,31.099,31.925,37.335,30.302,28.090,18.498,28.839,31.673,32.364,38.408,35.620,39.159,20.640,30.660,38.754,34.130
98,36.955,35.946,0,36.522,20.352,21.357,29.153,24.066,40.202,21.972,24.861,40.618,36.503,27.962,40.789,31.557,40.557,36.486,28.608,28.669,31.757,25.530,25.012,29.467,32.922,29.418,30.400,24.229,40.332,46.016,24.743,30.485,30.663,39.960,30.275,20.059,36.598,32.982,39.105,21.029,40.656,40.545,43.780,39.745,34.119,36.007,38.665,34.020,38.023,34.494,25.492,36.213,33.721,25.354,29.157,37.740,30.073,35.226,24.288,33.217,31.680,39.260,36.613,37.442,41.089,33.606,29.723,30.928,35.229,24.365,31.760,33.941,24.702,23.962,23.433,30.880,35.193,34.323,22.747,22.202,22.925,29.740,34.738,41.174,40.910,31.441,25.692,31.381,39.800,39.996,40.757,34.061,38.406,37.846,35.852,33.095,28.926,27.165,26.266,31.183
27,25.558,42.471,36.522,0,41.215,38.305,40.270,39.356,22.492,25.639,31.241,33.291,25.426,37.680,34.972,22.131,35.937,24.727,42.618,32.485,17.188,37.963,34.473,39.208,30.941,27.321,41.701,24.535,32.225,28.137,30.974,29.923,34.013,21.717,28.284,32.832,34.677,42.848,34.736,32.384,37.354,24.403,19.769,29.758,38.333,36.889,36.038,32.749,26.115,37.275,30.825,20.561,35.467,31.878,28.854,22.111,36.200,37.568,24.887,40.847,32.592,34.017,29.195,43.706,24.869,28.609,39.441,27.287,37.255,36.109,29.605,26.197,18.194,28.976,36.823,28.122,24.690,26.246,41.903,33.388,32.554,38.997,29.780,31.391,33.903,38.304,21.570,28.174,33.674,34.417,37.562,28.706,34.960,26.485,26.416,34.814,34.660,38.097,31.678,26.385
39,34.251,33.370,20.352,41.215,0,21.802,21.118,32.101,41.722,27.354,25.645,40.135,40.818,26.683,39.676,35.776,39.661,39.347,26.072,36.899,38.137,24.220,24.376,24.285,36.210,37.733,26.016,31.045,30.970,40.787,35.215,27.854,28.506,40.963,31.273,31.561,34.427,27.513,35.832,23.532,35.202,36.803,40.030,39.840,30.439,28.276,38.009,40.645,41.336,29.692,33.371,42.062,21.303,21.177,32.052,32.446,33.691,27.100,34.260,27.607,25.536,34.530,34.439,24.399,42.235,38.282,31.023,27.046,28.833,32.947,26.657,33.409,34.145,21.771,21.352,33.474,30.986,40.932,24.098,33.565,24.991,28.699,30.925,35.976,30.712,30.620,35.565,31.984,41.508,35.247,29.644,34.664,26.714,36.099,35.493,31.020,31.991,26.220,17.240,31.351
21,26.720,28.946,21.357,38.305,21.802,0,16.850,30.171,36.979,35.351,34.086,41.548,40.880,34.354,38.946,31.332,32.738,32.323,23.463,24.303,32.734,28.458,18.621,34.328,28.729,26.563,26.156,31.407,37.473,40.255,31.156,33.947,34.479,45.215,25.147,30.164,27.841,30.637,23.965,18.536,30.664,35.701,37.155,39.668,25.313,29.888,37.886,32.858,40.787,32.598,37.604,30.373,27.157,25.882,24.007,39.020,25.765,22.887,28.850,40.657,29.078,26.249,37.728,32.204,35.011,34.264,34.455,23.887,35.542,30.710,31.755,41.605,29.303,27.907,30.376,33.004,36.633,38.658,27.915,20.299,21.745,27.894,37.387,40.891,34.476,29.380,34.143,25.691,39.549,36.077,32.593,37.329,38.357,35.131,34.002,40.427,32.016,20.589,28.133,38.713
80,29.229,27.053,29.153,40.270,21.118,16.850,0,34.415,34.454,37.299,36.770,39.159,39.423,28.264,37.854,37.238,29.805,27.272,23.950,26.799,40.013,29.784,24.760,35.742,36.394,33.688,17.847,33.467,35.649,37.969,40.454,38.669,37.809,44.187,30.572,30.204,25.421,28.943,20.666,18.528,30.284,32.006,33.509,35.795,30.615,30.344,38.071,36.596,43.497,23.584,38.566,33.871,20.307,29.678,24.651,37.530,29.053,21.923,34.094,36.648,24.229,27.415,34.504,26.367,36.853,33.722,38.017,29.330,34.267,33.554,25.364,36.421,35.126,25.411,28.815,36.969,30.903,42.513,32.281,30.948,31.418,19.391,33.775,31.076,25.819,29.089,37.141,25.742,33.292,30.122,22.534,41.600,31.514,39.932,28.330,38.003,29.918,31.607,28.421,37.526
78,41.367,28.301,24.066,39.356,32.101,30.171,34.415,0,38.409,32.357,26.006,26.824,28.170,23.541,24.927,37.697,29.679,37.433,26.849,23.258,34.147,24.841,35.358,28.614,31.041,28.469,27.128,27.297,38.634,40.381,21.107,34.341,36.866,34.004,35.479,25.147,30.890,24.933,36.422,31.250,34.322,39.208,44.074,33.255,27.849,30.775,30.062,19.672,29.231,35.118,21.573,33.748,38.723,37.580,38.323,41.369,20.883,38.916,30.400,28.281,38.376,36.674,38.292,32.143,33.364,29.162,16.707,39.357,35.242,22.396,40.703,34.227,30.452,36.006,32.127,28.132,43.262,22.429,20.580,19.728,28.401,25.018,34.678,36.878,43.749,19.791,31.328,35.024,28.432,33.728,37.247,32.984,37.927,34.968,33.098,28.463,29.534,29.345,33.403,36.240
67,22.234,34.134,40.202,22.492,41.722,36.979,34.454,38.409,0,33.388,41.256,31.292,28.208,36.565,32.077,22.724,22.461,20.166,31.348,27.577,31.766,42.178,29.191,39.473,31.572,22.245,31.488,35.705,32.549,23.652,33.285,35.316,31.722,27.898,27.389,31.716,36.205,36.066,25.281,32.544,26.328,25.097,22.119,18.202,37.187,40.154,25.097,26.596,24.347,23.661,37.192,21.366,35.608,37.548,22.945,30.117,37.792,33.515,29.476,40.180,31.738,30.386,18.021,37.839,30.434,24.588,40.779,35.186,29.005,27.667,30.125,30.031,29.504,36.387,33.508,33.764,23.795,30.082,38.468,36.108,40.647,31.357,39.318,24.903,24.168,39.381,22.371,34.896,24.355,30.754,34.260,36.784,32.797,35.308,30.232,32.076,28.950,38.949,38.303,28.900
60,34.763,43.245,21.972,25.639,27.354,35.351,37.299,32.357,33.388,0,20.680,34.658,31.343,27.167,39.446,27.252,41.193,34.724,35.726,36.706,29.104,32.552,30.126,29.336,36.782,31.684,35.201,21.532,32.121,38.951,26.992,22.573,24.940,25.596,28.932,24.472,40.379,35.108,43.444,27.093,41.152,32.733,36.452,34.511,40.244,37.964,36.211,35.990,29.723,33.216,23.269,36.886,32.131,27.089,32.002,25.738,39.210,40.242,27.312,29.063,31.972,40.619,26.035,38.591,39.887,29.649,31.215,31.853,29.125,27.622,24.416,19.782,20.911,23.073,19.647,26.167,23.988,31.135,30.857,34.059,28.824,35.337,29.775,32.512,35.604,36.167,18.588,35.532,37.609,39.334,39.950,30.457,30.324,33.392,33.020,22.517,31.663,35.121,22.529,20.412
26,38.387,39.613,24.861,31.241,25.645,34.086,36.770,26.006,41.256,20.680,0,28.352,29.631,23.906,30.778,35.997,40.230,39.530,38.030,37.056,27.366,22.411,36.998,25.001,34.825,36.870,35.795,17.523,27.839,36.889,27.852,22.168,32.945,25.216,33.295,32.167,30.963,30.826,42.133,30.582,39.459,32.020,36.797,38.468,31.284,23.942,38.021,34.675,30.962,39.793,20.272,37.850,28.967,27.957,40.829,26.537,29.803,38.491,32.429,24.173,33.945,36.499,37.037,31.650,32.009,33.258,20.186,29.008,34.121,35.644,31.516,24.321,24.940,24.460,29.324,21.743,34.709,27.001,29.481,30.241,20.117,34.649,19.308,33.934,39.906,23.603,32.436,30.882,37.744,34.694,32.976,24.896,28.339,24.407,28.894,25.031,36.352,30.218,15.837,29.130
81,37.394,37.569,40.618,33.291,40.135,41.548,39.159,26.824,31.292,34.658,28.352,0,27.458,24.784,19.314,40.232,22.341,34.386,35.212,32.994,36.658,36.886,42.214,35.982,39.152,32.658,29.439,28.622,26.665,28.004,32.185,31.942,39.932,19.553,33.177,36.826,26.987,23.009,35.400,35.906,29.774,23.202,33.017,30.470,33.403,28.581,30.446,21.764,21.702,35.822,30.720,34.554,32.765,44.627,44.124,34.444,32.573,43.115,41.350,30.546,42.330,29.731,31.025,29.963,26.868,21.406,20.853,41.155,31.352,33.850,34.944,25.978,31.486,40.060,34.239,21.025,38.792,24.608,36.879,34.409,34.281,31.529,30.658,23.299,37.386,20.686,36.126,39.056,23.657,32.540,29.150,36.474,30.211,28.622,26.245,21.032,39.671,38.297,31.914,37.884
41,38.855,29.966,36.503,25.426,40.818,40.880,39.423,28.170,28.208,31.343,29.631,27.458,0,27.982,21.042,33.293,32.955,27.784,39.464,27.735,26.630,26.818,41.293,31.323,29.782,34.190,36.820,27.455,36.496,29.782,31.694,37.845,38.137,21.706,41.341,27.695,33.127,39.517,35.412,37.862,37.483,34.381,29.806,19.117,34.560,33.601,28.848,28.737,26.496,31.799,17.048,24.956,40.514,35.213,34.230,28.484,25.495,37.254,23.719,27.420,29.425,40.905,34.909,36.920,25.120,33.055,33.591,36.847,39.116,32.079,38.476,23.700,31.013,30.741,40.037,35.309,31.588,16.203,33.644,33.089,38.687,27.530,25.040,26.366,36.256,31.464,26.315,27.731,19.249,20.509,33.374,25.112,31.330,33.178,23.829,31.556,23.029,40.967,36.362,23.965
44,41.904,34.200,27.962,37.680,26.683,34.354,28.264,23.541,36.565,27.167,23.906,24.784,27.982,0,30.339,42.358,32.069,30.933,31.602,30.034,40.219,26.901,38.274,31.611,42.282,37.315,20.372,22.736,34.643,39.720,36.038,35.977,39.084,30.191,37.090,22.773,28.289,25.179,37.272,25.521,38.457,31.610,38.538,32.464,37.455,31.777,36.497,31.892,35.550,27.419,21.616,38.909,27.776,37.072,37.699,35.585,29.858,39.553,35.485,21.486,32.649,38.038,32.861,28.388,37.157,26.718,25.773,39.997,33.682,29.527,26.647,19.102,31.636,26.263,24.483,29.596,32.337,32.821,30.595,32.992,33.626,18.043,24.372,21.703,35.272,21.066,32.683,32.887,23.740,30.445,27.389,38.399,27.680,39.160,22.691,22.017,29.867,39.769,26.668,31.929
43,36.699,24.245,40.789,34.972,39.676,38.946,37.854,24.927,32.077,39.446,30.778,19.314,21.042,30.339,0,37.050,23.933,36.125,33.305,30.604,32.030,27.880,40.593,27.995,27.601,34.082,32.951,34.363,28.376,22.496,30.723,34.365,37.704,25.235,38.772,38.312,28.172,28.771,30.484,40.799,25.371,32.219,31.827,23.413,22.593,22.760,22.481,23.153,22.934,33.946,28.722,29.665,37.167,38.674,40.806,32.139,23.131,33.841,35.116,26.997,35.037,31.516,36.097,25.467,21.363,33.551,24.353,36.758,33.600,34.318,42.586,32.917,37.027,39.302,41.263,31.615,39.885,17.829,30.193,32.821,35.457,29.261,29.944,28.692,35.313,23.495,37.069,33.483,23.073,20.307,27.017,26.449,28.547,26.516,29.310,29.712,31.736,33.406,34.909,34.116
72,19.173,35.570,31.557,22.131,35.776,31.332,37.238,37.697,22.724,27.252,35.997,40.232,33.293,42.358,37.050,0,34.985,32.935,31.210,32.766,21.272,37.222,19.441,31.452,20.226,20.820,39.248,35.370,31.827,28.587,23.285,24.948,18.893,32.090,23.821,33.649,41.928,39.280,32.249,33.523,29.286,33.967,29.115,27.827,31.656,38.104,26.251,31.687,24.994,32.120,35.949,24.307,37.657,24.632,20.901,25.966,37.558,29.043,21.453,40.168,29.313,33.091,24.646,39.515,33.551,34.326,38.864,24.438,27.781,27.420,34.601,36.265,26.045,33.171,32.634,33.028,26.546,28.840,30.986,32.085,31.877,39.250,40.449,38.902,30.021,42.683,18.601,34.096,39.144,36.064,41.243,26.252,34.925,29.027,39.158,35.112,29.273,27.015,33.155,23.929
73,28.087,28.074,40.557,35.937,39.661,32.738,29.805,29.679,22.461,41.193,40.230,22.341,32.955,32.069,23.933,34.985,0,27.619,23.844,23.610,38.526,39.740,32.475,39.078,33.587,23.522,21.541,36.802,31.478,26.277,32.976,37.214,38.328,33.307,27.950,35.508,26.431,22.494,19.622,31.864,17.468,25.366,30.770,26.096,29.028,32.279,24.981,17.010,26.475,27.367,39.374,27.208,32.629,43.384,33.504,39.376,30.669,33.773,38.325,38.791,38.397,21.283,27.727,28.901,27.897,21.628,30.936,38.970,29.300,28.356,35.260,36.266,34.351,42.018,34.676,29.658,37.742,30.667,34.941,30.716,36.821,26.025,40.304,26.829,30.436,26.782,35.006,36.997,21.770,30.665,28.079,41.029,34.415,34.286,30.014,31.126,34.680,34.037,37.839,40.557
63,28.976,35.196,36.486,24.727,39.347,32.323,27.272,37.433,20.166,34.724,39.530,34.386,27.784,30.933,36.125,32.935,27.619,0,36.477,20.498,32.939,37.977,33.964,44.573,37.333,28.073,29.027,27.784,40.052,34.383,39.470,42.670,42.596,34.280,31.925,24.957,27.124,39.491,23.669,23.694,36.205,25.536,23.439,27.809,40.317,39.470,38.236,31.322,36.762,26.937,33.962,20.121,32.124,37.714,22.028,34.984,31.625,34.447,27.816,42.267,29.564,32.464,30.848,40.913,29.084,24.500,43.229,34.728,40.507,33.146,25.476,28.493,26.494,28.156,35.509,35.442,25.843,34.953,42.549,31.535,38.575,24.217,32.629,24.450,30.080,34.383,27.125,24.069,22.201,30.002,30.700,41.447,37.168,39.874,18.139,38.525,29.034,42.878,37.130,34.051
52,30.105,24.163,28.608,42.618,26.072,23.463,23.950,26.849,31.348,35.726,38.030,35.212,39.464,31.602,33.305,31.210,23.844,36.477,0,28.116,40.940,34.186,19.094,28.712,30.797,25.419,17.655,39.551,33.501,35.595,28.595,32.409,26.569,41.153,27.447,31.120,36.497,19.417,27.129,28.551,20.961,37.107,40.872,30.384,26.880,34.348,23.249,26.544,32.464,21.912,38.260,36.116,32.052,33.897,28.408,40.107,33.176,27.789,34.606,33.270,32.766,29.423,26.833,24.415,40.635,31.373,29.809,36.160,21.124,19.022,34.907,39.350,36.946,37.755,24.279,34.332,36.125,36.054,19.465,30.258,33.493,25.058,43.685,35.344,29.397,32.084,32.110,39.485,33.237,34.669,33.706,38.943,32.751,38.883,39.837,29.573,28.290,24.858,33.537,35.576
55,32.505,26.373,28.669,32.485,36.899,24.303,26.799,23.258,27.577,36.706,37.056,32.994,27.735,30.034,30.604,32.766,23.610,20.498,28.116,0,31.243,31.627,30.769,39.602,29.402,20.532,25.596,28.122,42.732,38.032,28.923,41.455,41.092,38.165,31.451,21.012,25.521,33.507,22.816,24.072,32.575,34.081,34.762,29.400,31.470,35.956,33.198,19.913,33.847,30.100,29.843,18.839,37.165,37.492,24.763,41.645,19.781,33.188,23.845,40.299,33.417,31.394,36.158,38.355,27.995,24.969,34.288,35.682,40.014,24.327,35.789,36.175,26.566,33.170,35.813,33.139,37.545,28.154,32.108,16.456,32.660,20.451,36.890,34.115,38.153,27.052,27.450,25.685,22.831,30.972,34.894,38.439,41.747,38.369,26.036,38.386,25.810,33.787,38.443,37.580
92,27.287,37.300,31.757,17.188,38.137,32.734,40.013,34.147,31.766,29.104,27.366,36.658,26.630,40.219,32.030,21.272,38.526,32.939,40.940,31.243,0,29.818,32.576,33.172,19.902,27.333,43.918,25.656,33.384,30.277,24.293,27.579,32.655,28.355,30.206,34.966,33.530,42.557,34.455,34.515,36.165,32.622,26.970,33.481,28.828,30.451,34.992,31.849,27.565,41.687,28.812,19.846,37.871,25.506,30.647,24.820,28.120,32.646,20.079,39.779,31.598,33.482,37.515,41.627,21.391,35.637,35.045,20.363,39.438,36.537,37.875,34.746,20.647,29.392,40.553,29.027,33.593,21.610,35.389,26.068,24.759,40.057,29.769,40.119,38.925,35.259,26.184,24.163,38.632,33.186,38.832,18.933,37.406,20.150,31.381,38.922,33.682,28.359,30.275,28.678
70,39.887,24.287,25.530,37.963,24.220,28.458,29.784,24.841,42.178,32.552,22.411,36.886,26.818,26.901,27.880,37.222,39.740,37.977,34.186,31.627,29.818,0,35.479,20.386,27.507,39.464,33.923,28.390,35.492,37.525,32.609,34.337,35.755,36.473,41.102,30.726,30.434,35.225,35.391,33.287,37.632,40.662,37.996,33.707,24.338,22.596,34.959,36.800,38.193,34.392,21.205,34.677,33.315,22.617,35.162,31.127,18.223,27.228,26.114,22.794,23.089,39.062,42.599,27.651,31.820,41.896,29.156,28.048,38.931,35.498,38.688,33.264,35.077,22.963,37.018,36.872,36.471,28.632,22.967,28.998,27.916,26.194,22.186,36.450,37.260,26.048,35.685,22.607,34.556,23.010,29.294,22.666,29.437,32.246,30.175,35.805,24.999,29.232,26.363,28.765
10,19.505,31.879,25.012,34.473,24.376,18.621,24.760,35.358,29.191,30.126,36.998,42.214,41.293,38.274,40.593,19.441,32.475,33.964,19.094,30.769,32.576,35.479,0,31.008,26.655,22.284,28.699,36.720,32.656,35.147,27.736,27.069,20.514,41.222,19.596,31.704,38.544,31.029,27.550,24.529,26.007,34.934,35.163,33.919,29.157,35.995,29.876,33.205,34.180,26.879,39.903,31.619,29.805,23.684,18.514,33.606,36.450,23.344,28.018,39.542,27.983,28.420,25.720,32.727,39.475,33.701,36.975,24.850,24.094,24.751,29.779,39.487,29.972,31.254,24.307,33.555,29.024,38.011,25.961,29.663,28.314,33.145,42.395,39.260,27.130,38.670,26.522,34.466,40.723,37.947,36.974,35.187,34.281,34.853,39.949,35.070,29.878,21.199,29.340,31.224
93,37.388,26.945,29.467,39.208,24.285,34.328,35.742,28.614,39.473,29.336,25.001,35.982,31.323,31.611,27.995,31.452,39.078,44.573,28.712,39.602,33.172,20.386,31.008,0,26.138,38.422,35.010,36.655,27.246,32.120,28.363,24.607,21.184,32.606,38.316,36.280,40.821,30.714,39.453,39.139,31.405,41.302,39.798,29.784,24.254,26.503,24.203,36.695,30.421,31.155,27.458,40.132,35.012,22.463,36.931,26.606,31.997,28.310,31.090,16.552,26.218,39.519,33.893,22.417,38.243,42.750,26.647,30.597,25.490,31.158,39.759,33.495,38.743,31.285,31.758,36.183,33.949,28.478,15.090,36.979,31.791,33.175,31.712,36.564,32.342,33.857,33.402,36.418,38.285,27.700,33.557,19.146,22.196,30.411,39.990,27.103,26.699,25.826,26.080,22.586
85,26.772,23.893,32.922,30.941,36.210,28.729,36.394,31.041,31.572,36.782,34.825,39.152,29.782,42.282,27.601,20.226,33.587,37.333,30.797,29.402,19.902,27.507,26.655,26.138,0,26.191,39.784,37.301,33.806,27.741,22.668,30.356,27.573,35.977,32.776,37.088,36.793,38.299,28.587,38.301,26.475,39.312,32.609,28.082,18.047,29.276,23.847,29.052,27.634,35.872,33.569,22.544,40.409,24.786,28.045,30.592,25.181,23.073,21.393,37.283,28.562,32.312,36.876,34.456,26.494,40.306,34.390,23.834,34.323,31.400,43.961,42.075,32.864,35.752,41.331,36.302,37.328,22.856,25.235,26.800,29.873,36.344,37.961,42.325,35.197,36.443,29.877,29.178,37.544,28.320,37.684,18.778,36.074,25.726,38.740,39.894,27.303,20.718,35.291,29.907
13,22.843,34.630,29.418,27.321,37.733,26.563,33.688,28.469,22.245,31.684,36.870,32.658,34.190,37.315,34.082,20.820,23.522,28.073,25.419,20.532,27.333,39.464,22.284,38.422,26.191,0,30.570,31.202,36.228,33.547,19.011,30.666,30.634,34.114,17.873,28.494,33.871,31.005,27.181,26.515,26.660,30.415,33.671,30.915,31.145,37.952,28.253,16.792,23.924,33.008,35.822,20.929,37.115,36.269,24.859,37.900,32.101,35.047,26.680,43.354,38.127,26.484,26.993,39.769,30.620,21.041,32.252,32.560,30.577,20.393,34.432,37.624,21.121,37.983,30.664,25.573,35.690,27.418,31.612,20.373,28.923,33.434,42.885,37.720,36.547,33.643,21.636,35.159,32.598,39.179,40.583,36.395,41.261,31.942,35.088,33.722,32.829,27.006,36.050,35.877
94,34.112,28.363,30.400,41.701,26.016,26.156,17.847,27.128,31.488,35.201,35.795,29.439,36.820,20.372,32.951,39.248,21.541,29.027,17.655,25.596,43.918,33.923,28.699,35.010,39.784,30.570,0,33.283,34.456,37.531,36.387,37.456,36.676,38.845,30.159,26.921,28.102,17.750,26.292,21.829,27.739,30.708,37.984,31.694,33.367,33.462,32.036,28.167,36.637,19.870,35.490,36.755,25.216,38.365,31.185,40.560,31.699,32.632,37.821,31.716,32.924,29.179,28.231,24.310,38.847,24.839,30.288,39.120,27.853,25.007,26.798,31.843,35.159,33.172,22.549,32.241,33.663,38.412,29.161,31.502,34.827,15.358,36.883,25.404,28.882,24.991,34.587,35.707,25.500,32.426,25.982,43.929,30.757,41.397,29.511,27.553,30.297,34.614,31.340,37.747
42,35.883,41.395,24.229,24.535,31.045,31.407,33.467,27.297,35.705,21.532,17.523,28.622,27.455,22.736,34.363,35.370,36.802,27.784,39.551,28.122,25.656,28.390,36.720,36.655,37.301,31.202,33.283,0,35.186,39.407,30.024,30.887,39.500,26.992,30.056,24.119,24.996,34.581,37.608,21.642,41.743,27.010,32.697,37.953,36.851,30.953,42.062,31.238,33.352,38.536,20.823,30.032,29.102,32.620,35.021,31.255,27.886,40.424,28.372,34.066,34.736,34.680,36.397,39.158,28.580,24.459,28.217,30.522,39.724,33.986,25.764,22.153,14.383,21.625,29.880,20.800,32.411,28.443,36.596,24.259,22.423,30.700,20.728,31.167,40.591,23.422,27.660,24.803,32.324,36.045,33.827,33.127,35.480,29.893,19.255,30.426,35.395,35.742,23.086,32.456
49,25.879,37.729,40.332,32.225,30.970,37.473,35.649,38.634,32.549,32.121,27.839,26.665,36.496,34.643,28.376,31.827,31.478,40.052,33.501,42.732,33.384,35.492,32.656,27.246,33.806,36.228,34.456,35.186,0,18.519,34.807,17.827,26.645,24.805,27.509,44.509,33.396,26.246,33.838,36.804,23.145,22.361,26.215,33.003,27.259,21.869,29.240,35.594,25.971,34.247,38.874,37.929,22.730,31.298,39.693,19.816,38.970,31.086,41.243,30.105,33.440,24.517,26.342,21.639,30.878,34.249,28.700,27.160,20.601,39.386,30.339,30.520,34.635,34.935,31.363,25.536,30.121,33.274,34.694,40.962,29.712,38.827,30.299,28.406,24.611,31.819,37.853,37.779,38.478,31.959,24.745,28.770,17.162,19.292,34.142,24.543,40.598,29.044,20.454,31.518
25,23.578,31.936,46.016,28.137,40.787,40.255,37.969,40.381,23.652,38.951,36.889,28.004,29.782,39.720,22.496,28.587,26.277,34.383,35.595,38.032,30.277,37.525,35.147,32.120,27.741,33.547,37.531,39.407,18.519,0,36.003,29.415,31.379,24.823,32.391,44.708,33.658,34.186,27.034,41.374,19.524,24.541,18.358,23.131,26.770,26.847,23.259,32.051,23.090,32.236,39.767,28.450,32.430,34.790,35.690,21.768,35.941,28.480,37.120,35.274,31.612,25.775,27.680,27.809,23.402,35.493,36.180,29.596,27.792,39.334,36.962,33.983,36.986,38.856,40.564,33.247,30.531,28.329,37.877,40.900,37.582,37.580,33.721,27.496,23.087,35.968,36.183,34.989,31.878,24.398,26.049,27.455,23.564,22.537,32.674,32.553,36.068,33.779,33.150,31.151
22,32.645,35.033,24.743,30.974,35.215,31.156,40.454,21.107,33.285,26.992,27.852,32.185,31.694,36.038,30.723,23.285,32.976,39.470,28.595,28.923,24.293,32.609,27.736,28.363,22.668,19.011,36.387,30.024,34.807,36.003,0,23.865,25.748,30.738,26.624,30.385,38.730,30.965,38.040,33.781,31.650,37.837,40.658,33.182,27.786,34.603,26.277,20.401,19.996,38.416,28.014,29.650,41.092,32.760,34.123,35.734,30.616,38.051,25.836,35.542,39.240,34.707,32.502,38.098,33.076,29.866,22.792,33.061,30.020,20.970,40.775,36.944,24.000,37.967,31.536,24.539,39.934,19.589,22.559,21.370,25.077,37.234,40.083,42.106,42.415,32.269,23.061,38.049,37.282,39.489,43.955,26.787,39.441,27.735,39.729,29.432,32.650,22.373,32.843,31.826
45,27.097,41.201,30.485,29.923,27.854,33.947,38.669,34.341,35.316,22.573,22.168,31.942,37.845,35.977,34.365,24.948,37.214,42.670,32.409,41.455,27.579,34.337,27.069,24.607,30.356,30.666,37.456,30.887,17.827,29.415,23.865,0,18.568,26.462,22.428,39.622,38.608,28.533,39.705,33.828,29.702,29.541,34.108,37.013,28.838,27.940,30.787,33.971,23.798,38.079,34.669,37.816,28.861,26.564,37.529,22.980,39.302,34.792,35.418,31.838,35.762,30.009,27.094,30.578,35.161,33.437,25.080,25.161,20.836,33.383,31.624,31.953,27.124,33.190,26.109,20.812,31.987,30.547,29.095,34.967,22.008,41.823,33.924,37.223,33.374,34.121,30.558,39.036,43.444,39.491,36.542,25.418,27.005,19.280,38.940,23.818,39.615,22.396,18.407,28.746
28,28.043,36.020,30.663,34.013,28.506,34.479,37.809,36.866,31.722,24.940,32.945,39.932,38.137,39.084,37.704,18.893,38.328,42.596,26.569,41.092,32.655,35.755,20.514,21.184,27.573,30.634,36.676,39.500,26.645,31.379,25.748,18.568,0,33.123,28.262,36.869,46.607,33.002,39.282,36.846,29.097,38.176,37.577,30.502,31.864,36.839,23.432,36.512,26.757,29.790,36.440,38.550,35.590,24.006,30.331,26.066,42.285,30.820,31.129,31.087,30.282,37.169,22.242,31.723,42.379,38.652,34.099,29.777,16.246,26.794,35.034,35.228,34.499,34.763,25.560,34.294,27.956,33.461,23.323,39.077,33.479,39.609,41.250,38.551,28.452,42.716,25.673,41.942,42.601,37.725,40.530,27.065,27.497,31.974,44.567,26.977,30.902,25.947,28.792,21.848
34,35.254,41.659,39.960,21.717,40.963,45.215,44.187,34.004,27.898,25.596,25.216,19.553,21.706,30.191,25.235,32.090,33.307,34.280,41.153,38.165,28.355,36.473,41.222,32.606,35.977,34.114,38.845,26.992,24.805,24.823,30.738,26.462,33.123,0,34.160,36.175,35.952,34.716,40.646,38.804,35.262,24.987,27.754,26.723,37.397,32.885,30.060,30.079,17.482,36.380,26.254,32.709,35.702,37.977,40.707,22.135,37.574,42.762,34.865,28.951,37.386,36.624,27.085,36.016,28.050,27.863,29.024,36.537,30.877,35.211,33.218,18.582,27.747,34.889,34.526,24.548,29.831,20.975,38.052,38.859,35.662,37.641,26.933,24.365,34.936,32.745,28.114,37.470,28.993,32.058,34.435,27.475,26.707,25.347,28.224,21.034,36.547,40.081,29.953,25.985
90,16.569,40.913,30.275,28.284,31.273,25.147,30.572,35.479,27.389,28.932,33.295,33.177,41.341,37.090,38.772,23.821,27.950,31.925,27.447,31.451,30.206,41.102,19.596,38.316,32.776,17.873,30.159,30.056,27.509,32.391,26.624,22.428,28.262,34.160,0,35.181,32.153,27.339,28.999,22.334,26.083,22.605,30.675,37.942,31.870,33.746,34.517,27.798,28.534,34.920,40.847,29.887,25.913,33.136,28.760,33.194,38.064,33.721,34.791,43.345,37.894,19.193,24.503,35.802,33.266,22.260,32.016,26.581,25.705,29.722,25.341,35.971,20.743,34.692,24.620,19.440,32.074,35.774,35.434,27.753,22.693,37.541,39.980,36.292,32.009,33.158,28.631,36.128,39.803,42.346,36.038,38.178,36.146,27.419,34.882,31.316,40.282,24.513,26.275,37.270
1,39.348,34.516,20.059,32.832,31.561,30.164,30.204,25.147,31.716,24.472,32.167,36.826,27.695,22.773,38.312,33.649,35.508,24.957,31.120,21.012,34.966,30.726,31.704,36.280,37.088,28.494,26.921,24.119,44.509,44.708,30.385,39.622,36.869,36.175,35.181,0,36.079,36.218,36.809,22.241,42.143,38.413,40.433,30.957,41.067,42.282,36.707,30.386,36.534,27.108,21.260,31.229,37.708,34.363,25.524,39.273,30.470,39.291,21.799,33.437,31.112,42.534,32.686,41.011,39.765,27.401,35.542,39.168,38.106,20.030,30.082,26.863,25.692,25.677,26.394,35.025,30.770,31.966,29.932,26.343,35.549,21.112,34.559,32.393,38.770,33.216,19.317,30.906,26.762,35.439,39.851,38.856,38.961,44.000,28.889,32.098,21.438,39.568,35.205,28.884
96,32.611,33.268,36.598,34.677,34.427,27.841,25.421,30.890,36.205,40.379,30.963,26.987,33.127,28.289,28.172,41.928,26.431,27.124,36.497,25.521,33.530,30.434,38.544,40.821,36.793,33.871,28.102,24.996,33.396,33.658,38.730,38.608,46.607,35.952,32.153,36.079,0,30.174,23.314,25.855,32.252,23.533,28.483,38.321,28.342,21.550,41.294,29.898,38.180,37.772,35.249,28.192,24.375,38.378,37.399,37.146,21.134,32.918,37.635,39.378,35.538,21.912,41.204,31.151,20.335,28.325,31.198,30.797,41.825,40.835,31.774,34.675,29.731,31.329,39.045,27.461,39.432,34.104,40.149,26.060,26.631,26.858,25.617,30.174,36.727,15.321,41.249,22.211,29.600,29.688,20.513,38.858,35.492,29.745,16.952,38.457,39.357,34.192,29.070,43.330
91,34.446,32.857,32.982,42.848,27.513,30.637,28.943,24.933,36.066,35.108,30.826,23.009,39.517,25.179,28.771,39.280,22.494,39.491,19.417,33.507,42.557,35.225,31.029,30.714,38.299,31.005,17.750,34.581,26.246,34.186,30.965,28.533,33.002,34.716,27.339,36.218,30.174,0,32.413,29.690,23.215,29.851,40.361,35.710,28.078,27.634,29.168,25.459,29.926,30.439,37.153,40.675,26.329,39.776,40.297,39.089,34.088,36.211,42.863,30.002,39.843,25.576,29.162,19.946,37.470,26.061,18.520,38.614,21.730,28.089,32.635,34.494,35.526,39.299,23.878,24.280,39.661,35.013,26.890,32.419,29.650,28.353,38.038,30.721,33.641,21.649,38.259,41.687,32.792,36.726,28.769,40.236,29.386,33.448,35.430,21.436,38.427,28.167,27.585,40.041
56,21.165,23.648,39.105,34.736,35.832,23.965,20.666,36.422,25.281,43.444,42.133,35.400,35.412,37.272,30.484,32.249,19.622,23.669,27.129,22.816,34.455,35.391,27.550,39.453,28.587,27.181,26.292,37.608,33.838,27.034,38.040,39.705,39.282,40.646,28.999,36.809,23.314,32.413,0,28.746,20.448,27.862,24.564,29.421,25.360,29.494,31.646,29.158,36.449,27.553,42.122,21.834,28.799,34.959,24.520,36.529,26.727,20.415,33.269,42.715,28.821,19.116,33.839,29.960,25.523,32.019,39.737,28.769,35.537,35.229,33.840,40.600,35.060,35.237,38.922,36.506,34.233,36.228,36.777,29.830,34.534,26.078,37.675,31.676,25.560,31.130,37.051,25.825,29.202,26.204,23.730,38.758,34.820,34.083,28.385,41.442,31.936,31.036,36.102,39.722
16,28.780,37.523,21.029,32.384,23.532,18.536,18.528,31.250,32.544,27.093,30.582,35.906,37.862,25.521,40.799,33.523,31.864,23.694,28.551,24.072,34.515,33.287,24.529,39.139,38.301,26.515,21.829,21.642,36.804,41.374,33.781,33.828,36.846,38.804,22.334,22.241,25.855,29.690,28.746,0,36.051,27.471,34.055,38.714,36.281,34.642,41.287,32.405,39.249,29.903,33.458,31.286,22.073,31.290,24.803,36.923,31.470,33.195,30.545,39.166,31.376,28.609,31.520,35.779,36.087,23.276,34.365,29.558,34.874,29.185,17.979,30.527,21.172,22.544,21.725,26.975,29.555,39.038,34.608,24.190,24.678,24.991,32.548,32.016,33.328,27.804,28.781,26.893,34.150,38.222,31.606,41.695,36.344,37.443,25.366,33.748,33.405,32.246,25.054,36.251
61,21.562,25.667,40.656,37.354,35.202,30.664,30.284,34.322,26.328,41.152,39.459,29.774,37.483,38.457,25.371,29.286,17.468,36.205,20.961,32.575,36.165,37.632,26.007,31.405,26.475,26.660,27.739,41.743,23.145,19.524,31.650,29.702,29.097,35.262,26.083,42.143,32.252,23.215,20.448,36.051,0,28.751,29.870,27.531,20.193,27.105,19.691,25.692,26.048,28.494,42.990,30.787,30.610,35.891,32.900,33.608,33.515,24.692,38.470,37.130,34.285,18.372,26.999,22.141,29.888,32.421,31.511,31.523,21.843,31.700,37.456,40.552,37.905,41.738,35.004,31.951,36.360,32.508,30.231,34.594,33.935,32.961,41.380,32.774,24.780,32.137,37.166,38.049,33.170,29.953,27.547,34.463,29.037,28.168,37.464,32.302,35.355,24.673,33.781,37.474
38,23.272,41.760,40.545,24.403,36.803,35.701,32.006,39.208,25.097,32.733,32.020,23.202,34.381,31.610,32.219,33.967,25.366,25.536,37.107,34.081,32.622,40.662,34.934,41.302,39.312,30.415,30.708,27.010,22.361,24.541,37.837,29.541,38.176,24.987,22.605,38.413,23.533,29.851,27.862,27.471,28.751,0,18.400,34.035,35.498,29.282,37.229,31.159,29.394,34.194,38.813,29.601,20.623,38.373,35.322,27.379,37.150,36.363,39.651,39.743,36.507,19.768,26.367,33.040,25.234,20.922,34.150,30.376,31.387,39.042,21.187,26.466,25.426,32.748,31.827,21.108,28.267,34.786,43.595,35.908,30.672,34.623,29.195,22.129,27.722,28.710,34.677,32.175,31.294,34.471,24.320,38.685,28.821,25.998,21.575,29.603,41.791,37.068,26.020,37.003
77,20.595,37.149,43.780,19.769,40.030,37.155,33.509,44.074,22.119,36.452,36.797,33.017,29.806,38.538,31.827,29.115,30.770,23.439,40.872,34.762,26.970,37.996,35.163,39.798,32.609,33.671,37.984,32.697,26.215,18.358,40.658,34.108,37.577,27.754,30.675,40.433,28.483,40.361,24.564,34.055,29.870,18.400,0,28.341,33.959,30.417,35.435,36.569,32.126,33.078,39.117,22.930,27.780,32.656,29.643,20.768,35.448,28.852,33.412,40.887,27.858,26.095,30.217,35.546,21.370,33.005,42.581,24.880,36.182,42.450,28.419,30.371,30.493,30.413,40.253,33.458,23.769,33.598,44.399,38.970,35.993,36.002,28.261,25.437,23.067,36.695,33.943,25.419,32.009,26.421,24.702,32.340,28.182,26.540,23.287,38.059,36.316,38.484,31.306,31.628
14,32.414,24.289,39.745,29.758,39.840,39.668,35.795,33.255,18.202,34.511,38.468,30.470,19.117,32.464,23.413,27.827,26.096,27.809,30.384,29.400,33.481,33.707,33.919,29.784,28.082,30.915,31.694,37.953,33.003,23.131,33.182,37.013,30.502,26.723,37.942,30.957,38.321,35.710,29.421,38.714,27.531,34.035,28.341,0,33.330,36.840,16.568,28.318,24.322,19.744,29.846,26.660,39.214,35.107,27.968,28.702,32.854,31.156,27.293,28.812,26.340,37.581,24.403,31.728,31.581,33.326,37.509,37.710,29.181,26.709,37.172,28.545,36.876,35.598,36.346,39.106,26.603,24.343,30.735,38.188,43.343,26.297,35.493,23.668,25.026,37.626,25.355,34.515,18.967,19.662,32.016,29.688,26.947,36.617,31.637,29.657,18.865,39.206,38.931,22.226
12,28.599,21.377,34.119,38.333,30.439,25.313,30.615,27.849,37.187,40.244,31.284,33.403,34.560,37.455,22.593,31.656,29.028,40.317,26.880,31.470,28.828,24.338,29.157,24.254,18.047,31.145,33.367,36.851,27.259,26.770,27.786,28.838,31.864,37.397,31.870,41.067,28.342,28.078,25.360,36.281,20.193,35.498,33.959,33.330,0,16.066,26.550,28.759,30.760,36.279,36.318,30.243,32.323,28.223,35.541,32.913,21.585,21.044,33.060,33.628,31.224,24.054,38.952,22.533,25.214,39.092,26.410,24.374,31.840,35.333,42.132,42.389,36.276,36.569,39.430,32.160,41.165,27.850,24.205,27.065,24.714,33.187,34.561,39.627,34.011,26.161,39.220,29.969,37.409,26.979,28.265,24.531,31.439,22.305,36.307,36.998,33.729,15.230,29.421,36.926
7,32.013,29.487,36.007,36.889,28.276,29.888,30.344,30.775,40.154,37.964,23.942,28.581,33.601,31.777,22.760,38.104,32.279,39.470,34.348,35.956,30.451,22.596,35.995,26.503,29.276,37.952,33.462,30.953,21.869,26.847,34.603,27.940,36.839,32.885,33.746,42.282,21.550,27.634,29.494,34.642,27.105,29.282,30.417,36.840,16.066,0,34.394,33.973,33.725,38.443,34.168,34.449,24.345,29.397,40.611,28.382,23.571,26.371,37.791,29.974,31.399,24.119,40.186,19.966,23.097,37.883,24.755,23.935,34.278,41.640,36.692,35.975,35.009,31.602,38.478,28.257,38.881,30.623,31.477,31.672,22.662,33.128,23.559,33.946,33.522,19.904,42.491,27.148,36.941,25.995,19.815,26.156,25.679,19.050,29.003,34.133,38.322,24.294,21.379,37.207
57,31.501,23.747,38.665,36.038,38.009,37.886,38.071,30.062,25.097,36.211,38.021,30.446,28.848,36.497,22.481,26.251,24.981,38.236,23.249,33.198,34.992,34.959,29.876,24.203,23.847,28.253,32.036,42.062,29.240,23.259,26.277,30.787,23.432,30.060,34.517,36.707,41.294,29.168,31.646,41.287,19.691,37.229,35.435,16.568,26.550,34.394,0,24.868,19.207,25.340,34.534,32.064,40.367,35.373,33.013,32.194,34.521,30.900,32.200,29.129,32.741,34.604,24.765,27.435,34.584,35.151,31.022,37.602,21.244,23.726,41.974,36.195,39.027,41.766,34.846,36.375,34.604,24.110,23.130,36.828,39.872,32.142,41.669,32.592,28.924,37.026,29.265,41.164,28.905,27.494,35.754,28.318,28.565,33.101,40.353,27.287,25.912,30.622,38.045,27.617
6,32.504,30.944,34.020,32.749,40.645,32.858,36.596,19.672,26.596,35.990,34.675,21.764,28.737,31.892,23.153,31.687,17.010,31.322,26.544,19.913,31.849,36.800,33.205,36.695,29.052,16.792,28.167,31.238,35.594,32.051,20.401,33.971,36.512,30.079,27.798,30.386,29.898,25.459,29.158,32.405,25.692,31.159,36.569,28.318,28.759,33.973,24.868,0,19.909,34.167,31.680,24.836,39.219,42.370,35.113,40.449,26.923,39.044,32.267,37.934,41.615,28.212,31.300,35.508,27.006,19.866,23.878,39.245,32.215,21.985,39.557,35.888,27.465,41.921,34.601,24.514,41.446,20.526,30.234,21.510,31.940,29.664,40.234,34.069,39.954,25.317,28.703,37.294,24.630,35.016,37.410,36.120,39.683,31.621,32.440,29.619,33.543,30.726,37.962,38.627
18,30.434,36.400,38.023,26.115,41.336,40.787,43.497,29.231,24.347,29.723,30.962,21.702,26.496,35.550,22.934,24.994,26.475,36.762,32.464,33.847,27.565,38.193,34.180,30.421,27.634,23.924,36.637,33.352,25.971,23.090,19.996,23.798,26.757,17.482,28.534,36.534,38.180,29.926,36.449,39.249,26.048,29.394,32.126,24.322,30.760,33.725,19.207,19.909,0,35.047,31.097,29.242,39.381,38.228,37.521,29.010,35.885,39.610,32.918,32.985,39.607,32.162,24.272,34.748,28.553,26.521,25.471,36.363,24.749,26.871,38.722,30.546,28.584,41.170,33.895,23.976,35.160,16.653,31.167,33.424,33.934,38.002,37.712,32.050,35.598,33.591,25.605,40.877,30.442,34.424,38.556,27.132,31.885,24.340,36.085,22.639,34.856,31.816,34.227,29.354
86,31.838,25.380,34.494,37.275,29.692,32.598,23.584,35.118,23.661,33.216,39.793,35.822,31.799,27.419,33.946,32.120,27.367,26.937,21.912,30.100,41.687,34.392,26.879,31.155,35.872,33.008,19.870,38.536,34.247,32.236,38.416,38.079,29.790,36.380,34.920,27.108,37.772,30.439,27.553,29.903,28.494,34.194,33.078,19.744,36.279,38.443,25.340,34.167,35.047,0,34.758,34.540,30.954,32.977,23.107,33.246,36.398,27.791,31.788,28.975,22.617,36.268,21.348,27.111,40.615,32.666,39.393,37.685,25.229,24.685,28.100,29.105,38.488,30.800,26.103,40.426,22.315,37.313,29.141,39.244,42.321,18.889,37.398,22.286,18.053,37.343,28.370,35.345,24.323,25.772,28.462,38.893,25.031,43.117,32.521,29.055,19.438,38.636,34.983,26.061
65,43.401,34.252,25.492,30.825,33.371,37.604,38.566,21.573,37.192,23.269,20.272,30.720,17.048,21.616,28.722,35.949,39.374,33.962,38.260,29.843,28.812,21.205,39.903,27.458,33.569,35.822,35.490,20.823,38.874,39.767,28.014,34.669,36.440,26.254,40.847,21.260,35.249,37.153,42.122,33.458,42.990,38.813,39.117,29.846,36.318,34.168,34.534,31.680,31.097,34.758,0,33.354,39.335,32.121,36.634,31.893,26.103,40.542,23.509,22.676,31.391,44.482,37.585,37.466,33.557,33.684,27.834,37.185,39.070,29.123,36.692,22.328,27.979,25.834,33.632,32.450,34.086,21.000,27.988,29.571,33.008,27.615,23.702,32.064,41.640,28.760,25.354,29.797,27.873,29.558,37.534,26.364,33.250,35.459,27.575,28.299,24.633,38.372,31.024,24.110
75,24.153,30.693,36.213,20.561,42.062,30.373,33.871,33.748,21.366,36.886,37.850,34.554,24.956,38.909,29.665,24.307,27.208,20.121,36.116,18.839,19.846,34.677,31.619,40.132,22.544,20.929,36.755,30.032,37.929,28.450,29.650,37.816,38.550,32.709,29.887,31.229,28.192,40.675,21.834,31.286,30.787,29.601,22.930,26.660,30.243,34.449,32.064,24.836,29.242,34.540,33.354,0,38.069,33.959,23.446,32.928,24.827,30.325,21.131,43.704,31.273,28.894,34.832,41.202,18.287,29.491,39.328,28.157,40.399,32.693,36.835,36.420,24.483,33.425,41.654,33.193,33.344,24.566,38.066,23.988,33.013,31.950,35.005,34.782,34.819,34.073,26.324,22.459,28.066,28.791,35.073,31.237,39.877,30.026,26.328,41.302,29.434,33.593,38.086,33.856
31,26.880,38.052,33.721,35.467,21.303,27.157,20.307,38.723,35.608,32.131,28.967,32.765,40.514,27.776,37.167,37.657,32.629,32.124,32.052,37.165,37.871,33.315,29.805,35.012,40.409,37.115,25.216,29.102,22.730,32.430,41.092,28.861,35.590,35.702,25.913,37.708,24.375,26.329,28.799,22.073,30.610,20.623,27.780,39.214,32.323,24.345,40.367,39.219,39.381,30.954,39.335,38.069,0,30.006,34.085,28.579,35.922,28.695,40.430,34.501,29.417,22.894,30.983,24.096,34.393,31.286,33.827,25.681,29.741,39.969,17.077,29.793,31.678,24.806,25.959,27.718,27.654,42.070,37.667,36.763,26.478,30.539,26.791,26.671,24.293,27.362,39.183,29.793,37.701,33.705,18.167,38.984,23.532,30.807,26.127,31.176,39.552,32.111,15.925,36.459
99,28.680,32.277,25.354,31.878,21.177,25.882,29.678,37.580,37.548,27.089,27.957,44.627,35.213,37.072,38.674,24.632,43.384,37.714,33.897,37.492,25.506,22.617,23.684,22.463,24.786,36.269,38.365,32.620,31.298,34.790,32.760,26.564,24.006,37.977,33.136,34.363,38.378,39.776,34.959,31.290,35.891,38.373,32.656,35.107,28.223,29.397,35.373,42.370,38.228,32.977,32.121,33.959,30.006,0,25.724,22.444,32.628,20.588,23.380,31.897,16.894,36.833,35.557,32.236,36.451,43.452,38.204,15.418,33.102,36.182,32.519,35.217,32.084,19.293,32.655,37.549,26.255,35.479,27.155,34.246,26.886,35.474,29.607,39.440,29.347,38.634,30.410,25.341,43.262,30.738,33.819,21.918,28.058,30.277,36.452,37.745,27.603,25.261,22.604,22.403
29,22.962,30.292,29.157,28.854,32.052,24.007,24.651,38.323,22.945,32.002,40.829,44.124,34.230,37.699,40.806,20.901,33.504,22.028,28.408,24.763,30.647,35.162,18.514,36.931,28.045,24.859,31.185,35.021,39.693,35.690,34.123,37.529,30.331,40.707,28.760,25.524,37.399,40.297,24.520,24.803,32.900,35.322,29.643,27.968,35.541,40.611,33.013,35.113,37.521,23.107,36.634,23.446,34.085,25.724,0,33.151,34.003,24.073,19.635,41.514,21.475,34.373,28.371,39.103,36.659,34.178,44.666,27.587,34.406,27.304,29.222,36.171,29.567,26.654,31.693,39.834,23.145,37.082,33.258,31.029,36.154,28.383,39.382,35.150,26.098,41.439,22.108,26.821,33.901,32.247,36.420,36.297,36.525,40.041,33.420,40.271,21.887,33.630,35.726,27.825
83,27.389,38.151,37.740,22.111,32.446,39.020,37.530,41.369,30.117,25.738,26.537,34.444,28.484,35.585,32.139,25.966,39.376,34.984,40.107,41.645,24.820,31.127,33.606,26.606,30.592,37.900,40.560,31.255,19.816,21.768,35.734,22.980,26.066,22.135,33.194,39.273,37.146,39.089,36.529,36.923,33.608,27.379,20.768,28.702,32.913,28.382,32.194,40.449,29.010,33.246,31.893,32.928,28.579,22.444,33.151,0,37.919,29.719,30.927,29.303,23.724,34.757,28.218,31.646,30.152,38.383,37.134,22.361,29.497,39.977,29.190,24.710,31.182,25.158,34.479,32.471,19.745,30.573,36.300,41.464,32.821,38.560,23.534,28.378,24.274,38.214,30.364,30.107,37.580,27.426,29.192,20.492,18.450,23.130,30.690,30.098,33.215,34.598,22.590,18.671
