Head,Tail,Difference
0,0,0
0,1,0
0,2,0
0,3,-3.55271e-15
0,4,0
0,5,0
0,6,0
0,7,0
0,8,0
0,9,-7.10543e-15
0,10,0
0,11,0
0,12,0
0,13,0
0,14,0
0,15,0
0,16,0
0,17,0
0,18,0
0,19,0
0,20,0
0,21,0
0,22,0
0,23,0
0,24,0
0,25,0
0,26,0
0,27,0
0,28,-7.10543e-15
0,29,0
0,30,0
0,31,0
0,32,0
0,33,0
0,34,-7.10543e-15
0,35,0
0,36,0
0,37,0
0,38,7.10543e-15
0,39,0
0,40,0
0,41,0
0,42,0
0,43,0
0,44,0
0,45,0
0,46,0
0,47,0
0,48,0
0,49,0
0,50,0
0,51,0
0,52,7.10543e-15
0,53,0
0,54,0
0,55,0
0,56,0
0,57,0
0,58,0
0,59,0
0,60,0
0,61,0
0,62,0
0,63,0
0,64,7.10543e-15
0,65,0
0,66,0
0,67,0
0,68,0
0,69,0
0,70,0
0,71,0
0,72,0
0,73,0
0,74,0
0,75,0
0,76,0
0,77,3.55271e-15
0,78,0
0,79,0
0,80,0
0,81,0
0,82,7.10543e-15
0,83,0
0,84,7.10543e-15
0,85,0
0,86,0
0,87,0
0,88,0
0,89,0
0,90,0
0,91,3.55271e-15
0,92,0
0,93,0
0,94,0
0,95,7.10543e-15
0,96,0
0,97,0
0,98,0
0,99,0
1,0,0
1,1,0
1,2,32.216
1,3,31.4382
1,4,32.5499
1,5,0
1,6,30.9159
1,7,32.6663
1,8,30.9606
1,9,27.3166
1,10,31.9199
1,11,30.5315
1,12,31.7153
1,13,29.7395
1,14,31.4493
1,15,32.3814
1,16,30.9614
1,17,31.9389
1,18,32.0831
1,19,31.4079
1,20,31.3862
1,21,30.8076
1,22,30.0642
1,23,31.3801
1,24,31.6124
1,25,29.9889
1,26,30.9483
1,27,0
1,28,31.8718
1,29,28.5855
1,30,30.5911
1,31,32.3444
1,32,32.154
1,33,30.1058
1,34,31.6873
1,35,32.0765
1,36,30.6104
1,37,30.7504
1,38,29.9433
1,39,30.3341
1,40,33.8905
1,41,30.3218
1,42,31.7286
1,43,31.2496
1,44,28.8586
1,45,30.6906
1,46,30.1291
1,47,28.4123
1,48,31.678
1,49,31.5401
1,50,29.5628
1,51,33.9491
1,52,29.3903
1,53,30.2865
1,54,31.5831
1,55,31.1171
1,56,30.1263
1,57,33.3839
1,58,31.5166
1,59,29.4359
1,60,28.6137
1,61,31.8064
1,62,33.0642
1,63,30.9383
1,64,30.2924
1,65,28.4334
1,66,31.4179
1,67,30.731
1,68,30.5497
1,69,31.7725
1,70,31.2069
1,71,29.9478
1,72,32.849
1,73,27.9371
1,74,33.5821
1,75,30.6385
1,76,33.1807
1,77,30.6866
1,78,30.6529
1,79,31.7804
1,80,31.6859
1,81,30.3082
1,82,29.0037
1,83,32.2293
1,84,28.5367
1,85,31.1498
1,86,30.9049
1,87,29.9419
1,88,29.4751
1,89,-3.55271e-15
1,90,28.7355
1,91,32.1045
1,92,32.1726
1,93,32.0354
1,94,29.5898
1,95,0
1,96,0
1,97,0
1,98,0
1,99,30.4595
2,0,0
2,1,32.216
2,2,0
2,3,30.7981
2,4,32.0209
2,5,0
2,6,32.7315
2,7,32.7599
2,8,30.4796
2,9,28.5887
2,10,30.8145
2,11,34.7171
2,12,30.2607
2,13,29.9799
2,14,30.5906
2,15,34.2947
2,16,32.0234
2,17,30.2654
2,18,32.9995
2,19,31.5331
2,20,32.8338
2,21,29.5154
2,22,28.9253
2,23,30.1594
2,24,30.4778
2,25,30.9082
2,26,28.6151
2,27,0
2,28,31.7434
2,29,33.0116
2,30,33.2564
2,31,32.646
2,32,31.6743
2,33,33.897
2,34,31.9877
2,35,32.5153
2,36,32.7495
2,37,30.4576
2,38,31.7138
2,39,30.1794
2,40,29.4893
2,41,33.6012
2,42,32.6157
2,43,31.9707
2,44,29.9808
2,45,30.6864
2,46,31.3782
2,47,32.6465
2,48,31.5126
2,49,30.5429
2,50,33.1458
2,51,31.0142
2,52,32.0358
2,53,31.5251
2,54,32.3165
2,55,34.185
2,56,30.0383
2,57,31.0452
2,58,30.6861
2,59,30.6358
2,60,29.6835
2,61,33.09
2,62,31.5572
2,63,29.9216
2,64,30.1544
2,65,31.5826
2,66,34.2155
2,67,29.5179
2,68,32.0487
2,69,29.5722
2,70,32.1859
2,71,31.0986
2,72,32.6312
2,73,27.6604
2,74,32.7666
2,75,32.3499
2,76,31.6159
2,77,32.8547
2,78,31.1692
2,79,32.5176
2,80,34.0158
2,81,30.2895
2,82,31.533
2,83,32.8356
2,84,32.3372
2,85,32.3685
2,86,32.063
2,87,30.538
2,88,33.2668
2,89,0
2,90,34.1395
2,91,32.7252
2,92,31.4464
2,93,32.3506
2,94,32.3835
2,95,0
2,96,0
2,97,0
2,98,0
2,99,31.2707
3,0,-3.55271e-15
3,1,31.4382
3,2,30.7981
3,3,0
3,4,33.146
3,5,0
3,6,30.0542
3,7,33.7516
3,8,32.4817
3,9,29.7266
3,10,29.4996
3,11,31.7832
3,12,33.0444
3,13,30.7048
3,14,32.032
3,15,32.5475
3,16,33.1323
3,17,30.9497
3,18,32.3762
3,19,31.8727
3,20,30.688
3,21,30.5531
3,22,31.6624
3,23,30.0767
3,24,31.0231
3,25,32.3435
3,26,32.5154
3,27,0
3,28,33.046
3,29,31.4325
3,30,33.2546
3,31,32.0338
3,32,33.0647
3,33,32.7258
3,34,31.0025
3,35,33.1137
3,36,32.9705
3,37,31.3657
3,38,31.9135
3,39,30.4809
3,40,33.1032
3,41,31.9724
3,42,31.1739
3,43,32.1606
3,44,31.6896
3,45,33.0834
3,46,30.8407
3,47,28.8535
3,48,33.5332
3,49,34.6872
3,50,31.9
3,51,32.5051
3,52,30.2966
3,53,30.4146
3,54,31.3889
3,55,31.3106
3,56,30.5652
3,57,31.6352
3,58,31.2281
3,59,29.7617
3,60,28.8534
3,61,29.939
3,62,31.9353
3,63,32.5627
3,64,31.6723
3,65,30.241
3,66,33.0398
3,67,30.6187
3,68,33.7287
3,69,31.0455
3,70,32.1661
3,71,32.1491
3,72,30.0724
3,73,28.5741
3,74,30.1337
3,75,32.8492
3,76,32.7163
3,77,31.1941
3,78,33.0738
3,79,30.8602
3,80,32.9752
3,81,29.9025
3,82,29.337
3,83,33.6872
3,84,32.6135
3,85,31.6169
3,86,30.71
3,87,30.3969
3,88,29.9921
3,89,-3.55271e-15
3,90,30.8886
3,91,32.4257
3,92,31.8488
3,93,31.9065
3,94,31.5208
3,95,0
3,96,0
3,97,0
3,98,0
3,99,30.7057
4,0,0
4,1,32.5499
4,2,32.0209
4,3,33.146
4,4,0
4,5,0
4,6,29.6847
4,7,32.2445
4,8,31.4609
4,9,28.6956
4,10,31.3495
4,11,32.2603
4,12,31.863
4,13,32.7862
4,14,31.7674
4,15,32.2209
4,16,34.7716
4,17,30.6521
4,18,31.7935
4,19,32.2446
4,20,32.9133
4,21,31.7851
4,22,30.1754
4,23,29.0708
4,24,32.7593
4,25,32.2889
4,26,31.4179
4,27,0
4,28,32.0889
4,29,31.4937
4,30,33.907
4,31,31.2099
4,32,33.0176
4,33,33.1701
4,34,30.4773
4,35,31.2524
4,36,32.0403
4,37,30.6632
4,38,33.5559
4,39,30.6812
4,40,29.7956
4,41,31.2363
4,42,33.2852
4,43,29.5601
4,44,29.0594
4,45,31.712
4,46,29.8417
4,47,30.7072
4,48,33.5806
4,49,31.8991
4,50,32.8135
4,51,34.3903
4,52,29.375
4,53,30.0014
4,54,31.0601
4,55,30.1697
4,56,30.6056
4,57,31.9363
4,58,32.7148
4,59,32.1607
4,60,28.4386
4,61,31.9097
4,62,30.1308
4,63,30.4758
4,64,30.8538
4,65,30.1531
4,66,33.0108
4,67,29.8789
4,68,31.4534
4,69,30.6064
4,70,31.4964
4,71,30.3632
4,72,30.498
4,73,29.0297
4,74,31.577
4,75,32.6609
4,76,34.4582
4,77,31.6767
4,78,30.0172
4,79,32.8234
4,80,31.1202
4,81,27.7362
4,82,29.6805
4,83,31.4377
4,84,31.2674
4,85,31.903
4,86,29.8311
4,87,26.8424
4,88,32.3573
4,89,0
4,90,31.8847
4,91,33.1681
4,92,32.0715
4,93,32.0415
4,94,33.0037
4,95,0
4,96,0
4,97,0
4,98,0
4,99,30.0318
5,0,0
5,1,0
5,2,0
5,3,0
5,4,0
5,5,0
5,6,0
5,7,0
5,8,0
5,9,0
5,10,0
5,11,0
5,12,0
5,13,0
5,14,0
5,15,0
5,16,0
5,17,0
5,18,0
5,19,0
5,20,0
5,21,0
5,22,0
5,23,0
5,24,0
5,25,0
5,26,0
5,27,31.0625
5,28,0
5,29,0
5,30,0
5,31,0
5,32,0
5,33,0
5,34,0
5,35,0
5,36,0
5,37,0
5,38,0
5,39,0
5,40,0
5,41,0
5,42,0
5,43,0
5,44,0
5,45,0
5,46,0
5,47,0
5,48,0
5,49,0
5,50,0
5,51,0
5,52,0
5,53,0
5,54,0
5,55,0
5,56,0
5,57,0
5,58,0
5,59,0
5,60,0
5,61,0
5,62,0
5,63,0
5,64,0
5,65,0
5,66,0
5,67,0
5,68,0
5,69,0
5,70,0
5,71,0
5,72,0
5,73,0
5,74,0
5,75,0
5,76,0
5,77,0
5,78,0
5,79,0
5,80,0
5,81,0
5,82,0
5,83,0
5,84,0
5,85,0
5,86,0
5,87,0
5,88,0
5,89,0
5,90,0
5,91,0
5,92,0
5,93,0
5,94,0
5,95,31.5929
5,96,30.6351
5,97,30.3888
5,98,26.6607
5,99,0
6,0,0
6,1,30.9159
6,2,32.7315
6,3,30.0542
6,4,29.6847
6,5,0
6,6,0
6,7,29.8633
6,8,30.0068
6,9,25.9223
6,10,30.1316
6,11,30.7881
6,12,30.665
6,13,29.2372
6,14,29.1871
6,15,29.9789
6,16,30.5203
6,17,31.3873
6,18,27.0586
6,19,30.1008
6,20,32.7757
6,21,30.5827
6,22,29.8221
6,23,28.7545
6,24,30.3221
6,25,29.2889
6,26,27.4985
6,27,0
6,28,32.6051
6,29,32.738
6,30,30.6061
6,31,30.4616
6,32,32.8114
6,33,31.4349
6,34,28.8642
6,35,31.7085
6,36,30.1025
6,37,29.7064
6,38,28.6798
6,39,27.5446
6,40,29.8468
6,41,29.2861
6,42,30.6531
6,43,29.5339
6,44,28.218
6,45,29.2674
6,46,31.0121
6,47,27.4777
6,48,28.188
6,49,28.8646
6,50,30.4723
6,51,29.5716
6,52,29.8464
6,53,28.3041
6,54,28.245
6,55,29.8026
6,56,27.1822
6,57,28.0338
6,58,29.0172
6,59,31.9564
6,60,25.8846
6,61,31.992
6,62,30.4498
6,63,30.4882
6,64,28.0056
6,65,30.7748
6,66,31.5571
6,67,28.7876
6,68,28.6136
6,69,29.2193
6,70,30.3269
6,71,30.5504
6,72,30.074
6,73,28.2169
6,74,30.5062
6,75,31.0059
6,76,30.5622
6,77,29.1898
6,78,31.4794
6,79,32.5563
6,80,30.5948
6,81,26.4673
6,82,26.9589
6,83,30.0404
6,84,30.2157
6,85,29.0052
6,86,29.4828
6,87,29.0563
6,88,31.8967
6,89,0
6,90,30.2968
6,91,31.807
6,92,31.2218
6,93,29.951
6,94,28.8593
6,95,0
6,96,0
6,97,0
6,98,0
6,99,30.2662
7,0,0
7,1,32.6663
7,2,32.7599
7,3,33.7516
7,4,32.2445
7,5,0
7,6,29.8633
7,7,0
7,8,31.9376
7,9,28.0754
7,10,29.1831
7,11,30.0759
7,12,28.0119
7,13,30.8226
7,14,31.2475
7,15,31.2622
7,16,32.1859
7,17,30.6034
7,18,32.9739
7,19,29.7761
7,20,30.8209
7,21,31.3275
7,22,30.402
7,23,29.1974
7,24,31.1311
7,25,31.4767
7,26,30.7677
7,27,0
7,28,32.6792
7,29,32.8963
7,30,32.1042
7,31,30.7126
7,32,32.3274
7,33,32.6274
7,34,31.1492
7,35,31.2427
7,36,31.0749
7,37,29.214
7,38,31.837
7,39,30.9826
7,40,31.5506
7,41,33.427
7,42,29.5306
7,43,30.6629
7,44,29.212
7,45,31.4036
7,46,29.3764
7,47,28.4942
7,48,31.1449
7,49,31.94
7,50,31.0793
7,51,34.0758
7,52,30.4593
7,53,30.1269
7,54,30.4475
7,55,34.0339
7,56,29.9234
7,57,29.4004
7,58,32.4463
7,59,30.8844
7,60,30.99
7,61,33.0716
7,62,29.9985
7,63,30.6892
7,64,31.1609
7,65,29.8414
7,66,31.5193
7,67,30.2255
7,68,31.4261
7,69,29.58
7,70,30.2569
7,71,30.6533
7,72,31.3193
7,73,28.7193
7,74,32.6289
7,75,30.3865
7,76,32.5728
7,77,31.0565
7,78,28.512
7,79,30.0295
7,80,31.4826
7,81,28.8207
7,82,28.7694
7,83,30.6599
7,84,32.3199
7,85,31.0044
7,86,32.2754
7,87,30.4439
7,88,30.7811
7,89,0
7,90,32.9436
7,91,33.6474
7,92,31.6433
7,93,31.8531
7,94,31.9721
7,95,0
7,96,0
7,97,0
7,98,0
7,99,29.3724
8,0,0
8,1,30.9606
8,2,30.4796
8,3,32.4817
8,4,31.4609
8,5,0
8,6,30.0068
8,7,31.9376
8,8,0
8,9,31.1874
8,10,32.5229
8,11,31.3565
8,12,31.0336
8,13,29.9854
8,14,32.2717
8,15,32.1239
8,16,30.6371
8,17,31.2118
8,18,32.9381
8,19,31.0429
8,20,32.5925
8,21,30.1808
8,22,28.3479
8,23,31.6363
8,24,31.6084
8,25,31.6854
8,26,31.9485
8,27,0
8,28,31.4787
8,29,31.5098
8,30,31.309
8,31,30.8486
8,32,30.973
8,33,30.0798
8,34,31.2678
8,35,31.1437
8,36,32.6222
8,37,30.5266
8,38,33.2744
8,39,30.4182
8,40,31.7234
8,41,30.7415
8,42,31.504
8,43,32.3492
8,44,31.6279
8,45,32.7634
8,46,31.0923
8,47,29.9854
8,48,30.7177
8,49,29.5691
8,50,31.0602
8,51,31.3086
8,52,30.4016
8,53,31.9769
8,54,32.2067
8,55,28.9216
8,56,31.0236
8,57,31.9532
8,58,29.9899
8,59,30.5228
8,60,30.9154
8,61,31.6475
8,62,31.5176
8,63,32.2178
8,64,30.8757
8,65,29.2659
8,66,32.4855
8,67,31.8317
8,68,32.1387
8,69,28.8376
8,70,30.3258
8,71,31.9093
8,72,31.32
8,73,29.4875
8,74,32.6225
8,75,30.724
8,76,31.9924
8,77,30.004
8,78,30.4177
8,79,30.7893
8,80,31.3935
8,81,30.0577
8,82,29.8166
8,83,31.0213
8,84,31.3449
8,85,29.745
8,86,29.0609
8,87,32.2913
8,88,31.9826
8,89,-3.55271e-15
8,90,31.9424
8,91,30.7397
8,92,30.6365
8,93,32.0233
8,94,31.637
8,95,0
8,96,0
8,97,0
8,98,0
8,99,30.195
9,0,-7.10543e-15
9,1,27.3166
9,2,28.5887
9,3,29.7266
9,4,28.6956
9,5,0
9,6,25.9223
9,7,28.0754
9,8,31.1874
9,9,0
9,10,27.8785
9,11,29.1971
9,12,29.3134
9,13,30.2344
9,14,30.6507
9,15,29.2585
9,16,26.948
9,17,33.1096
9,18,28.5018
9,19,29.8615
9,20,30.1056
9,21,27.0931
9,22,26.6727
9,23,29.9297
9,24,27.9713
9,25,29.5973
9,26,29.3406
9,27,0
9,28,31.1697
9,29,31.8296
9,30,28.9248
9,31,30.2622
9,32,29.6196
9,33,28.97
9,34,32.7064
9,35,29.6283
9,36,31.4263
9,37,27.5248
9,38,30.0773
9,39,28.3058
9,40,28.7511
9,41,29.3653
9,42,33.6305
9,43,28.8238
9,44,26.8536
9,45,30.9314
9,46,30.5465
9,47,30.8055
9,48,28.1598
9,49,28.1408
9,50,28.5923
9,51,28.6217
9,52,31.9602
9,53,28.9503
9,54,33.8597
9,55,26.1399
9,56,31.0197
9,57,30.0836
9,58,29.948
9,59,32.2207
9,60,29.5461
9,61,28.6631
9,62,30.0228
9,63,31.3991
9,64,31.1325
9,65,28.425
9,66,27.6602
9,67,30.5418
9,68,30.5297
9,69,27.3891
9,70,32.1647
9,71,30.0595
9,72,29.3276
9,73,29.9346
9,74,30.8495
9,75,29.9206
9,76,28.348
9,77,26.9873
9,78,26.9734
9,79,32.136
9,80,26.9656
9,81,29.0581
9,82,31.6418
9,83,29.9507
9,84,29.9035
9,85,27.5488
9,86,29.0395
9,87,31.0802
9,88,31.7453
9,89,-3.55271e-15
9,90,29.2184
9,91,29.4511
9,92,30.8438
9,93,29.2973
9,94,30.5821
9,95,0
9,96,0
9,97,0
9,98,0
9,99,29.4898
10,0,0
10,1,31.9199
10,2,30.8145
10,3,29.4996
10,4,31.3495
10,5,0
10,6,30.1316
10,7,29.1831
10,8,32.5229
10,9,27.8785
10,10,0
10,11,32.6959
10,12,29.5578
10,13,29.3843
10,14,30.8917
10,15,28.8707
10,16,29.5304
10,17,28.9037
10,18,30.273
10,19,32.2374
10,20,33.5975
10,21,30.3387
10,22,29.8792
10,23,30.499
10,24,29.2763
10,25,30.7527
10,26,31.922
10,27,0
10,28,30.5029
10,29,31.8529
10,30,30.7077
10,31,31.5126
10,32,30.6737
10,33,31.6639
10,34,29.6561
10,35,32.5575
10,36,31.1668
10,37,27.7285
10,38,30.8598
10,39,29.8912
10,40,28.9056
10,41,33.2318
10,42,32.1458
10,43,29.3047
10,44,29.7106
10,45,29.4878
10,46,30.3825
10,47,30.0488
10,48,29.3023
10,49,30.8065
10,50,32.6932
10,51,30.0977
10,52,30.8887
10,53,30.17
10,54,30.7281
10,55,31.0836
10,56,29.383
10,57,31.402
10,58,29.4987
10,59,30.252
10,60,28.7063
10,61,28.8244
10,62,31.5567
10,63,30.3701
10,64,31.023
10,65,31.1244
10,66,31.8524
10,67,31.6553
10,68,30.1067
10,69,29.9927
10,70,29.3899
10,71,31.0277
10,72,29.0954
10,73,30.1263
10,74,31.8386
10,75,31.1311
10,76,28.3827
10,77,28.1739
10,78,29.3268
10,79,30.4983
10,80,31.087
10,81,27.81
10,82,30.06
10,83,28.2801
10,84,30.3363
10,85,28.0124
10,86,32.2518
10,87,30.4834
10,88,33.183
10,89,0
10,90,29.9554
10,91,30.1331
10,92,29.7053
10,93,29.1264
10,94,30.5114
10,95,0
10,96,0
10,97,0
10,98,0
10,99,29.5737
11,0,0
11,1,30.5315
11,2,34.7171
11,3,31.7832
11,4,32.2603
11,5,0
11,6,30.7881
11,7,30.0759
11,8,31.3565
11,9,29.1971
11,10,32.6959
11,11,0
11,12,29.3533
11,13,29.4974
11,14,30.0434
11,15,31.1602
11,16,30.9857
11,17,31.4363
11,18,30.7907
11,19,30.6996
11,20,31.1239
11,21,32.2007
11,22,31.5999
11,23,29.8741
11,24,30.4565
11,25,29.8116
11,26,29.4681
11,27,0
11,28,32.7657
11,29,31.6071
11,30,32.4538
11,31,32.081
11,32,32.4334
11,33,33.5139
11,34,31.5786
11,35,31.2145
11,36,29.3001
11,37,29.4531
11,38,33.2242
11,39,29.4919
11,40,30.4352
11,41,30.854
11,42,30.7573
11,43,30.0127
11,44,29.5537
11,45,29.6298
11,46,29.444
11,47,27.1049
11,48,29.8636
11,49,31.5876
11,50,32.5343
11,51,29.2007
11,52,29.544
11,53,27.5965
11,54,31.3353
11,55,31.977
11,56,28.9452
11,57,31.0447
11,58,29.5145
11,59,30.6723
11,60,28.3027
11,61,33.0898
11,62,32.0844
11,63,29.8039
11,64,29.0981
11,65,33.7685
11,66,33.1824
11,67,31.3944
11,68,28.6347
11,69,30.7045
11,70,30.869
11,71,29.421
11,72,31.2219
11,73,29.4593
11,74,31.2089
11,75,29.2699
11,76,29.0695
11,77,30.6053
11,78,31.4803
11,79,31.1101
11,80,32.7387
11,81,28.8517
11,82,28.6995
11,83,29.9387
11,84,29.6541
11,85,30.5718
11,86,30.4418
11,87,30.6805
11,88,31.5007
11,89,0
11,90,32.8893
11,91,32.5775
11,92,29.2073
11,93,33.3836
11,94,30.1027
11,95,0
11,96,0
11,97,0
11,98,0
11,99,30.7791
12,0,0
12,1,31.7153
12,2,30.2607
12,3,33.0444
12,4,31.863
12,5,0
12,6,30.665
12,7,28.0119
12,8,31.0336
12,9,29.3134
12,10,29.5578
12,11,29.3533
12,12,0
12,13,30.6899
12,14,30.3804
12,15,31.158
12,16,30.8447
12,17,32.2561
12,18,32.8721
12,19,30.5962
12,20,31.981
12,21,29.124
12,22,29.3608
12,23,32.8409
12,24,31.148
12,25,30.8865
12,26,33.9835
12,27,0
12,28,30.2245
12,29,31.5048
12,30,31.7375
12,31,33.1568
12,32,31.5995
12,33,30.4662
12,34,32.712
12,35,32.2843
12,36,31.0387
12,37,28.0505
12,38,32.6963
12,39,31.7252
12,40,31.3484
12,41,31.9096
12,42,31.0531
12,43,30.3724
12,44,31.2951
12,45,31.2
12,46,30.4247
12,47,27.943
12,48,29.7023
12,49,32.3873
12,50,29.5552
12,51,30.4091
12,52,31.2182
12,53,33.1967
12,54,32.585
12,55,30.7794
12,56,31.6032
12,57,33.2901
12,58,29.2188
12,59,29.7257
12,60,32.6099
12,61,29.6829
12,62,30.1506
12,63,31.345
12,64,31.6648
12,65,29.9562
12,66,31.7012
12,67,31.7701
12,68,32.176
12,69,29.5272
12,70,31.0149
12,71,31.3984
12,72,30.1927
12,73,29.1248
12,74,33.239
12,75,31.6748
12,76,32.209
12,77,28.1382
12,78,28.3945
12,79,31.6791
12,80,29.9312
12,81,28.0164
12,82,30.5489
12,83,30.9283
12,84,32.3924
12,85,29.5259
12,86,31.7012
12,87,31.2216
12,88,31.1411
12,89,0
12,90,31.9385
12,91,30.165
12,92,31.5731
12,93,32.4957
12,94,32.0317
12,95,0
12,96,0
12,97,0
12,98,0
12,99,32.1836
13,0,0
13,1,29.7395
13,2,29.9799
13,3,30.7048
13,4,32.7862
13,5,0
13,6,29.2372
13,7,30.8226
13,8,29.9854
13,9,30.2344
13,10,29.3843
13,11,29.4974
13,12,30.6899
13,13,0
13,14,30.63
13,15,31.0954
13,16,30.2051
13,17,31.2028
13,18,31.1992
13,19,29.4174
13,20,29.5396
13,21,27.9668
13,22,28.4855
13,23,30.5713
13,24,31.2955
13,25,29.8193
13,26,29.8362
13,27,0
13,28,29.8014
13,29,29.5242
13,30,28.8997
13,31,30.0652
13,32,30.866
13,33,29.3019
13,34,30.4538
13,35,29.3536
13,36,32.1192
13,37,27.5255
13,38,31.3732
13,39,30.2394
13,40,30.1091
13,41,29.849
13,42,29.3584
13,43,31.6941
13,44,31.489
13,45,30.1683
13,46,30.366
13,47,30.4645
13,48,30.7516
13,49,31.3263
13,50,29.737
13,51,29.6531
13,52,31.4656
13,53,32.8009
13,54,29.1929
13,55,30.5575
13,56,31.106
13,57,31.4837
13,58,27.6357
13,59,31.8823
13,60,32.003
13,61,30.0584
13,62,31.3026
13,63,33.9718
13,64,31.8275
13,65,29.505
13,66,31.4673
13,67,30.686
13,68,30.4967
13,69,29.3911
13,70,32.531
13,71,28.4829
13,72,29.573
13,73,29.2737
13,74,30.1552
13,75,28.721
13,76,29.0145
13,77,28.1424
13,78,28.9563
13,79,30.0888
13,80,28.5103
13,81,31.4699
13,82,31.1795
13,83,30.9972
13,84,30.9905
13,85,26.9637
13,86,30.9866
13,87,31.141
13,88,31.7431
13,89,3.55271e-15
13,90,29.7253
13,91,29.8918
13,92,30.0389
13,93,31.5741
13,94,28.5037
13,95,0
13,96,0
13,97,0
13,98,0
13,99,30.2664
14,0,0
14,1,31.4493
14,2,30.5906
14,3,32.032
14,4,31.7674
14,5,0
14,6,29.1871
14,7,31.2475
14,8,32.2717
14,9,30.6507
14,10,30.8917
14,11,30.0434
14,12,30.3804
14,13,30.63
14,14,0
14,15,31.4983
14,16,28.5775
14,17,32.8284
14,18,30.7091
14,19,31.627
14,20,31.0424
14,21,29.11
14,22,29.0228
14,23,32.7188
14,24,30.2603
14,25,29.9996
14,26,31.8107
14,27,0
14,28,31.1114
14,29,31.6551
14,30,31.533
14,31,29.6615
14,32,31.4307
14,33,29.7552
14,34,32.9677
14,35,32.9763
14,36,31.309
14,37,28.8146
14,38,30.8419
14,39,31.4382
14,40,29.8736
14,41,30.8022
14,42,33.7679
14,43,31.0333
14,44,31.3405
14,45,31.0716
14,46,31.893
14,47,29.9098
14,48,30.0823
14,49,30.4442
14,50,28.9447
14,51,30.8147
14,52,32.6038
14,53,31.6315
14,54,30.8263
14,55,27.5674
14,56,29.4396
14,57,30.7031
14,58,29.2691
14,59,31.7439
14,60,28.7778
14,61,30.9251
14,62,30.7235
14,63,29.6651
14,64,32.7393
14,65,30.5123
14,66,30.529
14,67,29.4583
14,68,32.1653
14,69,30.3623
14,70,31.9418
14,71,30.1559
14,72,30.4582
14,73,29.769
14,74,31.8228
14,75,30.4367
14,76,31.3492
14,77,25.9484
14,78,27.9533
14,79,31.1172
14,80,30.9757
14,81,31.3798
14,82,29.822
14,83,30.6502
14,84,30.2993
14,85,30.2108
14,86,30.3991
14,87,31.2984
14,88,32.4129
14,89,3.55271e-15
14,90,30.3276
14,91,29.3882
14,92,29.489
14,93,31.5862
14,94,30.8243
14,95,0
14,96,0
14,97,0
14,98,0
14,99,29.81
15,0,0
15,1,32.3814
15,2,34.2947
15,3,32.5475
15,4,32.2209
15,5,0
15,6,29.9789
15,7,31.2622
15,8,32.1239
15,9,29.2585
15,10,28.8707
15,11,31.1602
15,12,31.158
15,13,31.0954
15,14,31.4983
15,15,0
15,16,33.8877
15,17,31.4702
15,18,31.7797
15,19,30.3098
15,20,31.7936
15,21,34.1211
15,22,32.6141
15,23,28.848
15,24,31.1362
15,25,32.2004
15,26,32.168
15,27,0
15,28,31.0733
15,29,31.6102
15,30,32.1196
15,31,31.0042
15,32,31.5113
15,33,32.9719
15,34,28.9329
15,35,32.2403
15,36,31.1426
15,37,30.2115
15,38,31.1758
15,39,29.388
15,40,32.3199
15,41,32.2892
15,42,31.3429
15,43,31.0931
15,44,31.1885
15,45,30.3549
15,46,28.4767
15,47,28.1593
15,48,30.467
15,49,32.7596
15,50,31.8589
15,51,34.3629
15,52,30.0938
15,53,30.0056
15,54,29.4691
15,55,30.9804
15,56,29.0233
15,57,31.9338
15,58,29.5111
15,59,30.2514
15,60,29.85
15,61,31.1162
15,62,29.2967
15,63,31.4108
15,64,30.6024
15,65,32.1622
15,66,30.9919
15,67,29.3966
15,68,30.5913
15,69,29.0597
15,70,29.1921
15,71,30.66
15,72,30.9145
15,73,27.6993
15,74,32.5592
15,75,31.6449
15,76,31.075
15,77,30.4562
15,78,31.6246
15,79,31.5774
15,80,31.0713
15,81,28.6409
15,82,30.3261
15,83,30.36
15,84,31.0174
15,85,32.0471
15,86,30.297
15,87,28.9086
15,88,30.316
15,89,0
15,90,30.7885
15,91,32.2453
15,92,29.1973
15,93,30.5684
15,94,32.632
15,95,0
15,96,0
15,97,0
15,98,0
15,99,29.118
16,0,0
16,1,30.9614
16,2,32.0234
16,3,33.1323
16,4,34.7716
16,5,0
16,6,30.5203
16,7,32.1859
16,8,30.6371
16,9,26.948
16,10,29.5304
16,11,30.9857
16,12,30.8447
16,13,30.2051
16,14,28.5775
16,15,33.8877
16,16,0
16,17,29.5424
16,18,31.383
16,19,32.3823
16,20,31.3613
16,21,31.7539
16,22,31.76
16,23,31.6394
16,24,32.8541
16,25,30.5668
16,26,29.8829
16,27,0
16,28,30.7855
16,29,30.7361
16,30,31.7898
16,31,32.5194
16,32,33.0421
16,33,30.5089
16,34,29.178
16,35,31.5915
16,36,28.662
16,37,31.1944
16,38,29.726
16,39,30.2686
16,40,30.6276
16,41,32.7794
16,42,30.947
16,43,29.1406
16,44,30.1438
16,45,30.0086
16,46,28.4112
16,47,27.9411
16,48,30.0179
16,49,29.8828
16,50,31.1886
16,51,31.4688
16,52,27.8322
16,53,31.8126
16,54,28.5608
16,55,31.3744
16,56,27.0823
16,57,32.0502
16,58,32.9906
16,59,30.5683
16,60,29.4772
16,61,29.4939
16,62,29.6489
16,63,29.1842
16,64,31.9012
16,65,30.4124
16,66,31.3408
16,67,30.4145
16,68,30.1834
16,69,32.7629
16,70,28.6073
16,71,31.1006
16,72,29.9456
16,73,28.2725
16,74,32.1602
16,75,31.9075
16,76,30.5413
16,77,30.1208
16,78,31.722
16,79,31.673
16,80,31.906
16,81,28.3777
16,82,29.6182
16,83,29.7992
16,84,30.2623
16,85,30.8344
16,86,30.1652
16,87,30.0118
16,88,30.3661
16,89,0
16,90,31.5146
16,91,31.6994
16,92,30.2346
16,93,30.1918
16,94,29.8854
16,95,0
16,96,0
16,97,0
16,98,0
16,99,30.5268
17,0,0
17,1,31.9389
17,2,30.2654
17,3,30.9497
17,4,30.6521
17,5,0
17,6,31.3873
17,7,30.6034
17,8,31.2118
17,9,33.1096
17,10,28.9037
17,11,31.4363
17,12,32.2561
17,13,31.2028
17,14,32.8284
17,15,31.4702
17,16,29.5424
17,17,0
17,18,30.6406
17,19,30.6505
17,20,33.9329
17,21,30.9765
17,22,27.7302
17,23,30.8976
17,24,32.9328
17,25,30.4688
17,26,31.9215
17,27,0
17,28,31.2259
17,29,31.4254
17,30,31.6764
17,31,29.9895
17,32,30.3312
17,33,31.0788
17,34,31.9875
17,35,31.0139
17,36,33.9199
17,37,28.7567
17,38,32.6
17,39,30.4658
17,40,29.9229
17,41,32.1926
17,42,33.3885
17,43,30.6117
17,44,29.805
17,45,30.9394
17,46,31.8097
17,47,31.7971
17,48,30.8795
17,49,31.1622
17,50,32.0268
17,51,29.8371
17,52,33.5713
17,53,32.7937
17,54,31.1979
17,55,32.1845
17,56,33.3668
17,57,31.5273
17,58,29.9501
17,59,32.9375
17,60,32.2828
17,61,29.6871
17,62,32.9893
17,63,32.2572
17,64,32.9549
17,65,32.6338
17,66,31.2625
17,67,34.7718
17,68,33.7124
17,69,29.0229
17,70,33.637
17,71,31.8675
17,72,31.6071
17,73,31.89
17,74,31.2089
17,75,31.3472
17,76,30.2562
17,77,30.6719
17,78,29.4025
17,79,30.1727
17,80,33.0495
17,81,30.7066
17,82,30.7647
17,83,29.692
17,84,33.7121
17,85,31.419
17,86,31.6701
17,87,34.0049
17,88,34.1819
17,89,-3.55271e-15
17,90,30.3316
17,91,32.2882
17,92,30.2521
17,93,31.9112
17,94,29.7635
17,95,0
17,96,0
17,97,0
17,98,0
17,99,29.9153
18,0,0
18,1,32.0831
18,2,32.9995
18,3,32.3762
18,4,31.7935
18,5,0
18,6,27.0586
18,7,32.9739
18,8,32.9381
18,9,28.5018
18,10,30.273
18,11,30.7907
18,12,32.8721
18,13,31.1992
18,14,30.7091
18,15,31.7797
18,16,31.383
18,17,30.6406
18,18,0
18,19,31.4654
18,20,31.2734
18,21,31.2674
18,22,31.284
18,23,30.9104
18,24,30.7011
18,25,32.535
18,26,30.1498
18,27,0
18,28,33.1075
18,29,31.0824
18,30,33.0391
18,31,30.915
18,32,31.5688
18,33,33.1894
18,34,29.2424
18,35,33.7423
18,36,29.7649
18,37,28.6507
18,38,32.2111
18,39,31.9496
18,40,30.12
18,41,31.7815
18,42,32.3135
18,43,29.6008
18,44,30.7026
18,45,31.7126
18,46,29.4362
18,47,29.3699
18,48,30.149
18,49,29.9369
18,50,31.5276
18,51,31.1055
18,52,27.799
18,53,29.8122
18,54,30.431
18,55,29.4317
18,56,28.3227
18,57,31.9104
18,58,30.215
18,59,30.3407
18,60,29.0186
18,61,31.5141
18,62,30.4184
18,63,30.558
18,64,30.6422
18,65,31.4768
18,66,31.7826
18,67,31.0662
18,68,31.5092
18,69,29.7232
18,70,30.3359
18,71,30.4064
18,72,30.6147
18,73,28.7
18,74,32.7398
18,75,32.3766
18,76,31.9994
18,77,30.3444
18,78,30.3585
18,79,32.0281
18,80,30.2883
18,81,28.7523
18,82,29.1941
18,83,32.535
18,84,30.2358
18,85,32.2818
18,86,28.989
18,87,28.9423
18,88,33.9462
18,89,0
18,90,31.5163
18,91,33.398
18,92,30.9939
18,93,31.9755
18,94,31.0216
18,95,0
18,96,0
18,97,0
18,98,0
18,99,30.8644
19,0,0
19,1,31.4079
19,2,31.5331
19,3,31.8727
19,4,32.2446
19,5,0
19,6,30.1008
19,7,29.7761
19,8,31.0429
19,9,29.8615
19,10,32.2374
19,11,30.6996
19,12,30.5962
19,13,29.4174
19,14,31.627
19,15,30.3098
19,16,32.3823
19,17,30.6505
19,18,31.4654
19,19,0
19,20,32.0046
19,21,29.7764
19,22,28.3795
19,23,29.2194
19,24,30.9928
19,25,31.6432
19,26,30.0686
19,27,0
19,28,31.7401
19,29,31.1303
19,30,31.4036
19,31,32.5876
19,32,31.267
19,33,31.5434
19,34,30.1844
19,35,33.6015
19,36,32.0859
19,37,29.8893
19,38,31.8661
19,39,29.8878
19,40,29.5073
19,41,32.8208
19,42,32.8227
19,43,28.7658
19,44,28.355
19,45,30.3728
19,46,29.8357
19,47,28.0362
19,48,29.8307
19,49,31.3818
19,50,30.38
19,51,30.3613
19,52,31.2106
19,53,31.5343
19,54,30.4168
19,55,30.7372
19,56,29.9967
19,57,31.9248
19,58,29.007
19,59,33.204
19,60,29.3184
19,61,30.9939
19,62,29.716
19,63,29.8364
19,64,31.4672
19,65,32.0307
19,66,30.7972
19,67,29.5025
19,68,32.7111
19,69,27.6815
19,70,32.2687
19,71,30.4048
19,72,30.8926
19,73,29.8636
19,74,33.8194
19,75,31.2167
19,76,30.4977
19,77,31.0155
19,78,29.7937
19,79,32.0204
19,80,28.987
19,81,26.8476
19,82,30.0185
19,83,31.8064
19,84,30.846
19,85,31.2228
19,86,31.2346
19,87,30.9151
19,88,32.706
19,89,0
19,90,32.3082
19,91,32.3752
19,92,29.1335
19,93,33.7345
19,94,28.9919
19,95,0
19,96,0
19,97,0
19,98,0
19,99,31.1221
20,0,0
20,1,31.3862
20,2,32.8338
20,3,30.688
20,4,32.9133
20,5,0
20,6,32.7757
20,7,30.8209
20,8,32.5925
20,9,30.1056
20,10,33.5975
20,11,31.1239
20,12,31.981
20,13,29.5396
20,14,31.0424
20,15,31.7936
20,16,31.3613
20,17,33.9329
20,18,31.2734
20,19,32.0046
20,20,0
20,21,30.4553
20,22,30.6775
20,23,29.6545
20,24,29.5081
20,25,31.4011
20,26,31.6399
20,27,0
20,28,33.0556
20,29,30.6433
20,30,32.7316
20,31,31.7944
20,32,32.461
20,33,34.1247
20,34,31.4553
20,35,33.5654
20,36,29.7083
20,37,30.9837
20,38,33.8456
20,39,30.0533
20,40,30.8792
20,41,33.024
20,42,31.6766
20,43,32.523
20,44,29.8294
20,45,30.5235
20,46,28.2935
20,47,31.4783
20,48,31.652
20,49,31.1724
20,50,32.4203
20,51,31.8186
20,52,29.6359
20,53,30.9939
20,54,31.1884
20,55,32.0162
20,56,28.7183
20,57,31.5475
20,58,29.9871
20,59,30.792
20,60,29.1936
20,61,31.5823
20,62,32.6503
20,63,31.7567
20,64,29.9236
20,65,33.0011
20,66,31.4891
20,67,31.5606
20,68,32.0328
20,69,29.6893
20,70,32.4811
20,71,30.5056
20,72,32.7911
20,73,28.9173
20,74,31.4004
20,75,33.3638
20,76,32.0796
20,77,32.6209
20,78,30.7263
20,79,31.595
20,80,31.5446
20,81,31.3075
20,82,29.3849
20,83,32.6148
20,84,31.7247
20,85,31.0575
20,86,32.5067
20,87,30.2279
20,88,33.015
20,89,0
20,90,32.7413
20,91,31.6341
20,92,29.7109
20,93,32.4851
20,94,32.0227
20,95,0
20,96,0
20,97,0
20,98,0
20,99,29.8747
21,0,0
21,1,30.8076
21,2,29.5154
21,3,30.5531
21,4,31.7851
21,5,0
21,6,30.5827
21,7,31.3275
21,8,30.1808
21,9,27.0931
21,10,30.3387
21,11,32.2007
21,12,29.124
21,13,27.9668
21,14,29.11
21,15,34.1211
21,16,31.7539
21,17,30.9765
21,18,31.2674
21,19,29.7764
21,20,30.4553
21,21,0
21,22,30.7537
21,23,28.6391
21,24,32.0663
21,25,30.8131
21,26,29.953
21,27,0
21,28,29.5845
21,29,30.6961
21,30,32.8632
21,31,31.1727
21,32,34.0177
21,33,30.7166
21,34,29.9648
21,35,32.481
21,36,30.9415
21,37,32.5496
21,38,31.0825
21,39,27.9709
21,40,30.6782
21,41,30.2743
21,42,29.914
21,43,29.941
21,44,28.3283
21,45,31.5798
21,46,31.1042
21,47,28.0496
21,48,32.0236
21,49,29.1161
21,50,30.8082
21,51,30.3622
21,52,29.8543
21,53,29.269
21,54,28.7688
21,55,31.3906
21,56,28.6411
21,57,31.7117
21,58,30.6488
21,59,27.7676
21,60,28.4618
21,61,32.5603
21,62,28.0571
21,63,27.3019
21,64,30.3047
21,65,31.6037
21,66,32.3121
21,67,28.9201
21,68,29.9645
21,69,32.5515
21,70,28.9881
21,71,28.6899
21,72,29.3638
21,73,26.3186
21,74,30.7145
21,75,29.4673
21,76,30.9867
21,77,31.164
21,78,30.9074
21,79,30.9211
21,80,29.6965
21,81,27.4895
21,82,27.5255
21,83,30.6691
21,84,30.6947
21,85,29.7651
21,86,29.2331
21,87,29.0588
21,88,30.8725
21,89,0
21,90,31.8501
21,91,32.3527
21,92,29.8988
21,93,30.8862
21,94,29.2299
21,95,0
21,96,0
21,97,0
21,98,0
21,99,28.6246
22,0,0
22,1,30.0642
22,2,28.9253
22,3,31.6624
22,4,30.1754
22,5,0
22,6,29.8221
22,7,30.402
22,8,28.3479
22,9,26.6727
22,10,29.8792
22,11,31.5999
22,12,29.3608
22,13,28.4855
22,14,29.0228
22,15,32.6141
22,16,31.76
22,17,27.7302
22,18,31.284
22,19,28.3795
22,20,30.6775
22,21,30.7537
22,22,0
22,23,28.9795
22,24,30.2699
22,25,28.2816
22,26,29.8506
22,27,0
22,28,29.8626
22,29,30.5642
22,30,30.1919
22,31,30.1097
22,32,32.7447
22,33,29.3384
22,34,27.7763
22,35,33.552
22,36,29.4525
22,37,32.1366
22,38,29.0862
22,39,28.9894
22,40,30.2967
22,41,30.6045
22,42,30.538
22,43,29.8172
22,44,29.3832
22,45,27.4431
22,46,30.416
22,47,27.2282
22,48,31.5912
22,49,28.2833
22,50,28.8967
22,51,31.5271
22,52,29.1992
22,53,29.6448
22,54,26.4773
22,55,30.3821
22,56,27.6238
22,57,30.6894
22,58,30.1764
22,59,28.5893
22,60,25.7472
22,61,31.9659
22,62,28.6478
22,63,27.2802
22,64,30.1211
22,65,26.4742
22,66,29.5061
22,67,28.8211
22,68,28.7648
22,69,29.5608
22,70,29.8878
22,71,27.9727
22,72,31.6471
22,73,27.5993
22,74,29.3309
22,75,29.56
22,76,31.7939
22,77,31.7216
22,78,31.0517
22,79,32.4222
22,80,31.6947
22,81,28.6144
22,82,27.0227
22,83,30.2205
22,84,29.3978
22,85,30.731
22,86,29.2257
22,87,29.4013
22,88,32.6847
22,89,0
22,90,29.5873
22,91,30.2283
22,92,31.0888
22,93,29.1595
22,94,29.2168
22,95,0
22,96,0
22,97,0
22,98,0
22,99,28.2498
23,0,0
23,1,31.3801
23,2,30.1594
23,3,30.0767
23,4,29.0708
23,5,0
23,6,28.7545
23,7,29.1974
23,8,31.6363
23,9,29.9297
23,10,30.499
23,11,29.8741
23,12,32.8409
23,13,30.5713
23,14,32.7188
23,15,28.848
23,16,31.6394
23,17,30.8976
23,18,30.9104
23,19,29.2194
23,20,29.6545
23,21,28.6391
23,22,28.9795
23,23,0
23,24,29.0401
23,25,31.2651
23,26,30.7699
23,27,0
23,28,31.2177
23,29,29.3463
23,30,29.6707
23,31,28.707
23,32,32.2862
23,33,29.6718
23,34,30.1692
23,35,31.4277
23,36,32.9165
23,37,27.8628
23,38,33.611
23,39,30.8867
23,40,30.7351
23,41,30.7751
23,42,32.5864
23,43,31.1994
23,44,29.7692
23,45,32.7673
23,46,29.0577
23,47,30.2319
23,48,32.4118
23,49,31.4672
23,50,31.0529
23,51,30.9943
23,52,30.5699
23,53,30.4742
23,54,31.7147
23,55,30.3462
23,56,32.9267
23,57,30.1923
23,58,31.6758
23,59,30.5067
23,60,29.3721
23,61,30.8695
23,62,29.1769
23,63,32.7607
23,64,31.7705
23,65,30.5749
23,66,30.1447
23,67,30.1435
23,68,32.2833
23,69,27.7607
23,70,32.7741
23,71,29.9756
23,72,29.0051
23,73,30.3036
23,74,32.2624
23,75,30.9828
23,76,32.6298
23,77,29.3766
23,78,27.926
23,79,31.3863
23,80,30.5402
23,81,30.428
23,82,29.1681
23,83,33.1322
23,84,29.7725
23,85,30.0777
23,86,31.2814
23,87,29.7489
23,88,32.5799
23,89,0
23,90,30.2906
23,91,30.2526
23,92,30.2528
23,93,28.2766
23,94,30.3481
23,95,0
23,96,0
23,97,0
23,98,0
23,99,30.3772
24,0,0
24,1,31.6124
24,2,30.4778
24,3,31.0231
24,4,32.7593
24,5,0
24,6,30.3221
24,7,31.1311
24,8,31.6084
24,9,27.9713
24,10,29.2763
24,11,30.4565
24,12,31.148
24,13,31.2955
24,14,30.2603
24,15,31.1362
24,16,32.8541
24,17,32.9328
24,18,30.7011
24,19,30.9928
24,20,29.5081
24,21,32.0663
24,22,30.2699
24,23,29.0401
24,24,0
24,25,29.9111
24,26,30.6466
24,27,0
24,28,30.7237
24,29,30.7466
24,30,31.8212
24,31,30.187
24,32,33.0264
24,33,30.3924
24,34,29.7146
24,35,32.3942
24,36,28.9101
24,37,32.4068
24,38,31.7062
24,39,29.8083
24,40,31.8649
24,41,31.8669
24,42,31.1939
24,43,31.3328
24,44,28.3982
24,45,30.3265
24,46,29.6118
24,47,27.1135
24,48,30.4848
24,49,30.4778
24,50,30.4233
24,51,32.1411
24,52,27.9474
24,53,28.7636
24,54,28.352
24,55,31.871
24,56,27.4371
24,57,31.2452
24,58,31.5657
24,59,30.2933
24,60,28.0548
24,61,32.8187
24,62,30.7645
24,63,29.0443
24,64,32.1464
24,65,29.8702
24,66,31.3295
24,67,29.0347
24,68,30.1255
24,69,31.2382
24,70,30.5599
24,71,30.4827
24,72,27.3214
24,73,28.403
24,74,32.5441
24,75,32.2538
24,76,31.2471
24,77,31.1933
24,78,29.1965
24,79,32.462
24,80,31.9354
24,81,29.5309
24,82,27.3668
24,83,31.6678
24,84,30.4141
24,85,30.4954
24,86,28.8233
24,87,30.7852
24,88,29.6906
24,89,0
24,90,31.3501
24,91,30.968
24,92,28.9424
24,93,30.6729
24,94,32.4635
24,95,0
24,96,0
24,97,0
24,98,0
24,99,30.1184
25,0,0
25,1,29.9889
25,2,30.9082
25,3,32.3435
25,4,32.2889
25,5,0
25,6,29.2889
25,7,31.4767
25,8,31.6854
25,9,29.5973
25,10,30.7527
25,11,29.8116
25,12,30.8865
25,13,29.8193
25,14,29.9996
25,15,32.2004
25,16,30.5668
25,17,30.4688
25,18,32.535
25,19,31.6432
25,20,31.4011
25,21,30.8131
25,22,28.2816
25,23,31.2651
25,24,29.9111
25,25,0
25,26,31.0163
25,27,0
25,28,31.9914
25,29,31.429
25,30,31.1441
25,31,30.7474
25,32,31.8735
25,33,31.4726
25,34,30.6386
25,35,33.8513
25,36,29.9375
25,37,30.6072
25,38,32.0127
25,39,31.5725
25,40,30.6279
25,41,31.6895
25,42,32.6617
25,43,32.8603
25,44,29.9488
25,45,31.1225
25,46,30.3973
25,47,29.744
25,48,30.2065
25,49,29.6014
25,50,29.9944
25,51,30.8772
25,52,29.5241
25,53,31.2311
25,54,30.6141
25,55,32.1919
25,56,31.1939
25,57,31.2008
25,58,28.8997
25,59,29.6133
25,60,27.4008
25,61,31.4606
25,62,30.2298
25,63,30.3677
25,64,31.9022
25,65,30.5869
25,66,30.7836
25,67,30.866
25,68,30.1689
25,69,29.3912
25,70,31.7987
25,71,30.8986
25,72,31.4568
25,73,29.9518
25,74,32.5485
25,75,31.7289
25,76,30.8069
25,77,29.5647
25,78,29.4801
25,79,31.3492
25,80,32.117
25,81,29.3499
25,82,30.8415
25,83,31.6627
25,84,31.2654
25,85,30.8066
25,86,30.7238
25,87,30.0904
25,88,33.239
25,89,0
25,90,31.7586
25,91,31.1973
25,92,30.8186
25,93,33.2276
25,94,33.061
25,95,0
25,96,0
25,97,0
25,98,0
25,99,31.2261
26,0,0
26,1,30.9483
26,2,28.6151
26,3,32.5154
26,4,31.4179
26,5,0
26,6,27.4985
26,7,30.7677
26,8,31.9485
26,9,29.3406
26,10,31.922
26,11,29.4681
26,12,33.9835
26,13,29.8362
26,14,31.8107
26,15,32.168
26,16,29.8829
26,17,31.9215
26,18,30.1498
26,19,30.0686
26,20,31.6399
26,21,29.953
26,22,29.8506
26,23,30.7699
26,24,30.6466
26,25,31.0163
26,26,0
26,27,0
26,28,32.1549
26,29,29.9852
26,30,28.6728
26,31,32.0604
26,32,30.9166
26,33,31.5778
26,34,29.4701
26,35,32.5635
26,36,32.1022
26,37,27.9445
26,38,31.434
26,39,31.2825
26,40,29.4658
26,41,27.7933
26,42,32.0734
26,43,29.6051
26,44,29.145
26,45,31.326
26,46,31.0243
26,47,31.0919
26,48,31.7079
26,49,29.9998
26,50,30.5063
26,51,28.834
26,52,31.0973
26,53,33.7874
26,54,31.8769
26,55,30.805
26,56,30.2408
26,57,31.0412
26,58,29.158
26,59,30.5663
26,60,27.3582
26,61,30.4897
26,62,30.7724
26,63,29.8811
26,64,29.0764
26,65,31.3552
26,66,30.7128
26,67,30.6527
26,68,31.2264
26,69,27.7482
26,70,31.4621
26,71,32.565
26,72,30.7484
26,73,29.543
26,74,32.4568
26,75,31.6193
26,76,32.2827
26,77,30.072
26,78,28.7645
26,79,31.844
26,80,29.6434
26,81,26.5973
26,82,28.5704
26,83,31.8514
26,84,31.4189
26,85,30.2048
26,86,31.1805
26,87,30.9065
26,88,31.9399
26,89,0
26,90,30.5401
26,91,31.6896
26,92,31.5029
26,93,31.1763
26,94,29.8084
26,95,0
26,96,0
26,97,0
26,98,0
26,99,29.2582
27,0,0
27,1,0
27,2,0
27,3,0
27,4,0
27,5,31.0625
27,6,0
27,7,0
27,8,0
27,9,0
27,10,0
27,11,0
27,12,0
27,13,0
27,14,0
27,15,0
27,16,0
27,17,0
27,18,0
27,19,0
27,20,0
27,21,0
27,22,0
27,23,0
27,24,0
27,25,0
27,26,0
27,27,0
27,28,0
27,29,0
27,30,0
27,31,0
27,32,0
27,33,0
27,34,0
27,35,0
27,36,0
27,37,0
27,38,0
27,39,0
27,40,0
27,41,0
27,42,0
27,43,0
27,44,0
27,45,0
27,46,0
27,47,0
27,48,0
27,49,0
27,50,0
27,51,0
27,52,0
27,53,0
27,54,0
27,55,0
27,56,0
27,57,0
27,58,0
27,59,0
27,60,0
27,61,0
27,62,0
27,63,0
27,64,0
27,65,0
27,66,0
27,67,0
27,68,0
27,69,0
27,70,0
27,71,0
27,72,0
27,73,0
27,74,0
27,75,0
27,76,0
27,77,0
27,78,0
27,79,0
27,80,0
27,81,0
27,82,0
27,83,0
27,84,0
27,85,0
27,86,0
27,87,0
27,88,0
27,89,-7.10543e-15
27,90,0
27,91,0
27,92,0
27,93,0
27,94,0
27,95,29.7938
27,96,32.9222
27,97,30.3829
27,98,25.0435
27,99,0
28,0,-7.10543e-15
28,1,31.8718
28,2,31.7434
28,3,33.046
28,4,32.0889
28,5,0
28,6,32.6051
28,7,32.6792
28,8,31.4787
28,9,31.1697
28,10,30.5029
28,11,32.7657
28,12,30.2245
28,13,29.8014
28,14,31.1114
28,15,31.0733
28,16,30.7855
28,17,31.2259
28,18,33.1075
28,19,31.7401
28,20,33.0556
28,21,29.5845
28,22,29.8626
28,23,31.2177
28,24,30.7237
28,25,31.9914
28,26,32.1549
28,27,0
28,28,0
28,29,30.0592
28,30,33.9298
28,31,32.902
28,32,32.1253
28,33,32.5359
28,34,28.8059
28,35,32.4829
28,36,31.3441
28,37,30.4107
28,38,31.0732
28,39,31.9197
28,40,30.5223
28,41,30.363
28,42,30.3012
28,43,31.2098
28,44,30.517
28,45,28.2295
28,46,29.4227
28,47,29.7738
28,48,31.2279
28,49,30.3704
28,50,31.8737
28,51,32.4469
28,52,28.9314
28,53,31.5171
28,54,28.8244
28,55,31.1839
28,56,31.5242
28,57,30.5452
28,58,30.3529
28,59,29.5711
28,60,29.2174
28,61,30.4238
28,62,32.1778
28,63,27.354
28,64,31.7522
28,65,30.2614
28,66,32.5499
28,67,29.8101
28,68,30.2617
28,69,31.2193
28,70,28.4782
28,71,30.9079
28,72,31.9045
28,73,26.7817
28,74,32.8492
28,75,31.51
28,76,31.6417
28,77,31.8479
28,78,28.7456
28,79,31.9242
28,80,31.593
28,81,28.3541
28,82,29.9477
28,83,30.1913
28,84,31.0696
28,85,29.4867
28,86,30.9619
28,87,29.2647
28,88,32.3303
28,89,-7.10543e-15
28,90,31.672
28,91,31.617
28,92,28.973
28,93,31.8316
28,94,31.5001
28,95,0
28,96,0
28,97,0
28,98,0
28,99,29.2338
29,0,0
29,1,28.5855
29,2,33.0116
29,3,31.4325
29,4,31.4937
29,5,0
29,6,32.738
29,7,32.8963
29,8,31.5098
29,9,31.8296
29,10,31.8529
29,11,31.6071
29,12,31.5048
29,13,29.5242
29,14,31.6551
29,15,31.6102
29,16,30.7361
29,17,31.4254
29,18,31.0824
29,19,31.1303
29,20,30.6433
29,21,30.6961
29,22,30.5642
29,23,29.3463
29,24,30.7466
29,25,31.429
29,26,29.9852
29,27,0
29,28,30.0592
29,29,0
29,30,31.3394
29,31,33.008
29,32,31.6736
29,33,33.239
29,34,29.8969
29,35,33.1632
29,36,30.3557
29,37,31.0384
29,38,32.148
29,39,29.0656
29,40,29.5248
29,41,30.9776
29,42,31.5046
29,43,30.0161
29,44,28.636
29,45,29.1359
29,46,30.5962
29,47,29.3274
29,48,29.6961
29,49,31.9268
29,50,30.9148
29,51,29.5
29,52,29.1771
29,53,29.8497
29,54,31.5055
29,55,29.7837
29,56,30.5922
29,57,32.0095
29,58,29.6311
29,59,32.8623
29,60,29.4776
29,61,30.3933
29,62,31.5478
29,63,30.1145
29,64,28.5617
29,65,32.7803
29,66,32.6729
29,67,31.9309
29,68,30.9253
29,69,30.3899
29,70,32.4993
29,71,31.8341
29,72,31.2424
29,73,30.2811
29,74,31.2893
29,75,31.4361
29,76,31.4374
29,77,30.6038
29,78,30.0701
29,79,32.2232
29,80,30.3257
29,81,29.926
29,82,31.7989
29,83,28.8665
29,84,31.9681
29,85,30.5192
29,86,32.9081
29,87,30.5991
29,88,33.1728
29,89,0
29,90,31.7502
29,91,32.1815
29,92,29.3182
29,93,33.399
29,94,28.9831
29,95,0
29,96,0
29,97,0
29,98,0
29,99,29.4603
30,0,0
30,1,30.5911
30,2,33.2564
30,3,33.2546
30,4,33.907
30,5,0
30,6,30.6061
30,7,32.1042
30,8,31.309
30,9,28.9248
30,10,30.7077
30,11,32.4538
30,12,31.7375
30,13,28.8997
30,14,31.533
30,15,32.1196
30,16,31.7898
30,17,31.6764
30,18,33.0391
30,19,31.4036
30,20,32.7316
30,21,32.8632
30,22,30.1919
30,23,29.6707
30,24,31.8212
30,25,31.1441
30,26,28.6728
30,27,0
30,28,33.9298
30,29,31.3394
30,30,0
30,31,32.0509
30,32,31.9019
30,33,31.5496
30,34,29.5471
30,35,34.6997
30,36,32.4837
30,37,28.7291
30,38,30.8403
30,39,29.5778
30,40,32.0905
30,41,30.7466
30,42,33.1147
30,43,31.8669
30,44,29.9937
30,45,32.5952
30,46,31.0316
30,47,30.5309
30,48,32.0901
30,49,32.2342
30,50,33.1583
30,51,33.2243
30,52,30.5347
30,53,32.915
30,54,32.486
30,55,32.2189
30,56,30.7978
30,57,31.8446
30,58,28.4291
30,59,32.3966
30,60,28.1434
30,61,32.281
30,62,30.4112
30,63,30.8973
30,64,29.2
30,65,32.2892
30,66,31.9608
30,67,29.5449
30,68,31.8687
30,69,29.425
30,70,31.8557
30,71,29.7073
30,72,32.3137
30,73,29.4566
30,74,33.7249
30,75,32.4332
30,76,33.0327
30,77,30.6702
30,78,29.3603
30,79,31.8835
30,80,30.1134
30,81,28.4346
30,82,29.0658
30,83,31.1405
30,84,31.7009
30,85,31.081
30,86,31.9787
30,87,29.4099
30,88,30.2588
30,89,-7.10543e-15
30,90,32.93
30,91,33.0436
30,92,33.1433
30,93,32.9685
30,94,31.5463
30,95,0
30,96,0
30,97,0
30,98,0
30,99,30.0975
31,0,0
31,1,32.3444
31,2,32.646
31,3,32.0338
31,4,31.2099
31,5,0
31,6,30.4616
31,7,30.7126
31,8,30.8486
31,9,30.2622
31,10,31.5126
31,11,32.081
31,12,33.1568
31,13,30.0652
31,14,29.6615
31,15,31.0042
31,16,32.5194
31,17,29.9895
31,18,30.915
31,19,32.5876
31,20,31.7944
31,21,31.1727
31,22,30.1097
31,23,28.707
31,24,30.187
31,25,30.7474
31,26,32.0604
31,27,0
31,28,32.902
31,29,33.008
31,30,32.0509
31,31,0
31,32,31.6918
31,33,31.6164
31,34,29.7073
31,35,32.902
31,36,31.9505
31,37,29.8007
31,38,31.1831
31,39,29.6433
31,40,29.5841
31,41,31.5513
31,42,32.8646
31,43,31.5542
31,44,27.948
31,45,30.2452
31,46,31.4948
31,47,30.8059
31,48,31.6861
31,49,30.7693
31,50,30.8639
31,51,32.1443
31,52,30.5807
31,53,30.3891
31,54,30.3262
31,55,30.1096
31,56,30.8613
31,57,30.858
31,58,30.6459
31,59,30.1458
31,60,29.6602
31,61,31.3044
31,62,32.7338
31,63,31.027
31,64,29.6118
31,65,32.954
31,66,32.6998
31,67,30.3642
31,68,30.5146
31,69,29.7891
31,70,31.9747
31,71,31.9352
31,72,31.7278
31,73,30.0162
31,74,30.142
31,75,29.5528
31,76,30.0369
31,77,30.9663
31,78,28.3737
31,79,33.2623
31,80,29.8014
31,81,30.1862
31,82,28.076
31,83,31.8581
31,84,30.1944
31,85,30.0147
31,86,33.6036
