0,0,30.08244991685351,32.83318514856577,31.40459538029427,32.00477908063107,33.528150306869,33.59427168432143,31.73716895061687,32.45536223800313,34.50492175038223,33.42891431081781,33.22602808040708,32.24197135722319,32.48364017470949,32.24560066117548,31.63935866922717,31.27073179508276,33.47911014349097,32.0491641388664,32.90875745147483,32.714312448835,31.35941705453085,30.59597045363981,31.38674624742107,31.26466801359004,32.11738178930532,32.38207275638791,32.75720020087188,32.32240015840409,33.63901808911787,31.86794425437575,32.99330789720849,31.3806840588283,33.40335123905984,33.44553696683611,32.38186793562101,32.46681302499524,30.73958288591437,32.76263109092429,32.01662538432181,30.72377069957397,32.24764788321778,33.03750278093064,31.98705136457564,31.07047193075767,31.43691925109711,34.3091204638067,34.26091735491038,31.70875573087031,31.19313527044052,33.29784167179608,31.5146594777732,33.60327897690938,31.81099869541979,33.54775612466502,32.46252105120611,32.21250904540035,31.66107480803518,30.24733725470724,34.85063284934722,33.18970017942315,32.07243372430599,33.3168320372751,32.41927835409049,32.0398247654384,34.12004866643656,32.53638775279149,33.64818846535427,33.12161757825243,31.80250821869243,33.88567245902021,33.87536399804436,32.85864826799788,34.12681965844459,32.29497722556868,32.56104648195448,31.00588727967641,31.42064283238012,30.89591141235359,32.82076738895665,31.93806686385386,32.47802127593367,35.05901905359017,31.76721333387617,33.9158647538287,31.57247611448935,33.16729692030992,33.72699177216967,32.82628413329781,29.30616900927176,32.38062970357433,31.62433075971728,31.17011793368771,32.88049669637002,31.90251505759382,33.0996315538406,32.01573717720709,32.56053809444801,31.5405726802796,34.01488994543419
89,30.08244991685351,0,3.058972694516651,1.399549366342952,2.043843510941768,56.85291448617212,4.160840474072689,1.878466749412209,2.417764008094796,4.888351041961914,3.355580763792128,3.625659875782105,2.213124579564866,2.809114477800374,2.409353248253922,1.827332089241361,1.61281567774671,3.530439762949609,2.046314462535559,2.868496760768959,2.764783888752687,1.990055077529761,1.965616433386087,1.931458126034135,1.98399511766661,2.040343765478442,2.375079298167325,56.33732000692748,2.359464693208204,3.659603989667152,1.879754980807387,2.932588046558742,2.074882722659965,3.557935900778836,3.432289939492695,2.407947279164457,2.663913174175913,2.748907720314311,2.704498100939929,2.055694498867353,0.9032950775063608,2.214435500499516,2.986631065194608,1.948648527980808,1.550730740194455,1.406330522465113,4.245498471458739,4.422192360118459,1.63048972124329,1.193872054202608,3.622263459204802,1.632943591075742,3.880068542253385,2.053283124297474,3.792415802443317,3.006127544226817,2.835331594590451,1.613371784430141,0.1688022185677545,4.821093778155896,3.796258771651589,2.76211253652722,3.251501659016299,3.005814080321279,2.445829287527177,4.128989759385596,2.600777897837106,3.589563970858861,3.0885786524413,3.245848166469214,3.986510187409037,3.795643343382545,2.793843430031043,4.661476437906371,2.212977162301998,2.506677337381754,1.021431162005899,2.301937172000721,2.775599089562097,2.77723864665243,2.453729804450466,3.202494756637122,5.357783289418945,1.860594952963237,3.916344249839679,1.57278392588471,3.094869756315187,3.934558787779658,2.756852889989167,30.85686016107277,2.495184966026926,1.740905157691005,1.116274235906458,2.798747829305114,1.824233416482846,57.06665553613075,55.63007785522959,56.35165344905084,53.85143652148084,3.939405024048658
98,32.83318514856577,3.058972694516651,0,1.682003683420181,1.05613062583777,59.91138741795702,1.192089312576413,1.183170099126421,1.911801330831615,3.9763009808674,1.29734455298789,0.6210521843215813,1.981291086816743,2.933827542566026,2.561786257909036,1.250745890286038,1.578593528247007,2.501859318836814,1.113620064243805,0.8908507330360742,0.5244028270048008,1.49135241392542,2.324998728259381,3.200010794668537,1.59702317503807,1.421045726135916,2.058708525536347,59.39624221195357,0.797631620776963,0.9559808622996582,1.230604232724073,1.041612550087788,1.488255941985615,0.5752249289678506,2.213578635963335,0.784556754952069,2.656159157532097,2.539042883293908,1.775867728594488,2.260386153653454,2.218744586702575,1.074087538851262,1.865998722174643,1.998173171303532,3.147939111982111,2.249085205632399,2.363686872419599,3.268316611876303,1.871309955471441,2.449904459393948,0.5726711225680664,1.428746843794268,3.210681168617461,2.731821357611754,3.105428801978436,0.6455073060565326,3.395934292593082,2.081972929573586,2.930858722216668,2.973392195829707,3.699962949490927,0.9811708957056788,1.821697940305864,3.388577756542841,3.018570182521355,1.388967635251406,0.5743505523183446,2.01837525731308,1.999754401888162,1.820390005603247,2.86815278725265,1.642670601382605,1.07141967797809,4.057108951464394,1.530866386287596,1.037732288070846,2.038048615625218,1.530547659822749,2.400121893405997,0.9138852432050673,0.9435708727430758,3.627002222134372,4.162260636510477,2.444390822267525,2.504263976002758,1.51772015760533,1.192925271566765,3.096883588973122,1.677402531594578,33.5339042015689,0.5865980220439672,1.319007590872041,2.324766570014659,1.334460425622991,1.771054337862787,60.1255429143153,58.68904668443866,59.4106138083438,56.90728764987793,2.043795682489638
27,31.40459538029427,1.399549366342952,1.682003683420181,0,0.6448791821751114,58.23683501609926,2.831525776670163,0.5491849513176659,1.416775697394107,4.058631377710222,2.037489585846949,2.275253274641678,1.281299593283434,2.242964093633169,1.771542081566382,0.558497384828925,0.6599884003995182,2.541214961890395,0.6528611621773716,1.504305238123911,1.36562306885765,1.091915860214789,1.682885192436137,1.924266703087661,1.168535134858583,0.7823590706174821,1.458884776132289,57.72374344216899,0.960085119304051,2.269186732736905,0.4807444959517878,1.592985359288328,1.185313367866178,2.160832753378357,2.3598031306103,1.009768039923066,1.996516690126487,2.359293720198642,1.601422672070706,1.333638023051772,0.7058018657865652,0.8430528371151201,1.875991172723768,1.06717247700027,1.720314918312449,0.8564126141697109,3.040242657642085,3.469205089171696,0.6642279701119556,0.9388474091853767,2.253059784170687,0.3494641757926337,3.075802622828736,1.654845811228566,2.971843868678949,1.754441474180103,2.519757082506095,0.8507182271960072,1.259534236109318,3.656211545437912,3.245212818837775,1.626810753304093,2.082010610903218,2.612915332066756,2.071730595814882,2.7438734640717,1.201379809557252,2.42009363545968,2.009396776260223,2.374501404143488,3.012078116788973,2.494055864292339,1.462762224768914,3.946057373764935,1.031688900280136,1.16036606874749,0.3992058513496586,1.444892098200562,2.303491354444911,1.416184820389923,1.283638025654281,2.857439531380387,4.440875276493014,1.328753050373535,2.830750343317925,0.1735986676423589,1.777343289167785,3.065304178849531,1.608731080711035,31.97284877829936,1.104373208965161,0.4177485195975037,0.7607846494413207,1.533370228280377,0.7786128068568204,58.45551386852374,57.01729878905507,57.739689590167,55.22911394369996,2.709723612403043
39,32.00477908063107,2.043843510941768,1.05613062583777,0.6448791821751114,0,58.87875898958534,2.233017315679506,0.3365273505271784,1.281016013803581,3.822281774998017,1.501855511070121,1.666471947559659,1.240902177926288,2.275796278750898,1.828897354290143,0.4572188881636736,0.8442380451892615,2.269322657940287,0.1407776348075369,0.9304898295191437,0.7251434206484513,1.079745303835874,1.888152760788764,2.264174474361022,1.193114208079489,0.5752749717180868,1.385171485945933,58.36637851516328,0.3208118766765958,1.641601270182428,0.1744837131964491,1.051868779196131,1.145505422699275,1.516227487465763,2.036466871274428,0.3774709901249614,2.000421169882829,2.410612783878606,1.333891750234131,1.434364520997133,1.281814648983933,0.3413073223606692,1.563781536844426,1.14089411048449,2.151593096207265,1.237869585873256,2.576840043415712,3.175015131577024,0.8841641713204113,1.414523869185923,1.628637937423931,0.4999237735973358,2.896289565584164,1.866841195769549,2.787975330758543,1.259252156806677,2.65628772478258,1.110226703097311,1.904331950269698,3.208540139835114,3.205248460171549,1.260994002551663,1.695736199899469,2.702222995067957,2.229115221871522,2.120706466393536,0.5571204886654406,2.011595027103068,1.710791089984551,2.135544352187918,2.723051231446722,1.960901391364732,0.9438515452392112,3.781154652120046,0.81849219401315,0.6500480619757983,1.03080702247435,1.355010687515704,2.316749771355705,0.8526224775300816,0.9431371062943678,2.951202062516508,4.140942013567448,1.546035381791201,2.469427914002681,0.4729902632740831,1.254781471424734,2.844597739426968,1.295088326269145,32.51313266973824,0.4699397342546934,0.399514251769505,1.276361862403025,1.097291567572719,0.8482210088572304,59.09879902306722,57.66015326882572,58.38276099666415,55.86915408577489,2.236149668892155
21,33.528150306869,56.85291448617212,59.91138741795702,58.23683501609926,58.87875898958534,0,60.99072150370787,58.73118877744664,58.73244367524899,59.76531196649968,59.93846622092357,60.47288934571881,58.53276266673883,58.27172824379133,58.25573519807098,58.67545495223477,58.40998102252168,59.40313576104005,58.85825230265852,59.58824530433017,59.58058098308059,58.68635594547187,58.1764341102714,57.3144658972938,58.63250515058483,58.72358043164136,58.60439178616374,0.882576708629077,59.18294862000364,60.41282024501484,58.70781988088743,59.60101323626368,58.74669321215885,60.39228659927405,59.50785063653641,59.22350481941536,58.39012504244674,58.6417381109101,59.05483426528401,58.23005655345248,57.71680993425043,58.9876494893787,59.26558193584879,58.34097892443416,57.14783335136174,57.86914940790537,60.41855009540404,59.86397918071847,58.23513360127934,57.62473580900656,60.47491379293619,58.48551282714799,59.18451057506011,57.84662069525873,59.17955307858661,59.80545983837218,57.82414113562316,58.08957755533126,56.98109086488709,60.75337793640785,58.53840482951874,59.49366554314783,59.56277560942642,57.99837946216989,57.87286254315322,60.84392989967542,59.42886044768695,59.82055066972165,59.28421707879485,59.62077954803971,59.6528011616994,60.28885335698745,59.4608765591534,59.30714009474684,58.79002677447683,59.22425482314144,57.87336230609498,58.89590159672159,58.77348787011842,59.49729215067714,59.23553483674437,57.93218962911504,60.31236890468961,57.96342417455749,59.8720843132946,58.40639444911606,59.7057248009195,59.36871448892871,59.15668093856208,33.50029980462862,59.3409799723492,58.59381194314812,57.69384566523609,59.36209729879603,58.40396861550071,1.508809234088935,1.549561310182746,1.31466342781433,3.374913083744148,60.23417014767409
80,33.59427168432143,4.160840474072689,1.192089312576413,2.831525776670163,2.233017315679506,60.99072150370787,0,2.297601795706957,3.029576567188144,4.677757081122127,2.097832670477748,0.5710378521607372,3.128797123234691,4.01460628170296,3.686161531343042,2.335555731807215,2.580752093544347,3.37250191642502,2.301930632154892,1.941325660884306,1.681107117267767,2.331901704942547,3.008341794899128,4.380202692370654,2.403520734422615,2.607498532861602,3.182300843987386,60.46949328190878,1.989562277803405,1.449568646449059,2.406022109645567,2.050660079872856,2.285549779166644,1.020451029540582,3.080644098647161,1.975907685150995,3.746157377046847,2.910137793751473,2.835625710174609,3.422664277907471,3.278178820646895,2.263977253934628,2.850865952693903,3.173251650184793,4.339192444756605,3.441043476215307,2.894555107608077,3.966344966861433,3.063355147623579,3.639236555707563,0.6561815775044246,2.538320782771223,4.079771801352911,3.896731168977944,3.98338251883895,1.193134464227856,4.501784064407296,3.272950763958006,4.0473755299288,3.395019215648951,4.663454074614573,1.547392047920649,2.714524687906371,4.469350837734878,4.153049839312929,1.555512971921034,1.763264734926965,2.796601961065473,2.960546591098727,1.894339896888354,3.641585169712402,2.233791014219599,2.132028394930698,4.852459746933481,2.693369893935371,2.186037712784166,3.155250268475344,2.194434302002472,2.752504941894122,1.997347334329391,1.762567720755415,4.696538564067383,4.736312784098211,3.621485746900607,3.231952937888481,2.676818975724571,2.123660693541443,3.930212315683305,2.724165431173016,34.72570794094772,1.770168837333675,2.436686894469443,3.50873254582552,2.376562733574751,2.959424772212083,61.19205920430904,59.76023485937412,60.47952780722931,57.99956232963037,2.653721476523478
78,31.73716895061687,1.878466749412209,1.183170099126421,0.5491849513176659,0.3365273505271784,58.73118877744664,2.297601795706957,0,1.573085584993804,4.148881724171485,1.824567484992632,1.750828716193151,1.504871479093793,2.533429746605996,2.073404591952384,0.1207299114337407,0.5130145179164673,2.597293452939215,0.4594151721438869,1.246809873113158,0.9788205494131325,0.7605121287590478,1.552373374343562,2.396759596639772,0.8697752486903717,0.8553316624023871,1.662582680054564,58.21511401898257,0.6067385131601738,1.902631149304978,0.3377634444982954,1.377422512664857,0.8344877937269953,1.70779619413905,2.369354745281378,0.6716453948955295,2.264366901343774,2.096051643515215,1.655382650755209,1.656082188890754,1.042637733390261,0.67630167165345,1.893658921380346,1.363031120396139,2.232829134796957,1.331806167004129,2.909248191802895,3.507330883420874,1.033117099897536,1.460178906550274,1.743805262038765,0.2457715696593258,3.211777602862257,2.05363865397177,3.103905155650496,1.205391783283052,2.881062517344942,1.25648421425812,1.755574407753806,3.541846934831959,3.48990811295261,1.101913812581847,2.03184740879276,2.944332151710499,2.442351312667664,2.383623970801854,0.8002078926153422,2.348086903028047,2.039814393534568,1.91485208733722,3.054162391462054,2.281453035609057,1.275334801336312,4.096171183176514,1.11640779995092,0.9854850469977124,0.8608992725940533,1.063560481374222,2.009775042288813,1.174412690833819,0.7600472615520346,3.193262559927975,4.474603658291823,1.724758319659973,2.805392444054059,0.4268336382351814,1.582700540283485,3.167009857650342,1.623226591123867,32.5217214027794,0.6478953952182698,0.1391327389646227,1.293808830939702,1.433809125037846,1.055240145498179,58.94361088970221,57.50764470672253,58.22894091243138,55.72974177166141,2.567964311463957
67,32.45536223800313,2.417764008094796,1.911801330831615,1.416775697394107,1.281016013803581,58.73244367524899,3.029576567188144,1.573085584993804,0,2.64192609699734,1.226128588543308,2.485754672552383,0.2146244779505972,1.033077041945538,0.6566011462793354,1.680391555030507,1.994981997636919,1.144158529430712,1.140276958075636,1.092454398882433,1.387427073616776,2.332036684340107,3.066103747545395,1.467829031019548,2.437860234675227,0.717765950362407,0.1544631061314905,58.23581323367871,1.257583838634048,1.822454568116345,1.236083462136483,1.0106272503444,2.407573038659231,2.047345798182801,1.015092289623201,1.225502969796312,0.7525022635156515,3.666735212416903,0.3256620619920992,0.5025327940552404,2.067215037576969,0.9844101629921251,0.5832437272588272,0.4709803841475688,1.584771653381834,1.021645810424314,1.855491960776247,2.068476473521196,0.8265623863798875,1.262344622828904,2.374437430303519,1.59586574089621,1.663411123596232,0.9327794882631929,1.558094881722683,2.388647475741299,1.484251117165262,0.804795928049036,2.248984764618634,2.407358914519709,1.92430440530882,2.497513448067279,0.8730481797630653,1.48308817368857,1.124586875758243,2.169309476401113,1.379252597106963,1.194404411725466,0.6716749290476387,3.398480313169404,1.614649498348351,1.558128268178937,0.9049097864949102,2.541149413071924,0.4626314885219034,0.8772583634204435,1.718955117077712,2.63095478567892,3.582827611330193,1.032245029240809,2.206481871127293,1.726329772479578,3.035951473636342,0.7692372873301415,1.499673609142322,1.332318929160449,1.030632248226959,1.648609927247904,0.4244152379475503,31.80507968862835,1.492066865826005,1.555401703881164,1.302456287978805,0.6949005458427937,0.6539722204722657,58.98471357074575,57.53507809498672,58.26304915578179,55.689700037295,1.579391115112197
60,34.50492175038223,4.888351041961914,3.9763009808674,4.058631377710222,3.822281774998017,59.76531196649968,4.677757081122127,4.148881724171485,2.64192609699734,0,2.685105544993023,4.31548824257592,2.793492939424493,2.10933978857903,2.478997909097105,4.265578495684266,4.613756924853107,1.55335162296637,3.690354054119121,3.139081159483412,3.56122600928356,4.901939372079413,5.68681386738518,3.175744622165925,5.015290939589765,3.322790357024689,2.613841190073127,59.29908095546646,3.671476875817558,3.242942004076088,3.826436646557774,2.975178055606331,4.9651478919323,3.727558870958869,1.805374805746861,3.614932327048554,2.22462672677193,6.2277125796749,2.495172855881312,2.856649445368868,4.696457730677897,3.483639740250591,2.260074386835824,3.041735992065404,3.53493065417508,3.519212587935965,1.807301618392307,0.7152174954113679,3.445577058273053,3.700987661347342,4.155053151388355,4.215404237762705,1.009996508594268,2.858235396996485,1.103656072348046,4.605850622591737,2.297385493163845,3.355054362331282,4.725295540862328,1.518969642334396,1.323546999032866,4.853475537707501,2.186133049954797,2.090165825903495,2.532176466275014,3.166126646589752,3.662086726265822,1.958059481817597,2.112279473091277,5.759195999021533,1.118160738597767,2.446552150588241,3.003605803261135,0.4612811327963698,3.055610288321144,3.220188170928433,4.348378573440715,5.15655574152084,6.12540303918006,3.157920426494267,4.638710529988169,2.030006261621334,0.5675251337692115,3.028507955995171,1.47579064864346,3.967569118476577,2.794252059245552,0.993327402810369,2.527201889367873,31.69229276969402,3.841535819304588,4.159404354001793,3.814187064196578,2.770635885808955,3.290006996815554,60.07794192495942,58.60958531143081,59.34666479686933,56.66345932250363,2.024220096515128
26,33.42891431081781,3.355580763792128,1.29734455298789,2.037489585846949,1.501855511070121,59.93846622092357,2.097832670477748,1.824567484992632,1.226128588543308,2.685105544993023,0,1.657081134632131,1.412784549719567,2.027452055280052,1.813576720683364,1.94229472534804,2.337383439517664,1.276499515590608,1.421184817448555,0.5807063812130318,0.9560175784972504,2.474549639768016,3.33036359054495,2.692083851058386,2.592718044348019,1.315252630672359,1.369202414555233,59.43901701374297,1.224898966006332,0.6808375109983097,1.6031239246824,0.4509872754244953,2.51174423752484,1.085947120667238,0.9836433938935915,1.159027157303675,1.789637039496295,3.715800943906819,0.9234537707901521,1.724145645977996,2.737673315524476,1.204143151857574,0.8156906153649919,1.598097311986372,2.801017828618451,2.095846168121476,1.115334090032332,1.973859774293953,1.760949462765792,2.346792011342959,1.50401899473303,1.998431215229675,1.987662389722311,2.154229089784322,1.888926943470208,1.937330801512852,2.538733126529687,1.868382885703442,3.194402045238073,1.747965527334977,2.569687095197382,2.225360121849765,0.6215774080151683,2.465591067789979,2.274446660944973,0.9470417184859401,1.104801424002589,0.7303547871237466,0.893884888411924,3.107392926778652,1.588949715762202,0.4599438931722624,0.5748116514844349,2.794992320326604,1.173758754429336,0.8786542899179313,2.432046365911408,2.645406207640457,3.592223377188192,0.6502701823340725,2.071190645251868,2.672061718364724,2.867454111179081,1.985263112168522,1.209844096933858,1.877063967022893,0.261632433105275,1.8487096891494,0.8093737099127829,32.98451424532428,1.299485971987162,1.901291920910644,2.317049945216524,0.5811847882667023,1.574075188614441,60.18482432614142,58.73723778604691,59.46422026315385,56.90094184093412,0.776615088688504
81,33.22602808040708,3.625659875782105,0.6210521843215813,2.275253274641678,1.666471947559659,60.47288934571881,0.5710378521607372,1.750828716193151,2.485754672552383,4.31548824257592,1.657081134632131,0,2.574236330521645,3.488121545409228,3.141549008119737,1.798788926977784,2.075452048977927,2.92775667619381,1.732007252218053,1.410583180468862,1.117912006180375,1.882027930136759,2.635694156282567,3.81403188215308,1.968474324838178,2.038400803466433,2.636791112313709,59.95453617375185,1.418558175973906,1.085857653532267,1.840194367235094,1.535216840748498,1.85095906135033,0.5890735015578343,2.634221976469838,1.405088245866327,3.215254099789017,2.672504598793084,2.312240039444776,2.862991136388334,2.756909461133252,1.693644265273152,2.355671712714256,2.608543821623367,3.768513608711912,2.870045833706645,2.586436936330888,3.600275367883755,2.492339051576646,3.069209591020482,0.1642189803530187,1.99473857884868,3.641154849570375,3.336454418917817,3.540413571474267,0.7653675236788978,3.966068157543188,2.702350857897008,3.50611029227677,3.144699034406421,4.187643701219711,1.16304003339438,2.252961231428614,3.943911848822395,3.605170092133569,1.353447178045982,1.192998248910412,2.381951406587939,2.475707876035756,1.760677805267435,3.240045220398815,1.8813884606421,1.601331841682889,4.449896008606857,2.132570415556393,1.628301399302696,2.611615172372971,1.809521700494231,2.519670013267648,1.457581088579948,1.299683251109734,4.176218812390068,4.43126660507339,3.056281881738491,2.845042457129915,2.116872174364246,1.63642398289744,3.505720658482521,2.204703515940392,34.15481913288373,1.201045276576331,1.889765228027123,2.94069327283448,1.855268194526723,2.389756226025279,60.68029772924456,59.24624757412509,59.96662414834037,57.47558051815772,2.306012067762634
41,32.24197135722319,2.213124579564866,1.981291086816743,1.281299593283434,1.240902177926288,58.53276266673883,3.128797123234691,1.504871479093793,0.2146244779505972,2.793492939424493,1.412784549719567,2.574236330521645,0,1.034916254714273,0.59725321552403,1.604287953044534,1.890932456256597,1.329139335392748,1.101797384483308,1.213413133907004,1.460133700558681,2.254214983548071,2.95342759159177,1.300970053806506,2.355179137813073,0.665745755124461,0.1797223955022881,58.03516499154798,1.271889592497571,1.981052067678994,1.168262305581424,1.154002346231458,2.334579767606757,2.169085051755407,1.219982896574131,1.250069741936174,0.760933567962795,3.582448808649946,0.5367962176886274,0.315923587205105,1.903242663803405,0.9819962187277715,0.7977104330132371,0.2650897945490419,1.388548539836511,0.811637499507504,2.069741247734842,2.245234360412224,0.6525709817700117,1.049587349187121,2.472674555931026,1.496198203646757,1.799250042513301,0.7794576667071073,1.697087847432959,2.413833138422623,1.436842709043333,0.6004281425673574,2.044335648370209,2.617617065774895,1.98979006116511,2.488463422116452,1.087379951278109,1.465572391403729,1.038593202937192,2.348412784643124,1.426061054852865,1.408758101158198,0.8818046251828664,3.375644705206646,1.795788531263309,1.762722073483182,1.034439388587293,2.66513098870952,0.458506819628301,0.9464230610033033,1.554988154839178,2.56843115851597,3.506095307360345,1.142752581580438,2.181972570880985,1.713852222196444,3.206860913706074,0.5724803234123086,1.703442805679905,1.217723162370304,1.201237809485791,1.802909526323877,0.6274732909276519,31.66222868024296,1.514593032146827,1.469259903583918,1.096857760571357,0.8565932018454848,0.502843260737122,58.78310447784882,57.33409318575224,58.06175816307516,55.49209959506274,1.793723037574065
44,32.48364017470949,2.809114477800374,2.933827542566026,2.242964093633169,2.275796278750898,58.27172824379133,4.01460628170296,2.533429746605996,1.033077041945538,2.10933978857903,2.027452055280052,3.488121545409228,1.034916254714273,0,0.4714250102384102,2.628081346640744,2.886247824527445,1.131426740520676,2.136513806353862,2.077942620115825,2.411103177622491,3.272827573495601,3.924445533624698,1.096929533158598,3.369204913781287,1.700566538617102,0.9012516608927643,57.78677678220465,2.286993046102059,2.697280357452931,2.199028997913298,1.964223237249739,3.356345743911731,3.006595819147134,1.267045855442527,2.257307109206757,0.2806599733676798,4.589524647533837,1.178980576652169,0.9095970862768181,2.766136623146671,2.005741579038724,1.211761913396752,1.184430109657832,1.433346744067338,1.516412467698711,2.153257462965233,1.778018925400348,1.578745971466339,1.650933294985163,3.366005431918614,2.502177583382903,1.13012426832764,0.757183993298211,1.065895869031425,3.421544581332244,0.5135515555314714,1.413609955692411,2.651365362907305,2.507996200853603,1.019407743271517,3.518684242661414,1.45110236910785,0.4558279467813031,0.4442391938281635,2.946227654454206,2.411619165834986,1.610809218011847,1.1510368195988,4.410005468697548,1.43497235139027,2.194359565600045,1.886971059093175,1.852845664374799,1.476291580353168,1.906987087858072,2.433610513428507,3.595770647524655,4.520882057120975,2.032235943048175,3.216120556282587,0.6940519820393967,2.621365649809779,0.9862410278666136,1.60079276091959,2.212821976633825,1.915493241800802,1.243355325744605,1.291191534096,30.97966363600482,2.523985439315432,2.487498872579159,1.794828834243801,1.638045125200189,1.491185939752685,58.54757094581631,57.09028947585309,57.82198052247823,55.20582785571814,2.013186360737948
43,32.24560066117548,2.409353248253922,2.561786257909036,1.771542081566382,1.828897354290143,58.25573519807098,3.686161531343042,2.073404591952384,0.6566011462793354,2.478997909097105,1.813576720683364,3.141549008119737,0.59725321552403,0.4714250102384102,0,2.164917761322083,2.415876365155432,1.239594038564561,1.691623851294279,1.74780999053948,2.0377450887332,2.80657284484157,3.453127611552551,0.9437435132780673,2.901496617359985,1.256607519662764,0.5047659948910368,57.7648129868635,1.868810844754127,2.449452003004816,1.741896671971936,1.658174758956102,2.891196769835809,2.700435222386082,1.26766504161688,1.845696790166523,0.2554171695976581,4.119758001540014,0.8967334658277369,0.438291947465439,2.304630819970005,1.57921980143827,1.033113714063653,0.7159157702836383,1.185861133375948,1.064944002068408,2.185406790999679,2.048412781343309,1.107321484204759,1.225154721879357,3.031029191329893,2.033777913957596,1.471276082869308,0.4382304098816289,1.386041465954148,3.010461560762113,0.8403906594965673,0.9459462508716897,2.246502864700474,2.636262709951956,1.483164611230626,3.082807991473501,1.320216749289574,0.8735358897031442,0.4708031108545381,2.758784890826379,2.016259668036026,1.565204152565278,1.031012483009875,3.964149762098245,1.64382565649438,2.069176135746372,1.559008337768174,2.269797475495042,1.05431362513743,1.524160469244975,1.968489457366344,3.133307088925848,4.05267798912196,1.688816131471096,2.77193042703362,1.122645651112889,2.956859885138216,0.5507594660376816,1.696399485950482,1.743308363001435,1.652610442426817,1.537507606406835,1.01404765768288,31.17629259549635,2.110938006873025,2.022310492489918,1.352487637438427,1.334774668983325,1.024228469260159,58.51960738857558,57.06614670361935,57.79597766887738,55.201664923537,1.978661290622238
72,31.63935866922717,1.827332089241361,1.250745890286038,0.558497384828925,0.4572188881636736,58.67545495223477,2.335555731807215,0.1207299114337407,1.680391555030507,4.265578495684266,1.94229472534804,1.798788926977784,1.604287953044534,2.628081346640744,2.164917761322083,0,0.3953950394070236,2.714704564863071,0.5781537217598796,1.36356188408236,1.082671168104019,0.6518676352656249,1.432336347903312,2.450732012659672,0.7579636011236534,0.9631803497833089,1.765353156710707,58.15807329640863,0.7211379412899513,2.003708841692907,0.4450461747604434,1.496076101582421,0.730323181421057,1.789576780664674,2.488509145818992,0.7865609649713841,2.361535656214649,1.986436604740656,1.771153519575266,1.742213934660033,0.9680786816641748,0.796548538318509,2.011891569212777,1.451166896756681,2.270106908949557,1.380860772678753,3.029172755318658,3.626174474802314,1.104048510921306,1.491421640740643,1.801806703914212,0.2146669742492236,3.324785221071554,2.126900466157687,3.217098962119621,1.212066113040615,2.964362541326038,1.323095836174961,1.71184015258791,3.661965833184843,3.592411677943454,1.068606256960462,2.152258448150294,3.033252681023334,2.522833034773715,2.48424480675276,0.9039163722642368,2.468802207273281,2.157723084971225,1.847189640815903,3.172601357661866,2.398423847356383,1.395277991236957,4.208781027090644,1.226832573711281,1.106145372966192,0.8218121450182523,0.9684128305517162,1.903782705856843,1.292444856100576,0.7252623468793179,3.281820336851395,4.593924119846918,1.797170529419855,2.925717548678823,0.4685592439726619,1.701774488789381,3.282388545463212,1.741024470969891,32.5221032683927,0.7412822137560724,0.1526601591835052,1.317642134125229,1.554466628544341,1.142271817945716,58.88517462235266,57.45016743064721,58.17099402858721,55.67692344012091,2.687767508330406
73,31.27073179508276,1.61281567774671,1.578593528247007,0.6599884003995182,0.8442380451892615,58.40998102252168,2.580752093544347,0.5130145179164673,1.994981997636919,4.613756924853107,2.337383439517664,2.075452048977927,1.890932456256597,2.886247824527445,2.415876365155432,0.3953950394070236,0,3.069308752307219,0.9527666810080262,1.758927772445938,1.469298584202088,0.4516796832811557,1.073511941814724,2.56838116951785,0.5129077597185977,1.291575944326798,2.061917029621329,57.88903100921505,1.116351735755863,2.384088227691205,0.7939427829924465,1.8904312430257,0.5477214656131502,2.13808782011837,2.854453363960386,1.181856740178921,2.631241598874184,1.704580515834761,2.120486009554342,1.980564051473971,0.7105311254677489,1.176530511137582,2.373093808048871,1.702453571056489,2.335057669189704,1.509649014313606,3.420822562382303,3.988420380408204,1.313741587199872,1.55867807362596,2.10129536067278,0.3995425123943595,3.655306846381905,2.314818672167387,3.548770290947489,1.402642306264732,3.178310579808949,1.509552386976163,1.524778394390159,4.052760049827979,3.876323590461603,1.151976692742119,2.529531579030615,3.267274934956683,2.730633987991368,2.863098609897101,1.291235467145693,2.851376035014586,2.516593604391263,1.767778975062786,3.532655206561484,2.793776538673234,1.787186947007982,4.53569415349545,1.559022730565613,1.49400729515834,0.7130494789518688,0.8093835309449871,1.64439982423915,1.687331745330767,0.8419439597651627,3.512987870581985,4.958963552959172,1.988360518676404,3.301125303969191,0.6750923977714686,2.09557152776984,3.624792058359865,2.100774573963209,32.42475268988185,1.118771324766152,0.4598599080215441,1.369677603129266,1.936385865435735,1.399365438265463,58.61231942171803,57.17994612369478,57.89948121013931,55.41954616151703,3.07985957861544
63,33.47911014349097,3.530439762949609,2.501859318836814,2.541214961890395,2.269322657940287,59.40313576104005,3.37250191642502,2.597293452939215,1.144158529430712,1.55335162296637,1.276499515590608,2.92775667619381,1.329139335392748,1.131426740520676,1.239594038564561,2.714704564863071,3.069308752307219,0,2.138241619821798,1.627105338692217,2.045531932262489,3.348815119166678,4.14049622820052,2.155918261294115,3.462432493117487,1.783217414924492,1.15847328196833,58.91801171133839,2.122692267527639,1.934052834749776,2.278256163981555,1.466799371743805,3.411796572844242,2.362334816460312,0.2935552858591953,2.067785067871043,1.043480383116064,4.674595623596982,0.9494016083889212,1.485167439335175,3.20842479801713,1.930332938061559,0.7068291923997897,1.593012511094757,2.425161264576882,2.124309936865299,1.028137319261642,0.9280876345597526,1.970463812428001,2.344015586627949,2.777757749953489,2.672953954438967,0.7137330647101668,1.677707383952675,0.61284230016874,3.107558720349687,1.600387366509896,1.926164136377476,3.362140591503006,1.400764798942488,1.32204713260604,3.326148412201202,0.6811941521574724,1.453916538619053,1.542135125410411,2.039728997907913,2.129819096339754,0.6066021844442532,0.55893055736051,4.23808529507401,0.4715478842182719,1.238446562942756,1.473748045974711,1.560994085601456,1.518341148538261,1.670972239718088,2.860780743624058,3.604634381324999,4.57329265908978,1.632818675124114,3.095843719290273,1.595399688104358,1.899724051573436,1.719019889421008,0.4710490806079536,2.436648979497571,1.310941357971948,0.5985830345263119,0.9743543459259917,31.99963577917724,2.302581321206266,2.612308105805178,2.417172936059679,1.228249872564416,1.796540776703475,59.67845461904373,58.22141585941529,58.95299774833388,56.33705472215287,0.9435250003306618
52,32.0491641388664,2.046314462535559,1.113620064243805,0.6528611621773716,0.1407776348075369,58.85825230265852,2.301930632154892,0.4594151721438869,1.140276958075636,3.690354054119121,1.421184817448555,1.732007252218053,1.101797384483308,2.136513806353862,1.691623851294279,0.5781537217598796,0.9527666810080262,2.138241619821798,0,0.8638067577022401,0.7235655677671945,1.213557385165422,2.009969015525735,2.151963725689816,1.325562393519087,0.4360785431876858,1.244710300986027,58.34758238200023,0.3268807548572955,1.61651371090335,0.1829326350473817,0.9703760649241989,1.281645771847042,1.534869491513648,1.91036185049835,0.3655217119780753,1.86065921887135,2.546699520740933,1.19874164712299,1.302124578192276,1.328142445002431,0.2249520248578131,1.434254012300423,1.009917160884839,2.055822199933162,1.14562795071826,2.477751726952961,3.048071441813486,0.7790518968873572,1.337306571980041,1.682136867407825,0.5823490164108341,2.759362264242019,1.741268214488974,2.651165608718717,1.372188453194575,2.521362812556985,1.001781465078192,1.900380080349927,3.106957057616988,3.064484999357146,1.393954989216736,1.577392104707577,2.564591527442209,2.096810915024969,2.091064150007233,0.5729530598880795,1.898744255747935,1.580501753428455,2.273930513278899,2.594755003367186,1.881118771575841,0.8524157077252709,3.644194194980663,0.6778007015808822,0.5502343084950986,1.050525578237133,1.494426763106788,2.454540750964412,0.7797070890128943,1.080594798594573,2.813457604349725,4.015810196924623,1.423861901934552,2.349966048063788,0.4803700679749485,1.167695017900124,2.710284823291218,1.164004641468307,32.43105314355365,0.5324331081992395,0.4954009280918467,1.212047596462032,0.9838900005527841,0.7242458081533781,59.0818228708617,57.64194106236298,58.36515263956574,55.84495454440376,2.138729879581223
55,32.90875745147483,2.868496760768959,0.8908507330360742,1.504305238123911,0.9304898295191437,59.58824530433017,1.941325660884306,1.246809873113158,1.092454398882433,3.139081159483412,0.5807063812130318,1.410583180468862,1.213413133907004,2.077942620115825,1.74780999053948,1.36356188408236,1.758927772445938,1.627105338692217,0.8638067577022401,0,0.4221581593876479,1.897845517299124,2.751377932297276,2.505686103210366,2.016095619788894,0.8657815825822048,1.246443000081935,59.08317353041338,0.6444475915914105,0.8248663318751637,1.046639240978271,0.1640891353698238,1.938240060364385,0.9568526232309769,1.345719777413638,0.5785807392246599,1.806492804530654,3.159128301298781,0.9019003642782584,1.522636063410165,2.191588497506787,0.6614688560639648,0.9752346911523786,1.313857695877517,2.536781493282663,1.723541004387741,1.687254271210212,2.44512609546263,1.353157416050677,1.964513412641775,1.289094969868617,1.430071386431411,2.329214712042822,1.992659744390167,2.22280985169863,1.4804745232076,2.560688807627443,1.510364571316204,2.713544267584786,2.32168872869011,2.809671484999866,1.715254803405841,0.9558326934756675,2.533642182205056,2.216950654838372,1.26997476032633,0.5401991535902663,1.204029627222647,1.11040439513148,2.620417488932165,2.021573389881875,1.034868312713307,0.1910733593111502,3.187835066362709,0.8271847133685646,0.3673889485948895,1.903312297294707,2.083498000258671,3.040791314335533,0.09215244528811595,1.523509950702984,2.765665461413519,3.377690618575782,1.752294155319115,1.691395956388409,1.336504534405209,0.3627034368771525,2.225374938605855,0.7961910618030467,32.87406283074851,0.7327041133783072,1.329403319482555,1.898112713167667,0.4478304505245551,1.18914705249695,59.82319104331617,58.37943655850575,59.10454633518027,56.56263163149469,1.345531342400156
92,32.714312448835,2.764783888752687,0.5244028270048008,1.36562306885765,0.7251434206484513,59.58058098308059,1.681107117267767,0.9788205494131325,1.387427073616776,3.56122600928356,0.9560175784972504,1.117912006180375,1.460133700558681,2.411103177622491,2.0377450887332,1.082671168104019,1.469298584202088,2.045531932262489,0.7235655677671945,0.4221581593876479,0,1.537653769408948,2.398398199500741,2.699331411408701,1.654887922290684,0.9354780282290009,1.534386567531366,59.07037360056862,0.4056720979203848,0.9247125949373681,0.885047697313874,0.5860697671968274,1.567121615392385,0.8171044078042319,1.76649616621361,0.3581965798865265,2.132850780352347,2.759802215723887,1.262105759893358,1.745283417332828,1.999836171680506,0.6098848932977879,1.377671974891572,1.492144532930539,2.672302667277065,1.794497603922295,2.070818921943068,2.866378449393638,1.412001095986696,2.013377360060209,1.029755782816635,1.200648885786086,2.743117317408089,2.218578021247566,2.636012018719316,1.065524900808482,2.871532203286622,1.608824845296188,2.621576394031667,2.701954146071543,3.198766675650326,1.293737361995086,1.377525722325666,2.865389891459127,2.495909950933806,1.405736637191851,0.1787938858104926,1.622061948977226,1.51809944719479,2.198296345362357,2.443723688707276,1.381516169206818,0.5766186111558427,3.606515220365014,1.014766400026873,0.5143625800767949,1.755685399220201,1.690272142316355,2.636886684286579,0.4153843565098611,1.115895820899017,3.104720752001161,3.794639510165852,1.940399751569107,2.110571173110845,1.192147212938723,0.7757892159760406,2.644103132342196,1.169140873660349,33.05573845794403,0.3598381199951779,1.09027920683027,1.909916464582609,0.8368174109320053,1.28858101956088,59.80498657948247,58.36486575912392,59.08820104122169,56.56591996273763,1.732623706220429
70,31.35941705453085,1.990055077529761,1.49135241392542,1.091915860214789,1.079745303835874,58.68635594547187,2.331901704942547,0.7605121287590478,2.332036684340107,4.901939372079413,2.474549639768016,1.882027930136759,2.254214983548071,3.272827573495601,2.80657284484157,0.6518676352656249,0.4516796832811557,3.348815119166678,1.213557385165422,1.897845517299124,1.537653769408948,0,0.8609887792556034,3.01279134172591,0.1182530971990263,1.6145028354553,2.41675721575425,58.16102858397714,1.268227504833487,2.394785166560267,1.096063902606613,2.047964071577417,0.09605332121670833,2.066522048650497,3.111985902794372,1.332143396942358,3.009092738901956,1.335553989489406,2.412297353471716,2.377871035817062,1.096245728195106,1.418733184827293,2.642762202946795,2.090796364899969,2.78587743208379,1.948040618710554,3.585077567185746,4.250586542335713,1.721992317895562,2.008009402923551,1.940859301835165,0.7771486549538145,3.971547197843578,2.737931611204977,3.863546187445706,1.140443521789256,3.591579617114133,1.929491465553229,1.921834970973603,4.219534194736154,4.243364104053862,0.8079087830835817,2.76040891670369,3.669809532478761,3.146108110659572,2.859024363761577,1.373433683365886,3.063062752630686,2.790083128886776,1.318452761570993,3.800448016620096,2.915325923973718,1.968200865096151,4.856139582066156,1.876808347852118,1.70248244990516,1.159170974034593,0.3578508660356657,1.25220413087525,1.841987686503759,0.5824580088655,3.917463753268334,5.213170037534295,2.409006989567751,3.533149580061215,1.071146798119001,2.255497062793118,3.923753213582182,2.374744800032492,32.83683992103989,1.180147422801234,0.7857953582364016,1.819819619358858,2.15872321927028,1.7823760192808,58.87949333777673,57.45049642985434,58.16838154202959,55.70567187737594,3.243242993219091
