,0,89,98,27,39,21,80,78,67,60,26,81,41,44,43,72,73,63,52,55,92,70,10,93,85,13,94,42,49,25,22,45,28,34,90,1,96,91,56,16,61,38,77,14,12,7,57,6,18,86,65,75,31,99,29,83,84,71,95,11,47,48,76,88,30,58,15,69,19,62,23,53,50,33,68,54,51,79,97,40,46,20,24,5,9,66,37,87,4,35,8,64,82,17,74,3,2,32,36,59
0,0,29.306,31.541,32.757,32.017,31.359,31.938,30.896,33.648,33.190,32.382,32.478,32.248,31.070,31.987,32.859,34.127,32.419,33.603,32.463,31.170,33.886,33.429,32.880,31.572,32.484,31.903,33.038,31.193,32.117,30.596,31.437,32.322,33.446,32.381,30.082,32.016,31.624,32.213,31.271,32.072,32.763,31.421,32.246,32.242,31.737,31.661,33.594,32.049,33.167,34.120,32.561,32.993,34.015,33.639,31.767,33.916,33.875,33.100,33.226,34.261,31.709,31.006,32.826,31.868,30.247,31.639,31.803,32.909,33.317,31.387,31.811,33.298,33.403,33.122,33.548,31.515,32.821,32.561,30.724,34.309,32.714,31.265,33.528,34.505,32.536,30.740,33.727,32.005,32.382,32.455,32.040,35.059,33.479,32.295,31.405,32.833,31.381,32.467,34.851
89,29.306,0,30.125,33.368,31.351,32.837,33.232,33.508,32.566,30.788,31.652,30.407,32.462,30.387,31.574,32.697,31.253,30.573,31.511,33.727,31.243,32.054,32.985,32.500,32.105,30.980,31.769,32.178,31.099,32.122,32.720,31.287,32.737,32.213,32.963,30.857,32.854,32.390,30.467,32.425,33.566,32.073,33.158,31.176,31.662,32.522,31.453,34.726,32.431,32.828,33.921,32.571,32.813,32.942,33.624,31.128,32.404,33.172,34.369,34.155,32.075,31.663,31.730,32.190,32.345,30.915,32.522,34.098,32.874,32.431,30.370,30.883,34.084,33.825,32.130,31.553,32.307,32.799,33.611,31.741,32.987,33.056,32.839,33.500,31.692,32.963,33.434,31.713,32.513,32.750,31.805,30.711,32.131,32.000,32.063,31.973,33.534,32.925,31.199,33.067
98,31.541,30.125,0,3.342,55.187,55.706,56.249,55.828,56.765,55.448,55.559,54.851,55.969,54.105,55.305,56.432,56.204,54.924,56.102,56.818,54.672,56.577,56.901,56.327,55.398,55.206,55.376,56.217,54.598,55.699,55.215,54.841,56.171,56.448,56.333,53.851,3.030,55.592,54.752,55.420,56.514,56.011,55.923,55.202,55.492,55.730,55.060,58.000,55.845,56.671,57.813,56.200,56.571,57.179,57.387,54.921,56.805,57.244,4.397,57.476,56.779,55.210,54.870,56.114,55.697,53.977,55.677,56.666,56.563,56.513,54.262,54.797,57.473,57.380,56.232,56.100,55.484,56.472,3.694,54.722,57.356,56.566,55.655,3.375,56.663,56.417,55.699,56.288,55.869,56.210,55.690,54.812,57.207,56.337,55.759,55.229,56.907,55.768,55.331,57.678
27,32.757,33.368,3.342,0,57.734,58.161,58.713,58.233,59.330,58.066,58.109,57.455,58.479,56.652,57.841,58.958,58.842,57.518,58.708,59.283,57.187,59.173,59.439,58.862,57.894,57.787,57.900,58.772,57.121,58.218,57.643,57.366,58.672,59.019,58.828,56.337,0.746,58.078,57.342,57.889,58.968,58.559,58.367,57.765,58.035,58.215,57.587,60.469,58.348,59.205,60.341,58.719,59.098,59.743,59.907,57.467,59.387,59.793,1.060,59.955,59.389,57.730,57.358,58.660,58.196,56.467,58.158,59.084,59.083,59.069,56.823,57.354,59.959,59.881,58.792,58.702,57.969,58.992,0.497,57.198,59.931,59.070,58.106,0.883,59.299,58.918,58.100,58.891,58.366,58.713,58.236,57.385,59.848,58.918,58.288,57.724,59.396,58.220,57.902,60.273
39,32.017,31.351,55.187,57.734,0,2.378,2.375,3.620,1.661,1.919,0.382,1.540,1.222,1.082,0.294,1.347,2.679,1.292,1.847,2.655,0.959,1.933,1.724,1.172,1.310,0.910,0.601,1.059,0.863,0.878,3.015,0.663,1.518,1.429,1.763,2.056,57.033,1.597,1.226,1.981,2.695,0.825,2.710,0.438,0.316,1.656,0.514,3.423,1.302,1.517,2.663,1.237,1.469,2.060,2.297,0.268,1.901,2.060,58.483,2.863,2.366,0.669,1.536,0.927,1.331,1.889,1.742,3.561,1.523,1.357,0.986,0.474,2.767,2.476,1.117,1.753,1.602,1.449,57.761,1.876,2.316,1.745,2.470,58.230,2.857,1.695,3.685,1.885,1.434,1.505,0.503,0.795,3.307,1.485,0.731,1.334,2.260,2.464,0.674,2.834
21,31.359,32.837,55.706,58.161,2.378,0,0.582,1.252,3.063,4.243,2.417,3.917,1.419,2.786,2.091,1.968,4.856,3.670,3.972,1.140,1.820,3.800,2.475,2.159,1.071,3.273,1.782,2.643,2.008,1.615,0.861,1.948,1.268,3.112,1.180,1.990,57.450,0.786,3.592,0.452,0.808,2.412,0.358,2.807,2.254,0.761,1.929,2.332,1.214,2.255,2.859,1.702,2.048,3.243,2.395,2.409,3.533,2.915,58.879,1.882,4.251,1.722,1.159,2.375,1.096,1.922,0.652,1.318,1.898,2.760,3.013,2.738,1.941,2.067,2.790,3.864,0.777,1.842,58.168,1.096,3.585,1.538,0.118,58.686,4.902,1.373,1.336,3.924,1.080,1.332,2.332,3.146,5.213,3.349,1.877,1.092,1.491,0.096,3.009,4.220
80,31.938,33.232,56.249,58.713,2.375,0.582,0,1.521,2.726,4.126,2.320,3.894,1.224,2.991,2.080,1.638,4.644,3.645,3.764,0.570,2.043,3.522,2.071,1.869,1.184,3.216,1.781,2.396,2.215,1.517,1.384,2.092,0.979,2.833,0.798,2.454,58.003,0.872,3.599,0.842,0.344,2.208,0.593,2.772,2.182,0.760,2.009,1.763,1.081,1.885,2.331,1.428,1.685,2.848,1.884,2.469,3.212,2.484,59.433,1.300,3.958,1.783,1.504,2.145,1.049,2.360,0.725,1.194,1.524,2.456,3.155,2.795,1.360,1.513,2.543,3.655,0.936,1.489,58.721,1.552,3.185,1.116,0.673,59.236,4.639,0.985,1.646,3.689,0.943,1.030,2.206,3.169,4.899,3.096,1.746,1.284,0.944,0.558,2.939,3.813
78,30.896,33.508,55.828,58.233,3.620,1.252,1.521,0,4.239,5.495,3.669,5.156,2.648,3.910,3.337,3.144,6.098,4.910,5.213,1.805,2.968,5.015,3.592,3.360,2.310,4.521,3.030,3.867,3.160,2.865,0.811,3.143,2.457,4.324,2.309,2.776,57.518,2.037,4.823,1.644,1.422,3.649,0.969,4.053,3.506,2.010,3.154,2.753,2.455,3.403,3.769,2.906,3.201,4.369,3.356,3.632,4.721,4.001,58.935,2.520,5.458,2.957,2.255,3.604,2.347,2.774,1.904,0.909,3.041,3.957,4.181,3.958,2.643,2.923,4.015,5.104,2.019,3.001,58.230,2.045,4.705,2.637,1.152,58.773,6.125,2.501,0.158,5.157,2.317,2.515,3.583,4.375,6.409,4.573,3.125,2.303,2.400,1.175,4.259,5.333
67,33.648,32.566,56.765,59.330,1.661,3.063,2.726,4.239,0,1.928,1.282,2.163,1.675,2.713,1.661,1.098,2.068,1.995,1.289,2.651,2.483,0.859,0.730,0.915,2.285,1.611,1.770,0.611,2.455,1.638,3.897,2.211,1.796,0.354,1.930,3.590,58.631,2.394,2.114,2.851,2.915,0.887,3.276,1.565,1.409,2.348,1.988,2.797,1.899,0.847,1.433,1.365,1.041,0.414,1.349,1.925,0.489,0.633,60.085,2.382,1.251,1.963,2.785,0.835,2.065,3.422,2.469,3.812,1.204,0.341,2.508,1.983,2.226,1.802,0.547,1.198,2.474,1.238,59.361,3.121,0.661,1.622,3.181,59.821,1.958,1.742,4.354,1.134,2.012,1.734,1.194,1.963,2.174,0.607,1.406,2.420,2.018,3.113,1.442,1.241
60,33.190,30.788,55.448,58.066,1.919,4.243,4.126,5.495,1.928,0,1.827,0.712,2.903,2.327,2.178,2.629,0.944,0.819,0.723,4.255,2.812,1.268,2.570,2.366,3.201,1.019,2.477,1.837,2.662,2.637,4.928,2.536,3.160,1.600,3.381,3.796,57.374,3.459,1.020,3.876,4.406,1.944,4.552,1.483,1.990,3.490,2.429,4.663,3.064,2.551,3.361,2.735,2.665,2.231,3.243,2.004,1.643,2.559,58.839,4.188,1.341,2.583,3.451,2.030,3.152,3.644,3.592,5.314,2.810,1.950,1.946,1.751,4.046,3.644,1.712,0.773,3.485,2.789,58.110,3.785,2.214,3.199,4.345,58.538,1.324,3.239,5.572,0.924,3.205,3.119,1.924,1.352,1.889,1.322,2.387,3.245,3.700,4.323,1.249,2.306
26,32.382,31.652,55.559,58.109,0.382,2.417,2.320,3.669,1.282,1.827,0,1.591,1.105,1.458,0.436,1.059,2.487,1.346,1.620,2.523,1.260,1.622,1.369,0.848,1.391,0.901,0.681,0.678,1.198,0.812,3.127,0.969,1.386,1.067,1.624,2.375,57.409,1.634,1.338,2.062,2.619,0.452,2.725,0.505,0.180,1.663,0.768,3.182,1.245,1.181,2.315,1.022,1.165,1.678,1.974,0.649,1.547,1.685,58.859,2.637,2.070,0.832,1.735,0.561,1.325,2.206,1.765,3.514,1.246,0.976,1.323,0.785,2.527,2.202,0.741,1.517,1.665,1.185,58.137,2.083,1.940,1.534,2.520,58.604,2.614,1.519,3.748,1.624,1.385,1.358,0.154,0.971,3.029,1.158,0.576,1.459,2.059,2.495,0.621,2.471
81,32.478,30.407,54.851,57.455,1.540,3.917,3.894,5.156,2.163,0.712,1.591,0,2.693,1.681,1.831,2.575,1.655,0.249,1.253,4.114,2.309,1.735,2.672,2.322,2.848,0.694,2.140,1.863,2.139,2.378,4.523,2.062,2.977,1.809,3.215,3.202,56.761,3.137,0.368,3.513,4.202,1.864,4.250,1.123,1.714,3.193,2.008,4.697,2.813,2.584,3.562,2.601,2.646,2.536,3.350,1.538,2.024,2.781,58.224,4.176,1.940,2.200,2.997,1.973,2.864,3.059,3.282,5.087,2.766,2.068,1.292,1.231,4.051,3.683,1.779,1.248,3.141,2.723,57.495,3.311,2.607,3.105,4.009,57.932,2.030,3.105,5.216,1.437,2.951,2.949,1.726,0.800,2.591,1.595,2.164,2.857,3.627,4.004,0.974,2.833
41,32.248,32.462,55.969,58.479,1.222,1.419,1.224,2.648,1.675,2.903,1.105,2.693,0,2.075,0.942,0.632,3.451,2.445,2.566,1.435,1.303,2.382,1.204,0.760,0.677,2.006,0.697,1.224,1.403,0.351,2.229,1.187,0.296,1.695,0.541,2.214,57.774,0.720,2.418,1.177,1.514,1.002,1.682,1.579,0.982,0.676,1.009,2.264,0.225,0.948,1.915,0.328,0.755,1.914,1.448,1.381,2.129,1.664,59.216,1.694,2.834,0.805,1.242,0.957,0.402,2.063,0.797,2.414,0.661,1.356,2.131,1.682,1.624,1.425,1.371,2.458,0.807,0.573,58.498,1.536,2.253,0.610,1.533,58.988,3.484,0.501,2.746,2.509,0.341,0.291,0.984,2.008,3.800,1.930,0.529,0.843,1.074,1.482,1.726,2.882
44,31.070,30.387,54.105,56.652,1.082,2.786,2.991,3.910,2.713,2.327,1.458,1.681,2.075,0,1.226,2.378,3.243,1.511,2.563,3.405,0.967,2.816,2.801,2.236,1.807,1.433,1.384,2.128,0.782,1.737,3.168,0.914,2.353,2.441,2.584,1.551,55.951,2.120,1.322,2.335,3.334,1.907,3.144,1.186,1.389,2.233,1.066,4.339,2.056,2.583,3.732,2.204,2.510,3.120,3.343,0.817,2.881,3.141,57.401,3.769,3.196,1.279,1.658,2.009,1.994,1.424,2.270,4.091,2.537,2.427,0.389,0.748,3.698,3.461,2.166,2.496,2.069,2.453,56.679,1.886,3.354,2.672,2.844,57.148,3.535,2.576,3.933,2.667,2.152,2.363,1.585,1.003,4.054,2.425,1.710,1.720,3.148,2.882,1.397,3.822
43,31.987,31.574,55.305,57.841,0.294,2.091,2.080,3.337,1.661,2.178,0.436,1.831,0.942,1.226,0,1.152,2.896,1.582,2.041,2.369,0.833,2.058,1.598,1.022,1.028,1.184,0.309,1.051,0.795,0.593,2.750,0.551,1.238,1.484,1.483,1.949,57.139,1.307,1.520,1.702,2.402,0.778,2.419,0.716,0.265,1.363,0.335,3.173,1.010,1.367,2.513,0.996,1.285,2.037,2.118,0.448,1.968,1.977,58.587,2.609,2.506,0.411,1.310,0.853,1.037,1.780,1.451,3.267,1.314,1.333,1.208,0.740,2.521,2.252,1.143,1.941,1.318,1.233,57.866,1.657,2.322,1.492,2.186,58.341,3.042,1.427,3.405,2.055,1.141,1.230,0.471,1.088,3.465,1.593,0.490,1.067,1.998,2.176,0.930,2.878
72,32.859,32.697,56.432,58.958,1.347,1.968,1.638,3.144,1.098,2.629,1.059,2.575,0.632,2.378,1.152,0,3.034,2.343,2.167,1.642,1.786,1.886,0.575,0.263,1.302,1.887,1.057,0.801,1.838,0.760,2.810,1.592,0.700,1.200,0.840,2.794,58.254,1.341,2.370,1.787,1.853,0.712,2.179,1.559,1.034,1.275,1.372,2.132,0.852,0.316,1.384,0.305,0.142,1.293,0.966,1.584,1.577,1.033,59.699,1.601,2.319,1.233,1.858,0.608,1.033,2.635,1.395,2.764,0.191,0.818,2.332,1.814,1.480,1.142,0.941,2.060,1.434,0.161,58.980,2.163,1.634,0.577,2.086,59.461,3.004,0.659,3.257,2.072,0.944,0.637,0.905,2.029,3.265,1.474,0.675,1.463,1.071,2.016,1.615,2.267
73,34.127,31.253,56.204,58.842,2.679,4.856,4.644,6.098,2.068,0.944,2.487,1.655,3.451,3.243,2.896,3.034,0,1.752,0.885,4.668,3.622,1.212,2.795,2.784,3.872,1.853,3.168,2.249,3.492,3.249,5.607,3.332,3.666,1.844,3.857,4.661,58.152,4.091,1.957,4.536,4.884,2.449,5.133,2.270,2.665,4.096,3.190,4.852,3.644,2.864,3.388,3.216,3.027,2.218,3.404,2.818,1.621,2.625,59.621,4.450,0.941,3.307,4.205,2.501,3.764,4.503,4.209,5.797,3.188,2.236,2.869,2.610,4.294,3.869,2.102,0.993,4.136,3.193,58.890,4.549,2.058,3.607,4.966,59.307,0.461,3.688,6.191,0.962,3.781,3.615,2.541,2.246,1.010,1.561,2.983,3.946,4.057,4.926,2.015,1.881
63,32.419,30.573,54.924,57.518,1.292,3.670,3.645,4.910,1.995,0.819,1.346,0.249,2.445,1.511,1.582,2.343,1.752,0,1.223,3.869,2.081,1.655,2.466,2.093,2.601,0.456,1.891,1.652,1.915,2.129,4.282,1.827,2.731,1.642,2.970,3.006,56.823,2.888,0.207,3.267,3.954,1.634,4.001,0.874,1.466,2.944,1.765,4.469,2.565,2.365,3.370,2.359,2.419,2.381,3.140,1.299,1.903,2.601,58.284,3.944,1.912,1.954,2.761,1.745,2.614,2.858,3.033,4.838,2.534,1.873,1.127,1.000,3.821,3.460,1.578,1.196,2.894,2.488,57.556,3.079,2.479,2.865,3.762,57.998,2.090,2.862,4.971,1.387,2.702,2.703,1.483,0.573,2.640,1.454,1.917,2.613,3.389,3.756,0.733,2.755
52,33.603,31.511,56.102,58.708,1.847,3.972,3.764,5.213,1.289,0.723,1.620,1.253,2.566,2.563,2.041,2.167,0.885,1.223,0,3.808,2.804,0.546,1.988,1.913,2.996,1.130,2.300,1.373,2.691,2.366,4.728,2.510,2.785,1.007,2.981,3.880,58.015,3.209,1.421,3.655,4.010,1.564,4.248,1.471,1.799,3.212,2.349,4.080,2.759,2.023,2.699,2.337,2.172,1.542,2.635,2.020,0.938,1.902,59.477,3.641,0.690,2.448,3.351,1.619,2.881,3.716,3.325,4.924,2.329,1.394,2.222,1.862,3.491,3.073,1.228,0.109,3.256,2.328,58.749,3.698,1.496,2.743,4.082,59.185,1.010,2.816,5.306,0.202,2.896,2.735,1.663,1.569,1.494,0.714,2.100,3.076,3.211,4.041,1.218,1.600
55,32.463,33.727,56.818,59.283,2.655,1.140,0.570,1.805,2.651,4.255,2.523,4.114,1.435,3.405,2.369,1.642,4.668,3.869,3.808,0,2.491,3.492,1.937,1.901,1.624,3.422,2.095,2.443,2.649,1.777,1.870,2.491,1.142,2.825,0.900,3.006,58.573,1.338,3.851,1.403,0.401,2.312,1.044,3.010,2.414,1.205,2.369,1.193,1.372,1.812,1.967,1.525,1.641,2.689,1.574,2.795,3.139,2.288,60.004,0.765,3.902,2.143,2.028,2.226,1.411,2.905,1.212,1.175,1.480,2.433,3.523,3.108,0.859,1.121,2.584,3.701,1.426,1.481,59.292,2.110,3.009,1.066,1.217,59.805,4.606,1.018,1.952,3.706,1.259,1.166,2.389,3.443,4.804,3.108,1.956,1.754,0.646,1.099,3.141,3.617
92,31.170,31.243,54.672,57.187,0.959,1.820,2.043,2.968,2.483,2.812,1.260,2.309,1.303,0.967,0.833,1.786,3.622,2.081,2.804,2.491,0,2.877,2.317,1.741,0.869,1.795,0.744,1.876,0.191,1.032,2.259,0.296,1.536,2.316,1.740,1.116,56.483,1.172,1.948,1.370,2.386,1.596,2.178,1.352,1.097,1.294,0.498,3.509,1.212,2.063,3.165,1.532,1.928,2.845,2.721,0.809,2.800,2.737,57.926,2.941,3.318,0.556,0.718,1.656,1.105,0.947,1.318,3.124,1.898,2.148,1.213,1.080,2.894,2.727,1.974,2.711,1.110,1.806,57.208,1.006,3.142,1.910,1.880,57.694,3.814,1.778,3.002,2.843,1.276,1.564,1.302,1.509,4.264,2.417,1.145,0.761,2.325,1.916,1.607,3.709
70,33.886,32.054,56.577,59.173,1.933,3.800,3.522,5.015,0.859,1.268,1.622,1.735,2.382,2.816,2.058,1.886,1.212,1.655,0.546,3.492,2.877,0,1.589,1.656,2.906,1.435,2.268,1.161,2.796,2.251,4.602,2.582,2.558,0.691,2.724,3.987,58.478,3.074,1.834,3.533,3.735,1.416,4.046,1.644,1.796,3.054,2.390,3.642,2.595,1.680,2.202,2.108,1.858,1.030,2.192,2.154,0.419,1.421,59.938,3.240,0.457,2.440,3.332,1.432,2.740,3.819,3.173,4.642,2.022,1.068,2.516,2.075,3.083,2.658,1.016,0.504,3.138,2.040,59.211,3.680,0.952,2.444,3.915,59.653,1.118,2.544,5.120,0.347,2.723,2.501,1.615,1.874,1.430,0.472,1.987,3.012,2.868,3.861,1.419,1.101
10,33.429,32.985,56.901,59.439,1.724,2.475,2.071,3.592,0.730,2.570,1.369,2.672,1.204,2.801,1.598,0.575,2.795,2.466,1.988,1.937,2.317,1.589,0,0.581,1.877,2.027,1.574,0.816,2.347,1.315,3.330,2.096,1.225,0.984,1.299,3.356,58.737,1.901,2.539,2.337,2.225,0.923,2.645,1.814,1.413,1.825,1.868,2.098,1.421,0.262,0.947,0.879,0.451,0.777,0.681,1.985,1.210,0.460,60.185,1.657,1.974,1.761,2.432,0.809,1.603,3.194,1.942,3.107,0.581,0.622,2.692,2.154,1.504,1.086,0.894,1.889,1.998,0.650,59.464,2.738,1.115,0.956,2.593,59.938,2.685,1.105,3.716,1.849,1.502,1.159,1.226,2.274,2.867,1.276,1.174,2.037,1.297,2.512,1.790,1.748
93,32.880,32.500,56.327,58.862,1.172,2.159,1.869,3.360,0.915,2.366,0.848,2.322,0.760,2.236,1.022,0.263,2.784,2.093,1.913,1.901,1.741,1.656,0.581,0,1.387,1.638,0.997,0.542,1.766,0.768,2.985,1.515,0.903,0.966,1.074,2.799,58.160,1.479,2.129,1.936,2.100,0.459,2.391,1.335,0.857,1.434,1.287,2.377,0.984,0.346,1.495,0.456,0.327,1.176,1.128,1.425,1.375,0.998,59.607,1.855,2.098,1.186,1.915,0.349,1.152,2.635,1.554,3.013,0.448,0.602,2.155,1.625,1.729,1.372,0.685,1.805,1.561,0.423,58.886,2.239,1.509,0.837,2.275,59.362,2.771,0.904,3.467,1.825,1.097,0.845,0.695,1.806,3.056,1.228,0.596,1.533,1.334,2.214,1.371,2.131
85,31.572,32.105,55.398,57.894,1.310,1.071,1.184,2.310,2.285,3.201,1.391,2.848,0.677,1.807,1.028,1.302,3.872,2.601,2.996,1.624,0.869,2.906,1.877,1.387,0,2.213,0.724,1.758,1.033,0.658,1.737,0.912,0.787,2.243,0.937,1.573,57.187,0.316,2.520,0.675,1.527,1.490,1.413,1.743,1.218,0.427,0.862,2.677,0.480,1.618,2.571,0.999,1.430,2.562,2.096,1.340,2.707,2.335,58.626,2.117,3.363,0.651,0.570,1.487,0.307,1.432,0.469,2.314,1.337,1.950,1.982,1.670,2.090,1.989,1.895,2.890,0.294,1.249,57.910,0.861,2.896,1.192,1.161,58.406,3.968,1.029,2.377,2.975,0.473,0.836,1.332,2.075,4.335,2.437,0.919,0.174,1.518,1.160,1.956,3.516
13,32.484,30.980,55.206,57.787,0.910,3.273,3.216,4.521,1.611,1.019,0.901,0.694,2.006,1.433,1.184,1.887,1.853,0.456,1.130,3.422,1.795,1.435,2.027,1.638,2.213,0,1.491,1.212,1.651,1.701,3.924,1.516,2.287,1.267,2.524,2.809,57.090,2.487,0.514,2.886,3.519,1.179,3.596,0.471,1.035,2.533,1.414,4.015,2.137,1.915,2.946,1.907,1.964,2.013,2.697,0.986,1.601,2.194,58.548,3.488,1.778,1.579,2.434,1.291,2.199,2.651,2.628,4.410,2.078,1.451,1.097,0.757,3.366,3.007,1.151,1.066,2.502,2.032,57.822,2.766,2.153,2.411,3.369,58.272,2.109,2.412,4.590,1.243,2.276,2.257,1.033,0.444,2.621,1.131,1.476,2.243,2.934,3.356,0.281,2.508
94,31.903,31.769,55.376,57.900,0.601,1.782,1.781,3.030,1.770,2.477,0.681,2.140,0.697,1.384,0.309,1.057,3.168,1.891,2.300,2.095,0.744,2.268,1.574,0.997,0.724,1.491,0,1.178,0.780,0.353,2.455,0.535,0.985,1.647,1.226,1.824,57.197,0.998,1.826,1.399,2.107,0.894,2.110,1.024,0.503,1.055,0.324,2.959,0.724,1.322,2.441,0.835,1.198,2.115,2.013,0.700,2.130,1.992,58.642,2.390,2.722,0.194,1.065,0.935,0.733,1.657,1.142,2.963,1.189,1.430,1.437,1.019,2.315,2.083,1.295,2.197,1.011,1.100,57.923,1.413,2.423,1.289,1.878,58.404,3.290,1.197,3.100,2.297,0.848,0.988,0.654,1.390,3.690,1.797,0.401,0.779,1.771,1.867,1.232,3.009
42,33.038,32.178,56.217,58.772,1.059,2.643,2.396,3.867,0.611,1.837,0.678,1.863,1.224,2.128,1.051,0.801,2.249,1.652,1.373,2.443,1.876,1.161,0.816,0.542,1.758,1.212,1.178,0,1.844,1.100,3.441,1.601,1.419,0.485,1.608,2.987,58.072,1.914,1.723,2.373,2.637,0.284,2.898,1.033,0.798,1.894,1.380,2.851,1.434,0.727,1.743,0.968,0.828,1.001,1.489,1.327,0.957,1.037,59.524,2.356,1.616,1.367,2.221,0.272,1.580,2.818,2.012,3.551,0.975,0.299,1.957,1.420,2.219,1.831,0.148,1.265,1.980,0.963,58.801,2.564,1.272,1.378,2.757,59.266,2.260,1.443,3.968,1.294,1.564,1.366,0.583,1.478,2.586,0.707,0.844,1.876,1.866,2.705,0.979,1.835
49,31.193,31.099,54.598,57.121,0.863,2.008,2.215,3.160,2.455,2.662,1.198,2.139,1.403,0.782,0.795,1.838,3.492,1.915,2.691,2.649,0.191,2.796,2.347,1.766,1.033,1.651,0.780,1.844,0,1.104,2.447,0.252,1.654,2.265,1.869,1.194,56.417,1.343,1.775,1.559,2.558,1.572,2.365,1.225,1.050,1.460,0.481,3.639,1.337,2.099,3.222,1.603,1.979,2.831,2.789,0.674,2.745,2.751,57.862,3.069,3.229,0.613,0.909,1.644,1.247,1.028,1.491,3.309,1.965,2.127,1.022,0.917,3.015,2.826,1.931,2.602,1.288,1.874,57.143,1.187,3.117,2.013,2.070,57.625,3.701,1.892,3.193,2.741,1.415,1.676,1.262,1.342,4.165,2.344,1.175,0.939,2.450,2.104,1.481,3.666
25,32.117,32.122,55.699,58.218,0.878,1.615,1.517,2.865,1.638,2.637,0.812,2.378,0.351,1.737,0.593,0.760,3.249,2.129,2.366,1.777,1.032,2.251,1.315,0.768,0.658,1.701,0.353,1.100,1.104,0,2.365,0.870,0.646,1.585,0.890,2.040,57.514,0.842,2.089,1.292,1.827,0.834,1.915,1.257,0.666,0.855,0.674,2.607,0.436,1.055,2.133,0.501,0.901,1.939,1.689,1.030,2.051,1.758,58.958,2.038,2.708,0.491,1.151,0.830,0.518,1.879,0.963,2.710,0.866,1.300,1.780,1.333,1.962,1.734,1.238,2.259,0.893,0.774,58.239,1.483,2.265,0.935,1.721,58.724,3.323,0.847,2.950,2.333,0.575,0.642,0.718,1.670,3.680,1.783,0.267,0.782,1.421,1.690,1.425,2.876
22,30.596,32.720,55.215,57.643,3.015,0.861,1.384,0.811,3.897,4.928,3.127,4.523,2.229,3.168,2.750,2.810,5.607,4.282,4.728,1.870,2.259,4.602,3.330,2.985,1.737,3.924,2.455,3.441,2.447,2.365,0,2.469,2.114,3.920,2.040,1.966,56.930,1.528,4.175,1.074,1.477,3.193,0.826,3.453,2.953,1.552,2.518,3.008,2.010,3.105,3.707,2.532,2.898,4.095,3.249,2.985,4.358,3.774,58.352,2.636,5.057,2.346,1.542,3.169,1.862,1.970,1.432,1.462,2.751,3.584,3.465,3.300,2.720,2.896,3.586,4.622,1.473,2.691,57.644,1.283,4.437,2.398,0.745,58.176,5.687,2.233,0.788,4.698,1.888,2.179,3.066,3.727,6.025,4.140,2.633,1.683,2.325,0.842,3.679,5.072
45,31.437,31.287,54.841,57.366,0.663,1.948,2.092,3.143,2.211,2.536,0.969,2.062,1.187,0.914,0.551,1.592,3.332,1.827,2.510,2.491,0.296,2.582,2.096,1.515,0.912,1.516,0.535,1.601,0.252,0.870,2.469,0,1.451,2.031,1.677,1.406,56.663,1.229,1.708,1.510,2.433,1.326,2.301,1.065,0.812,1.332,0.229,3.441,1.146,1.849,2.975,1.366,1.732,2.583,2.548,0.533,2.514,2.499,58.108,2.870,3.022,0.383,0.936,1.395,1.080,1.238,1.381,3.223,1.724,1.881,1.071,0.833,2.808,2.602,1.693,2.416,1.192,1.634,57.388,1.255,2.872,1.794,2.022,57.869,3.519,1.683,3.188,2.547,1.238,1.468,1.022,1.262,3.968,2.124,0.925,0.856,2.249,2.042,1.317,3.429
28,32.322,32.737,56.171,58.672,1.518,1.268,0.979,2.457,1.796,3.160,1.386,2.977,0.296,2.353,1.238,0.700,3.666,2.731,2.785,1.142,1.536,2.558,1.225,0.903,0.787,2.287,0.985,1.419,1.654,0.646,2.114,1.451,0,1.868,0.245,2.359,57.966,0.702,2.709,1.116,1.246,1.230,1.488,1.869,1.272,0.607,1.288,1.990,0.327,0.992,1.801,0.452,0.785,1.982,1.321,1.675,2.271,1.679,59.405,1.419,3.002,1.075,1.350,1.166,0.480,2.217,0.721,2.155,0.644,1.502,2.422,1.978,1.361,1.209,1.567,2.677,0.810,0.579,58.689,1.601,2.324,0.406,1.386,59.183,3.671,0.246,2.565,2.713,0.321,0.066,1.258,2.302,3.956,2.123,0.815,0.960,0.798,1.317,2.007,2.958
34,33.446,32.213,56.448,59.019,1.429,3.112,2.833,4.324,0.354,1.600,1.067,1.809,1.695,2.441,1.484,1.200,1.844,1.642,1.007,2.825,2.316,0.691,0.984,0.966,2.243,1.267,1.647,0.485,2.265,1.585,3.920,2.031,1.868,0,2.037,3.432,58.321,2.395,1.766,2.854,3.054,0.760,3.355,1.268,1.220,2.369,1.819,3.081,1.910,1.021,1.774,1.418,1.184,0.746,1.646,1.683,0.485,0.979,59.776,2.634,1.139,1.831,2.700,0.756,2.061,3.263,2.489,3.963,1.346,0.392,2.209,1.699,2.484,2.069,0.353,0.906,2.463,1.357,59.052,3.044,0.918,1.766,3.227,59.508,1.805,1.859,4.429,0.883,2.036,1.810,1.015,1.637,2.106,0.294,1.328,2.360,2.214,3.171,1.118,1.405
90,32.381,32.963,56.333,58.828,1.763,1.180,0.798,2.309,1.930,3.381,1.624,3.215,0.541,2.584,1.483,0.840,3.857,2.970,2.981,0.900,1.740,2.724,1.299,1.074,0.937,2.524,1.226,1.608,1.869,0.890,2.040,1.677,0.245,2.037,0,2.495,58.121,0.773,2.951,1.119,1.031,1.441,1.351,2.111,1.515,0.648,1.523,1.770,0.532,1.095,1.745,0.648,0.892,2.074,1.265,1.918,2.414,1.736,59.559,1.201,3.159,1.305,1.475,1.367,0.644,2.361,0.741,1.945,0.733,1.658,2.663,2.223,1.159,1.066,1.755,2.872,0.885,0.692,58.843,1.688,2.414,0.360,1.298,59.341,3.842,0.195,2.427,2.898,0.470,0.267,1.492,2.547,4.103,2.303,1.057,1.104,0.587,1.213,2.243,3.047
1,30.082,30.857,53.851,56.337,2.056,1.990,2.454,2.776,3.590,3.796,2.375,3.202,2.214,1.551,1.949,2.794,4.661,3.006,3.880,3.006,1.116,3.987,3.356,2.799,1.573,2.809,1.824,2.987,1.194,2.040,1.966,1.406,2.359,3.432,2.495,0,55.630,1.741,2.835,1.613,2.762,2.704,2.302,2.409,2.213,1.878,1.613,4.161,2.046,3.095,4.129,2.507,2.933,3.939,3.660,1.861,3.916,3.796,57.067,3.626,4.422,1.630,1.021,2.757,1.880,0.169,1.827,3.246,2.868,3.252,1.931,2.053,3.622,3.558,3.089,3.792,1.633,2.777,56.352,0.903,4.245,2.765,1.984,56.853,4.888,2.601,2.749,3.935,2.044,2.408,2.418,2.446,5.358,3.530,2.213,1.400,3.059,2.075,2.664,4.821
96,32.016,32.854,3.030,0.746,57.033,57.450,58.003,57.518,58.631,57.374,57.409,56.761,57.774,55.951,57.139,58.254,58.152,56.823,58.015,58.573,56.483,58.478,58.737,58.160,57.187,57.090,57.197,58.072,56.417,57.514,56.930,56.663,57.966,58.321,58.121,55.630,0,57.371,56.647,57.180,58.257,57.858,57.655,57.066,57.334,57.508,56.884,59.760,57.642,58.503,59.638,58.015,58.395,59.045,59.204,56.766,58.691,59.092,1.529,59.246,58.696,57.027,56.651,57.959,57.490,55.760,57.450,58.370,58.379,58.370,56.124,56.654,59.251,59.175,58.093,58.008,57.262,58.288,0.765,56.489,59.234,58.365,57.395,1.550,58.610,58.212,57.385,58.197,57.660,58.007,57.535,56.688,59.159,58.221,57.585,57.017,58.689,57.510,57.204,59.578
91,31.624,32.390,55.592,58.078,1.597,0.786,0.872,2.037,2.394,3.459,1.634,3.137,0.720,2.120,1.307,1.341,4.091,2.888,3.209,1.338,1.172,3.074,1.901,1.479,0.316,2.487,0.998,1.914,1.343,0.842,1.528,1.229,0.702,2.395,0.773,1.741,57.371,0,2.817,0.460,1.215,1.665,1.113,2.022,1.469,0.139,1.171,2.437,0.495,1.653,2.496,1.042,1.451,2.631,2.015,1.646,2.841,2.360,58.807,1.890,3.530,0.953,0.722,1.642,0.335,1.617,0.153,2.000,1.329,2.070,2.298,1.976,1.882,1.837,2.058,3.101,0.112,1.252,58.092,0.915,2.971,1.090,0.886,58.594,4.159,0.913,2.114,3.172,0.400,0.765,1.555,2.374,4.500,2.612,1.109,0.418,1.319,0.869,2.223,3.601
56,32.213,30.467,54.752,57.342,1.226,3.592,3.599,4.823,2.114,1.020,1.338,0.368,2.418,1.322,1.520,2.370,1.957,0.207,1.421,3.851,1.948,1.834,2.539,2.129,2.520,0.514,1.826,1.723,1.775,2.089,4.175,1.708,2.709,1.766,2.951,2.835,56.647,2.817,0,3.178,3.915,1.672,3.930,0.840,1.437,2.881,1.669,4.502,2.521,2.419,3.460,2.360,2.456,2.511,3.205,1.192,2.060,2.706,58.107,3.966,2.108,1.870,2.643,1.787,2.557,2.691,2.964,4.787,2.561,1.964,0.935,0.875,3.850,3.501,1.665,1.389,2.814,2.509,57.380,2.952,2.629,2.872,3.679,57.824,2.297,2.856,4.878,1.579,2.656,2.686,1.484,0.448,2.847,1.600,1.895,2.520,3.396,3.680,0.759,2.931
16,31.271,32.425,55.420,57.889,1.981,0.452,0.842,1.644,2.851,3.876,2.062,3.513,1.177,2.335,1.702,1.787,4.536,3.267,3.655,1.403,1.370,3.533,2.337,1.936,0.675,2.886,1.399,2.373,1.559,1.292,1.074,1.510,1.116,2.854,1.119,1.613,57.180,0.460,3.178,0,1.152,2.120,0.809,2.416,1.891,0.513,1.510,2.581,0.953,2.096,2.863,1.494,1.890,3.080,2.384,1.988,3.301,2.794,58.612,2.075,3.988,1.314,0.713,2.101,0.794,1.525,0.395,1.768,1.759,2.530,2.568,2.315,2.101,2.138,2.517,3.549,0.400,1.687,57.899,0.711,3.421,1.469,0.513,58.410,4.614,1.291,1.705,3.625,0.844,1.182,1.995,2.731,4.959,3.069,1.559,0.660,1.579,0.548,2.631,4.053
61,32.072,33.566,56.514,58.968,2.695,0.808,0.344,1.422,2.915,4.406,2.619,4.202,1.514,3.334,2.402,1.853,4.884,3.954,4.010,0.401,2.386,3.735,2.225,2.100,1.527,3.519,2.107,2.637,2.558,1.827,1.477,2.433,1.246,3.054,1.031,2.762,58.257,1.215,3.915,1.152,0,2.471,0.652,3.083,2.488,1.102,2.345,1.547,1.394,2.068,2.348,1.679,1.879,2.994,1.935,2.800,3.404,2.608,59.686,1.163,4.160,2.119,1.836,2.399,1.380,2.677,1.069,0.914,1.715,2.668,3.494,3.124,1.260,1.504,2.783,3.902,1.279,1.697,58.975,1.859,3.323,1.294,0.864,59.494,4.853,1.196,1.565,3.924,1.261,1.287,2.498,3.490,5.085,3.326,2.043,1.627,0.981,0.748,3.240,3.942
38,32.763,32.073,56.011,58.559,0.825,2.412,2.208,3.649,0.887,1.944,0.452,1.864,1.002,1.907,0.778,0.712,2.449,1.634,1.564,2.312,1.596,1.416,0.923,0.459,1.490,1.179,0.894,0.284,1.572,0.834,3.193,1.326,1.230,0.760,1.441,2.704,57.858,1.665,1.672,2.120,2.471,0,2.684,0.897,0.537,1.655,1.102,2.836,1.199,0.757,1.870,0.793,0.785,1.260,1.553,1.093,1.239,1.234,59.308,2.312,1.874,1.083,1.940,0.117,1.331,2.536,1.771,3.383,0.902,0.555,1.772,1.233,2.188,1.830,0.408,1.456,1.724,0.863,58.586,2.284,1.547,1.262,2.524,59.055,2.495,1.295,3.745,1.512,1.334,1.184,0.326,1.364,2.846,0.949,0.571,1.601,1.776,2.479,0.913,2.118
77,31.421,33.158,55.923,58.367,2.710,0.358,0.593,0.969,3.276,4.552,2.725,4.250,1.682,3.144,2.419,2.179,5.133,4.001,4.248,1.044,2.178,4.046,2.645,2.391,1.413,3.596,2.110,2.898,2.365,1.915,0.826,2.301,1.488,3.355,1.351,2.302,57.655,1.113,3.930,0.809,0.652,2.684,0,3.133,2.568,1.064,2.274,2.194,1.494,2.446,2.919,1.938,2.242,3.422,2.476,2.753,3.756,3.068,59.082,1.810,4.490,2.062,1.513,2.636,1.401,2.246,0.968,0.967,2.083,2.990,3.368,3.083,1.896,2.092,3.046,4.140,1.120,2.040,58.372,1.425,3.761,1.690,0.322,58.896,5.157,1.544,1.078,4.189,1.355,1.548,2.631,3.486,5.443,3.605,2.170,1.445,1.531,0.262,3.328,4.392
14,32.246,31.176,55.202,57.765,0.438,2.807,2.772,4.053,1.565,1.483,0.505,1.123,1.579,1.186,0.716,1.559,2.270,0.874,1.471,3.010,1.352,1.644,1.814,1.335,1.743,0.471,1.024,1.033,1.225,1.257,3.453,1.065,1.869,1.268,2.111,2.409,57.066,2.022,0.840,2.416,3.083,0.897,3.133,0,0.597,2.073,0.946,3.686,1.692,1.653,2.759,1.524,1.658,1.979,2.449,0.551,1.696,2.069,58.520,3.142,2.048,1.107,1.968,1.014,1.742,2.247,2.165,3.964,1.748,1.320,0.944,0.438,3.031,2.700,1.031,1.386,2.034,1.689,57.796,2.305,2.185,2.038,2.901,58.256,2.479,2.016,4.120,1.538,1.829,1.846,0.657,0.471,2.957,1.240,1.054,1.772,2.562,2.891,0.255,2.636
12,32.242,31.662,55.492,58.035,0.316,2.254,2.182,3.506,1.409,1.990,0.180,1.714,0.982,1.389,0.265,1.034,2.665,1.466,1.799,2.414,1.097,1.796,1.413,0.857,1.218,1.035,0.503,0.798,1.050,0.666,2.953,0.812,1.272,1.220,1.515,2.213,57.334,1.469,1.437,1.891,2.488,0.537,2.568,0.597,0,1.505,0.600,3.129,1.102,1.201,2.348,0.946,1.154,1.794,1.981,0.572,1.703,1.763,58.783,2.574,2.245,0.653,1.555,0.627,1.168,2.044,1.604,3.376,1.213,1.087,1.301,0.779,2.473,2.169,0.882,1.697,1.496,1.143,58.062,1.903,2.070,1.460,2.355,58.533,2.793,1.426,3.582,1.803,1.241,1.250,0.215,1.039,3.207,1.329,0.459,1.281,1.981,2.335,0.761,2.618
7,31.737,32.522,55.730,58.215,1.656,0.761,0.760,2.010,2.348,3.490,1.663,3.193,0.676,2.233,1.363,1.275,4.096,2.944,3.212,1.205,1.294,3.054,1.825,1.434,0.427,2.533,1.055,1.894,1.460,0.855,1.552,1.332,0.607,2.369,0.648,1.878,57.508,0.139,2.881,0.513,1.102,1.655,1.064,2.073,1.505,0,1.256,2.298,0.459,1.583,2.384,0.985,1.377,2.568,1.903,1.725,2.805,2.281,58.944,1.751,3.507,1.033,0.861,1.623,0.338,1.756,0.121,1.915,1.247,2.032,2.397,2.054,1.744,1.708,2.040,3.104,0.246,1.174,58.229,1.043,2.909,0.979,0.870,58.731,4.149,0.800,2.096,3.167,0.337,0.672,1.573,2.442,4.475,2.597,1.116,0.549,1.183,0.834,2.264,3.542
57,31.661,31.453,55.060,57.587,0.514,1.929,2.009,3.154,1.988,2.429,0.768,2.008,1.009,1.066,0.335,1.372,3.190,1.765,2.349,2.369,0.498,2.390,1.868,1.287,0.862,1.414,0.324,1.380,0.481,0.674,2.518,0.229,1.288,1.819,1.523,1.613,56.884,1.171,1.669,1.510,2.345,1.102,2.274,0.946,0.600,1.256,0,3.273,1.002,1.623,2.754,1.159,1.512,2.357,2.333,0.480,2.303,2.270,58.330,2.702,2.835,0.227,1.023,1.168,0.968,1.445,1.323,3.169,1.510,1.656,1.154,0.808,2.632,2.407,1.476,2.252,1.155,1.422,57.610,1.363,2.649,1.609,2.013,58.090,3.355,1.510,3.210,2.373,1.110,1.297,0.805,1.221,3.789,1.926,0.701,0.851,2.082,2.020,1.188,3.211
6,33.594,34.726,58.000,60.469,3.423,2.332,1.763,2.753,2.797,4.663,3.182,4.697,2.264,4.339,3.173,2.132,4.852,4.469,4.080,1.193,3.509,3.642,2.098,2.377,2.677,4.015,2.959,2.851,3.639,2.607,3.008,3.441,1.990,3.081,1.770,4.161,59.760,2.437,4.502,2.581,1.547,2.836,2.194,3.686,3.129,2.298,3.273,0,2.302,2.124,1.556,2.186,2.051,2.654,1.450,3.621,3.232,2.234,61.192,0.571,3.966,3.063,3.155,2.724,2.406,4.047,2.336,1.894,1.941,2.715,4.380,3.897,0.656,1.020,2.961,3.983,2.538,1.997,60.480,3.278,2.895,1.681,2.404,60.991,4.678,1.763,2.910,3.930,2.233,1.976,3.030,4.153,4.736,3.373,2.693,2.832,1.192,2.286,3.746,3.395
18,32.049,32.431,55.845,58.348,1.302,1.214,1.081,2.455,1.899,3.064,1.245,2.813,0.225,2.056,1.010,0.852,3.644,2.565,2.759,1.372,1.212,2.595,1.421,0.984,0.480,2.137,0.724,1.434,1.337,0.436,2.010,1.146,0.327,1.910,0.532,2.046,57.642,0.495,2.521,0.953,1.394,1.199,1.494,1.692,1.102,0.459,1.002,2.302,0,1.168,2.091,0.550,0.970,2.139,1.617,1.424,2.350,1.881,59.082,1.732,3.048,0.779,1.051,1.164,0.183,1.900,0.578,2.274,0.864,1.577,2.152,1.741,1.682,1.535,1.581,2.651,0.582,0.780,58.365,1.328,2.478,0.724,1.326,58.858,3.690,0.573,2.547,2.710,0.141,0.366,1.140,2.097,4.016,2.138,0.678,0.653,1.114,1.282,1.861,3.107
86,33.167,32.828,56.671,59.205,1.517,2.255,1.885,3.403,0.847,2.551,1.181,2.584,0.948,2.583,1.367,0.316,2.864,2.365,2.023,1.812,2.063,1.680,0.262,0.346,1.618,1.915,1.322,0.727,2.099,1.055,3.105,1.849,0.992,1.021,1.095,3.095,58.503,1.653,2.419,2.096,2.068,0.757,2.446,1.653,1.201,1.583,1.623,2.124,1.168,0,1.149,0.621,0.208,0.989,0.797,1.771,1.336,0.717,59.949,1.636,2.094,1.507,2.171,0.639,1.349,2.934,1.702,2.967,0.363,0.630,2.497,1.963,1.495,1.104,0.840,1.919,1.748,0.414,59.229,2.479,1.332,0.776,2.374,59.706,2.794,0.903,3.522,1.904,1.255,0.927,1.031,2.121,3.019,1.311,0.924,1.777,1.193,2.298,1.661,1.966
65,34.120,33.921,57.813,60.341,2.663,2.859,2.331,3.769,1.433,3.361,2.315,3.562,1.915,3.732,2.513,1.384,3.388,3.370,2.699,1.967,3.165,2.202,0.947,1.495,2.571,2.946,2.441,1.743,3.222,2.133,3.707,2.975,1.801,1.774,1.745,4.129,59.638,2.496,3.460,2.863,2.348,1.870,2.919,2.759,2.348,2.384,2.754,1.556,2.091,1.149,0,1.637,1.243,1.173,0.481,2.920,1.783,0.802,61.083,1.353,2.468,2.615,3.141,1.756,2.267,3.977,2.484,3.090,1.270,1.498,3.637,3.100,1.195,0.846,1.796,2.616,2.606,1.362,60.364,3.402,1.361,1.406,2.970,60.844,3.166,1.584,3.913,2.524,2.121,1.743,2.169,3.216,3.187,2.040,2.054,2.744,1.389,2.866,2.722,1.840
75,32.561,32.571,56.200,58.719,1.237,1.702,1.428,2.906,1.365,2.735,1.022,2.601,0.328,2.204,0.996,0.305,3.216,2.359,2.337,1.525,1.532,2.108,0.879,0.456,0.999,1.907,0.835,0.968,1.603,0.501,2.532,1.366,0.452,1.418,0.648,2.507,58.015,1.042,2.360,1.494,1.679,0.793,1.938,1.524,0.946,0.985,1.159,2.186,0.550,0.621,1.637,0,0.433,1.589,1.189,1.444,1.831,1.337,59.458,1.628,2.553,0.991,1.557,0.720,0.729,2.350,1.106,2.593,0.367,1.058,2.203,1.711,1.531,1.258,1.116,2.228,1.132,0.275,58.740,1.859,1.929,0.514,1.819,59.224,3.220,0.508,3.012,2.262,0.650,0.398,0.877,1.982,3.512,1.671,0.509,1.160,1.038,1.757,1.627,2.559
31,32.993,32.813,56.571,59.098,1.469,2.048,1.685,3.201,1.041,2.665,1.165,2.646,0.755,2.510,1.285,0.142,3.027,2.419,2.172,1.641,1.928,1.858,0.451,0.327,1.430,1.964,1.198,0.828,1.979,0.901,2.898,1.732,0.785,1.184,0.892,2.933,58.395,1.451,2.456,1.890,1.879,0.785,2.242,1.658,1.154,1.377,1.512,2.051,0.970,0.208,1.243,0.433,0,1.197,0.833,1.711,1.528,0.911,59.840,1.535,2.281,1.374,1.990,0.674,1.153,2.774,1.496,2.784,0.164,0.793,2.455,1.931,1.405,1.046,0.959,2.066,1.548,0.206,59.121,2.290,1.539,0.586,2.166,59.601,2.975,0.701,3.318,2.065,1.052,0.719,1.011,2.129,3.215,1.467,0.813,1.593,1.042,2.091,1.698,2.174
99,34.015,32.942,57.179,59.743,2.060,3.243,2.848,4.369,0.414,2.231,1.678,2.536,1.914,3.120,2.037,1.293,2.218,2.381,1.542,2.689,2.845,1.030,0.777,1.176,2.562,2.013,2.115,1.001,2.831,1.939,4.095,2.583,1.982,0.746,2.074,3.939,59.045,2.631,2.511,3.080,2.994,1.260,3.422,1.979,1.794,2.568,2.357,2.654,2.139,0.989,1.173,1.589,1.197,0,1.224,2.326,0.612,0.425,60.498,2.306,1.313,2.309,3.090,1.189,2.315,3.773,2.688,3.864,1.346,0.706,2.921,2.395,2.143,1.717,0.956,1.468,2.721,1.403,59.775,3.415,0.342,1.733,3.361,60.234,2.024,1.879,4.492,1.359,2.236,1.916,1.579,2.374,2.131,0.944,1.731,2.710,2.044,3.283,1.854,0.977
29,33.639,33.624,57.387,59.907,2.297,2.395,1.884,3.356,1.349,3.243,1.974,3.350,1.448,3.343,2.118,0.966,3.404,3.140,2.635,1.574,2.721,2.192,0.681,1.128,2.096,2.697,2.013,1.489,2.789,1.689,3.249,2.548,1.321,1.646,1.265,3.660,59.204,2.015,3.205,2.384,1.935,1.553,2.476,2.449,1.981,1.903,2.333,1.450,1.617,0.797,0.481,1.189,0.833,1.224,0,2.543,1.785,0.799,60.647,1.086,2.529,2.178,2.665,1.436,1.791,3.510,2.004,2.734,0.825,1.300,3.282,2.753,0.922,0.501,1.574,2.541,2.125,0.916,59.929,2.922,1.501,0.925,2.507,60.413,3.243,1.103,3.495,2.482,1.642,1.265,1.822,2.918,3.345,1.934,1.640,2.269,0.956,2.406,2.450,2.072
83,31.767,31.128,54.921,57.467,0.268,2.409,2.469,3.632,1.925,2.004,0.649,1.538,1.381,0.817,0.448,1.584,2.818,1.299,2.020,2.795,0.809,2.154,1.985,1.425,1.340,0.986,0.700,1.327,0.674,1.030,2.985,0.533,1.675,1.683,1.918,1.861,56.766,1.646,1.192,1.988,2.800,1.093,2.753,0.551,0.572,1.725,0.480,3.621,1.424,1.771,2.920,1.444,1.711,2.326,2.543,0,2.149,2.327,58.215,3.056,2.576,0.693,1.464,1.193,1.420,1.697,1.797,3.640,1.752,1.625,0.760,0.330,2.969,2.697,1.380,1.932,1.634,1.674,57.494,1.788,2.578,1.940,2.493,57.963,3.029,1.872,3.686,2.077,1.546,1.671,0.769,0.744,3.499,1.719,0.935,1.329,2.444,2.499,0.806,3.086
84,33.916,32.404,56.805,59.387,1.901,3.533,3.212,4.721,0.489,1.643,1.547,2.024,2.129,2.881,1.968,1.577,1.621,1.903,0.938,3.139,2.800,0.419,1.210,1.375,2.707,1.601,2.130,0.957,2.745,2.051,4.358,2.514,2.271,0.485,2.414,3.916,58.691,2.841,2.060,3.301,3.404,1.239,3.756,1.696,1.703,2.805,2.303,3.232,2.350,1.336,1.783,1.831,1.528,0.612,1.785,2.149,0,1.004,60.148,2.845,0.764,2.315,3.178,1.222,2.509,3.748,2.926,4.301,1.691,0.774,2.623,2.134,2.686,2.259,0.835,0.871,2.915,1.722,59.423,3.521,0.584,2.111,3.650,59.872,1.476,2.227,4.834,0.750,2.469,2.210,1.500,2.013,1.688,0.471,1.800,2.831,2.504,3.587,1.511,0.941
71,33.875,33.172,57.244,59.793,2.060,2.915,2.484,4.001,0.633,2.559,1.685,2.781,1.664,3.141,1.977,1.033,2.625,2.601,1.902,2.288,2.737,1.421,0.460,0.998,2.335,2.194,1.992,1.037,2.751,1.758,3.774,2.499,1.679,0.979,1.736,3.796,59.092,2.360,2.706,2.794,2.608,1.234,3.068,2.069,1.763,2.281,2.270,2.234,1.881,0.717,0.802,1.337,0.911,0.425,0.799,2.327,1.004,0,60.542,1.881,1.733,2.184,2.887,1.135,2.063,3.633,2.398,3.462,1.035,0.753,2.991,2.452,1.719,1.293,1.053,1.817,2.458,1.108,59.821,3.196,0.722,1.382,3.033,60.289,2.447,1.542,4.130,1.732,1.961,1.613,1.558,2.505,2.553,1.238,1.593,2.494,1.643,2.948,1.993,1.334
95,33.100,34.369,4.397,1.060,58.483,58.879,59.433,58.935,60.085,58.839,58.859,58.224,59.216,57.401,58.587,59.699,59.621,58.284,59.477,60.004,57.926,59.938,60.185,59.607,58.626,58.548,58.642,59.524,57.862,58.958,58.352,58.108,59.405,59.776,59.559,57.067,1.529,58.807,58.107,58.612,59.686,59.308,59.082,58.520,58.783,58.944,58.330,61.192,59.082,59.949,61.083,59.458,59.840,60.498,60.647,58.215,60.148,60.542,0,60.680,60.159,58.471,58.088,59.409,58.929,57.198,58.885,59.790,59.823,59.822,57.577,58.107,60.686,60.614,59.546,59.469,58.698,59.732,0.764,57.923,60.690,59.805,58.823,1.509,60.078,59.651,58.801,59.659,59.099,59.447,58.985,58.144,60.629,59.678,59.031,58.456,60.126,58.938,58.659,61.037
11,33.226,34.155,57.476,59.955,2.863,1.882,1.300,2.520,2.382,4.188,2.637,4.176,1.694,3.769,2.609,1.601,4.450,3.944,3.641,0.765,2.941,3.240,1.657,1.855,2.117,3.488,2.390,2.356,3.069,2.038,2.636,2.870,1.419,2.634,1.201,3.626,59.246,1.890,3.966,2.075,1.163,2.312,1.810,3.142,2.574,1.751,2.702,0.571,1.732,1.636,1.353,1.628,1.535,2.306,1.086,3.056,2.845,1.881,60.680,0,3.600,2.492,2.612,2.205,1.840,3.506,1.799,1.761,1.411,2.253,3.814,3.336,0.164,0.589,2.476,3.540,1.995,1.458,59.967,2.757,2.586,1.118,1.968,60.473,4.315,1.193,2.673,3.506,1.666,1.405,2.486,3.605,4.431,2.928,2.133,2.275,0.621,1.851,3.215,3.145
47,34.261,32.075,56.779,59.389,2.366,4.251,3.958,5.458,1.251,1.341,2.070,1.940,2.834,3.196,2.506,2.319,0.941,1.912,0.690,3.902,3.318,0.457,1.974,2.098,3.363,1.778,2.722,1.616,3.229,2.708,5.057,3.022,3.002,1.139,3.159,4.422,58.696,3.530,2.108,3.988,4.160,1.874,4.490,2.048,2.245,3.507,2.835,3.966,3.048,2.094,2.468,2.553,2.281,1.313,2.529,2.576,0.764,1.733,60.159,3.600,0,2.893,3.787,1.888,3.195,4.255,3.626,5.061,2.445,1.502,2.874,2.469,3.440,3.012,1.472,0.722,3.594,2.470,59.431,4.135,1.121,2.866,4.366,59.864,0.715,2.975,5.566,0.536,3.175,2.943,2.068,2.222,0.972,0.928,2.444,3.469,3.268,4.309,1.810,0.992
48,31.709,31.663,55.210,57.730,0.669,1.722,1.783,2.957,1.963,2.583,0.832,2.200,0.805,1.279,0.411,1.233,3.307,1.954,2.448,2.143,0.556,2.440,1.761,1.186,0.651,1.579,0.194,1.367,0.613,0.491,2.346,0.383,1.075,1.831,1.305,1.630,57.027,0.953,1.870,1.314,2.119,1.083,2.062,1.107,0.653,1.033,0.227,3.063,0.779,1.507,2.615,0.991,1.374,2.309,2.178,0.693,2.315,2.184,58.471,2.492,2.893,0,0.903,1.128,0.741,1.464,1.104,2.947,1.353,1.623,1.381,1.023,2.428,2.220,1.481,2.347,0.945,1.262,57.752,1.251,2.616,1.412,1.810,58.235,3.446,1.303,3.018,2.455,0.884,1.088,0.827,1.424,3.857,1.970,0.591,0.664,1.871,1.811,1.335,3.200
76,31.006,31.730,54.870,57.358,1.536,1.159,1.504,2.255,2.785,3.451,1.735,2.997,1.242,1.658,1.310,1.858,4.205,2.761,3.351,2.028,0.718,3.332,2.432,1.915,0.570,2.434,1.065,2.221,0.909,1.151,1.542,0.936,1.350,2.700,1.475,1.021,56.651,0.722,2.643,0.713,1.836,1.940,1.513,1.968,1.555,0.861,1.023,3.155,1.051,2.171,3.141,1.557,1.990,3.090,2.665,1.464,3.178,2.887,58.088,2.612,3.787,0.903,0,1.960,0.875,0.895,0.822,2.478,1.903,2.445,1.930,1.768,2.603,2.539,2.347,3.250,0.617,1.815,57.373,0.349,3.416,1.756,1.201,57.873,4.348,1.587,2.284,3.358,1.031,1.403,1.719,2.198,4.755,2.861,1.382,0.399,2.038,1.255,2.211,4.026
88,32.826,32.190,56.114,58.660,0.927,2.375,2.145,3.604,0.835,2.030,0.561,1.973,0.957,2.009,0.853,0.608,2.501,1.745,1.619,2.226,1.656,1.432,0.809,0.349,1.487,1.291,0.935,0.272,1.644,0.830,3.169,1.395,1.166,0.756,1.367,2.757,57.959,1.642,1.787,2.101,2.399,0.117,2.636,1.014,0.627,1.623,1.168,2.724,1.164,0.639,1.756,0.720,0.674,1.189,1.436,1.193,1.222,1.135,59.409,2.205,1.888,1.128,1.960,0,1.307,2.589,1.741,3.312,0.796,0.495,1.884,1.345,2.078,1.716,0.417,1.510,1.708,0.764,58.687,2.301,1.489,1.169,2.488,59.157,2.527,1.213,3.703,1.553,1.295,1.117,0.424,1.482,2.858,0.974,0.579,1.609,1.677,2.439,1.028,2.075
